DA1 1AA
DA10 0AA
DA11 0AA
DA12 1AA
DA13 0AA
DA14 4AA
DA15 0BQ
DA16 1AA
DA17 5AA
DA18 4AA
DA2 6AA
DA3 7AA
DA4 0AA
DA5 1AA
DA6 7AA
DA7 4AA
DA8 1AB
DA9 9AA
