"BL0 0AA",10,379448,416851,"E92000001","E19000001","E18000002","","E08000002","E05000681"
"BL0 0AB",10,379442,416877,"E92000001","E19000001","E18000002","","E08000002","E05000681"
"BL0 0AD",10,379389,417007,"E92000001","E19000001","E18000002","","E08000002","E05000681"
"BL0 0AE",10,379408,417127,"E92000001","E19000001","E18000002","","E08000002","E05000681"
"BL0 0AF",50,379518,416965,"E92000001","E19000001","E18000002","","E08000002","E05000681"
"BL0 0AG",10,379627,416803,"E92000001","E19000001","E18000002","","E08000002","E05000681"
"BL0 0AH",10,379409,417016,"E92000001","E19000001","E18000002","","E08000002","E05000681"
"BL0 0AJ",10,380016,416818,"E92000001","E19000001","E18000002","","E08000002","E05000681"
"BL0 0AL",10,379602,416838,"E92000001","E19000001","E18000002","","E08000002","E05000681"
"BL0 0AN",10,379731,416504,"E92000001","E19000001","E18000002","","E08000002","E05000681"
"BL0 0AP",10,379651,416748,"E92000001","E19000001","E18000002","","E08000002","E05000681"
"BL0 0AQ",10,379643,416775,"E92000001","E19000001","E18000002","","E08000002","E05000681"
"BL0 0AR",10,379642,416704,"E92000001","E19000001","E18000002","","E08000002","E05000681"
"BL0 0AS",10,379665,416514,"E92000001","E19000001","E18000002","","E08000002","E05000681"
"BL0 0AT",10,379711,416721,"E92000001","E19000001","E18000002","","E08000002","E05000681"
"BL0 0AU",10,379748,416801,"E92000001","E19000001","E18000002","","E08000002","E05000681"
"BL0 0AW",10,379765,416507,"E92000001","E19000001","E18000002","","E08000002","E05000681"
"BL0 0AX",10,379954,416811,"E92000001","E19000001","E18000002","","E08000002","E05000681"
"BL0 0AY",10,379918,416836,"E92000001","E19000001","E18000002","","E08000002","E05000681"
"BL0 0AZ",10,379729,416831,"E92000001","E19000001","E18000002","","E08000002","E05000681"
"BL0 0BA",10,379630,416952,"E92000001","E19000001","E18000002","","E08000002","E05000681"
"BL0 0BB",10,379570,417180,"E92000001","E19000001","E18000002","","E08000002","E05000681"
"BL0 0BD",10,379705,417102,"E92000001","E19000001","E18000002","","E08000002","E05000681"
"BL0 0BE",10,379790,417112,"E92000001","E19000001","E18000002","","E08000002","E05000681"
"BL0 0BG",10,379673,417104,"E92000001","E19000001","E18000002","","E08000002","E05000681"
"BL0 0BH",10,379741,416966,"E92000001","E19000001","E18000002","","E08000002","E05000681"
"BL0 0BJ",10,379658,416869,"E92000001","E19000001","E18000002","","E08000002","E05000681"
"BL0 0BL",10,379940,416906,"E92000001","E19000001","E18000002","","E08000002","E05000681"
"BL0 0BN",10,379653,416921,"E92000001","E19000001","E18000002","","E08000002","E05000681"
"BL0 0BP",10,380098,419027,"E92000001","E19000001","E18000002","E10000017","E07000125","E05005317"
"BL0 0BQ",10,379716,417250,"E92000001","E19000001","E18000002","","E08000002","E05000681"
"BL0 0BS",10,379375,416641,"E92000001","E19000001","E18000002","","E08000002","E05000681"
"BL0 0BT",10,379581,416775,"E92000001","E19000001","E18000002","","E08000002","E05000681"
"BL0 0BY",10,379804,416590,"E92000001","E19000001","E18000002","","E08000002","E05000681"
"BL0 0BZ",10,379917,416604,"E92000001","E19000001","E18000002","","E08000002","E05000681"
"BL0 0DA",10,379899,416526,"E92000001","E19000001","E18000002","","E08000002","E05000681"
"BL0 0DB",10,379950,416503,"E92000001","E19000001","E18000002","","E08000002","E05000681"
"BL0 0DD",10,380173,416654,"E92000001","E19000001","E18000002","","E08000002","E05000681"
"BL0 0DE",10,380031,416996,"E92000001","E19000001","E18000002","","E08000002","E05000681"
"BL0 0DF",10,380013,417085,"E92000001","E19000001","E18000002","","E08000002","E05000681"
"BL0 0DG",10,379991,417367,"E92000001","E19000001","E18000002","","E08000002","E05000681"
"BL0 0DH",10,380022,416746,"E92000001","E19000001","E18000002","","E08000002","E05000681"
"BL0 0DL",10,380005,416875,"E92000001","E19000001","E18000002","","E08000002","E05000681"
"BL0 0DN",10,380029,417450,"E92000001","E19000001","E18000002","","E08000002","E05000681"
"BL0 0DP",10,379990,417102,"E92000001","E19000001","E18000002","","E08000002","E05000681"
"BL0 0DQ",10,380198,417540,"E92000001","E19000001","E18000002","","E08000002","E05000681"
"BL0 0DR",10,379971,417282,"E92000001","E19000001","E18000002","","E08000002","E05000681"
"BL0 0DS",10,379964,417368,"E92000001","E19000001","E18000002","","E08000002","E05000681"
"BL0 0DU",10,379686,417380,"E92000001","E19000001","E18000002","","E08000002","E05000681"
"BL0 0DW",10,380059,417370,"E92000001","E19000001","E18000002","","E08000002","E05000681"
"BL0 0DX",10,380034,417434,"E92000001","E19000001","E18000002","","E08000002","E05000681"
"BL0 0DY",10,379934,419152,"E92000001","E19000001","E18000002","E10000017","E07000125","E05005317"
"BL0 0DZ",10,380088,417467,"E92000001","E19000001","E18000002","","E08000002","E05000681"
"BL0 0EA",10,380074,417440,"E92000001","E19000001","E18000002","","E08000002","E05000681"
"BL0 0EB",10,379918,418804,"E92000001","E19000001","E18000002","E10000017","E07000125","E05005317"
"BL0 0ED",10,380014,417646,"E92000001","E19000001","E18000002","","E08000002","E05000681"
"BL0 0EE",10,380088,417645,"E92000001","E19000001","E18000002","","E08000002","E05000681"
"BL0 0EF",10,380051,417699,"E92000001","E19000001","E18000002","","E08000002","E05000681"
"BL0 0EG",10,380053,418231,"E92000001","E19000001","E18000002","","E08000002","E05000681"
"BL0 0EH",10,380062,417751,"E92000001","E19000001","E18000002","","E08000002","E05000681"
"BL0 0EJ",10,380005,417756,"E92000001","E19000001","E18000002","","E08000002","E05000681"
"BL0 0EL",10,380076,417681,"E92000001","E19000001","E18000002","","E08000002","E05000681"
"BL0 0EN",10,380009,418846,"E92000001","E19000001","E18000002","E10000017","E07000125","E05005317"
"BL0 0EP",10,380072,417884,"E92000001","E19000001","E18000002","","E08000002","E05000681"
"BL0 0EQ",10,380144,418386,"E92000001","E19000001","E18000002","","E08000002","E05000681"
"BL0 0ER",10,380024,417991,"E92000001","E19000001","E18000002","","E08000002","E05000681"
"BL0 0ES",10,380046,418555,"E92000001","E19000001","E18000002","","E08000002","E05000681"
"BL0 0ET",10,379980,418857,"E92000001","E19000001","E18000002","E10000017","E07000125","E05005317"
"BL0 0EU",10,379966,418847,"E92000001","E19000001","E18000002","E10000017","E07000125","E05005317"
"BL0 0EW",10,380055,418944,"E92000001","E19000001","E18000002","E10000017","E07000125","E05005317"
"BL0 0EX",10,379570,418291,"E92000001","E19000001","E18000002","E10000017","E07000125","E05005317"
"BL0 0EY",10,380003,418984,"E92000001","E19000001","E18000002","E10000017","E07000125","E05005317"
"BL0 0EZ",10,379877,418915,"E92000001","E19000001","E18000002","E10000017","E07000125","E05005317"
"BL0 0GF",10,379887,419968,"E92000001","E19000001","E18000002","E10000017","E07000125","E05005317"
"BL0 0GH",10,379659,420313,"E92000001","E19000001","E18000002","E10000017","E07000125","E05005317"
"BL0 0GL",10,379919,419896,"E92000001","E19000001","E18000002","E10000017","E07000125","E05005317"
"BL0 0GQ",10,381614,420579,"E92000001","E19000001","E18000002","E10000017","E07000125","E05005317"
"BL0 0GX",10,380072,419197,"E92000001","E19000001","E18000002","E10000017","E07000125","E05005317"
"BL0 0GY",10,379892,420021,"E92000001","E19000001","E18000002","E10000017","E07000125","E05005317"
"BL0 0GZ",10,379910,420197,"E92000001","E19000001","E18000002","E10000017","E07000125","E05005317"
"BL0 0HA",10,379933,418920,"E92000001","E19000001","E18000002","E10000017","E07000125","E05005317"
"BL0 0HB",10,379860,418853,"E92000001","E19000001","E18000002","E10000017","E07000125","E05005317"
"BL0 0HD",10,380065,417114,"E92000001","E19000001","E18000002","","E08000002","E05000681"
"BL0 0HE",10,379987,419052,"E92000001","E19000001","E18000002","E10000017","E07000125","E05005317"
"BL0 0HF",10,379904,418852,"E92000001","E19000001","E18000002","E10000017","E07000125","E05005317"
"BL0 0HG",10,380000,419316,"E92000001","E19000001","E18000002","E10000017","E07000125","E05005317"
"BL0 0HH",10,380153,417525,"E92000001","E19000001","E18000002","","E08000002","E05000681"
"BL0 0HJ",10,379878,419724,"E92000001","E19000001","E18000002","E10000017","E07000125","E05005317"
"BL0 0HL",10,379907,419842,"E92000001","E19000001","E18000002","E10000017","E07000125","E05005317"
"BL0 0HN",10,379946,420075,"E92000001","E19000001","E18000002","E10000017","E07000125","E05005317"
"BL0 0HQ",10,379830,419619,"E92000001","E19000001","E18000002","E10000017","E07000125","E05005317"
"BL0 0HR",10,379886,420054,"E92000001","E19000001","E18000002","E10000017","E07000125","E05005317"
"BL0 0HS",10,379861,419906,"E92000001","E19000001","E18000002","E10000017","E07000125","E05005317"
"BL0 0HT",10,379859,420063,"E92000001","E19000001","E18000002","E10000017","E07000125","E05005317"
"BL0 0HU",10,380057,419981,"E92000001","E19000001","E18000002","E10000017","E07000125","E05005317"
"BL0 0HW",10,379941,420266,"E92000001","E19000001","E18000002","E10000017","E07000125","E05005317"
"BL0 0HX",10,379923,420346,"E92000001","E19000001","E18000002","E10000017","E07000125","E05005317"
"BL0 0HY",10,379904,420401,"E92000001","E19000001","E18000002","E10000017","E07000125","E05005317"
"BL0 0HZ",10,379877,420256,"E92000001","E19000001","E18000002","E10000017","E07000125","E05005317"
"BL0 0JA",10,379876,420114,"E92000001","E19000001","E18000002","E10000017","E07000125","E05005317"
"BL0 0JD",10,379821,420069,"E92000001","E19000001","E18000002","E10000017","E07000125","E05005317"
"BL0 0JE",10,379917,419802,"E92000001","E19000001","E18000002","E10000017","E07000125","E05005317"
"BL0 0JF",10,379912,419716,"E92000001","E19000001","E18000002","E10000017","E07000125","E05005317"
"BL0 0JG",10,379836,419493,"E92000001","E19000001","E18000002","E10000017","E07000125","E05005317"
"BL0 0JH",10,379809,419711,"E92000001","E19000001","E18000002","E10000017","E07000125","E05005317"
"BL0 0JJ",10,379891,419595,"E92000001","E19000001","E18000002","E10000017","E07000125","E05005317"
"BL0 0JL",10,379923,419517,"E92000001","E19000001","E18000002","E10000017","E07000125","E05005317"
"BL0 0JN",10,379973,419287,"E92000001","E19000001","E18000002","E10000017","E07000125","E05005317"
"BL0 0JP",10,380025,419237,"E92000001","E19000001","E18000002","E10000017","E07000125","E05005317"
"BL0 0JQ",10,379925,419331,"E92000001","E19000001","E18000002","E10000017","E07000125","E05005317"
"BL0 0JR",10,380030,419239,"E92000001","E19000001","E18000002","E10000017","E07000125","E05005317"
"BL0 0JS",10,379996,419196,"E92000001","E19000001","E18000002","E10000017","E07000125","E05005317"
"BL0 0JT",10,380072,419093,"E92000001","E19000001","E18000002","E10000017","E07000125","E05005317"
"BL0 0JU",10,380068,419143,"E92000001","E19000001","E18000002","E10000017","E07000125","E05005317"
"BL0 0JW",10,380062,419289,"E92000001","E19000001","E18000002","E10000017","E07000125","E05005317"
"BL0 0JX",10,380004,419127,"E92000001","E19000001","E18000002","E10000017","E07000125","E05005317"
"BL0 0JY",10,379944,419076,"E92000001","E19000001","E18000002","E10000017","E07000125","E05005317"
"BL0 0JZ",10,379968,419201,"E92000001","E19000001","E18000002","E10000017","E07000125","E05005317"
"BL0 0LA",10,379920,419218,"E92000001","E19000001","E18000002","E10000017","E07000125","E05005317"
"BL0 0LB",10,379884,419085,"E92000001","E19000001","E18000002","E10000017","E07000125","E05005317"
"BL0 0LD",10,379774,419064,"E92000001","E19000001","E18000002","E10000017","E07000125","E05005317"
"BL0 0LE",10,379937,418999,"E92000001","E19000001","E18000002","E10000017","E07000125","E05005317"
"BL0 0LF",10,379841,418976,"E92000001","E19000001","E18000002","E10000017","E07000125","E05005317"
"BL0 0LG",10,379772,418925,"E92000001","E19000001","E18000002","E10000017","E07000125","E05005317"
"BL0 0LH",10,380098,418939,"E92000001","E19000001","E18000002","E10000017","E07000125","E05005317"
"BL0 0LJ",10,379903,419281,"E92000001","E19000001","E18000002","E10000017","E07000125","E05005317"
"BL0 0LL",10,379868,418757,"E92000001","E19000001","E18000002","E10000017","E07000125","E05005317"
"BL0 0LN",10,379760,418706,"E92000001","E19000001","E18000002","E10000017","E07000125","E05005317"
"BL0 0LP",10,379740,418908,"E92000001","E19000001","E18000002","E10000017","E07000125","E05005317"
"BL0 0LQ",10,379781,419013,"E92000001","E19000001","E18000002","E10000017","E07000125","E05005317"
"BL0 0LR",10,379647,418870,"E92000001","E19000001","E18000002","E10000017","E07000125","E05005317"
"BL0 0LS",10,379723,418828,"E92000001","E19000001","E18000002","E10000017","E07000125","E05005317"
"BL0 0LT",10,379717,418786,"E92000001","E19000001","E18000002","E10000017","E07000125","E05005317"
"BL0 0LU",10,379640,418749,"E92000001","E19000001","E18000002","E10000017","E07000125","E05005317"
"BL0 0LW",10,379769,418609,"E92000001","E19000001","E18000002","E10000017","E07000125","E05005317"
"BL0 0LX",10,379797,418717,"E92000001","E19000001","E18000002","E10000017","E07000125","E05005317"
"BL0 0LY",10,379570,418538,"E92000001","E19000001","E18000002","E10000017","E07000125","E05005317"
"BL0 0LZ",10,379449,418590,"E92000001","E19000001","E18000002","E10000017","E07000125","E05005317"
"BL0 0NA",10,379464,418308,"E92000001","E19000001","E18000002","E10000017","E07000125","E05005317"
"BL0 0NB",10,379409,418228,"E92000001","E19000001","E18000002","E10000017","E07000125","E05005317"
"BL0 0ND",10,379627,418058,"E92000001","E19000001","E18000002","","E08000002","E05000681"
"BL0 0NE",10,379248,417882,"E92000001","E19000001","E18000002","E10000017","E07000125","E05005317"
"BL0 0NF",10,379322,418020,"E92000001","E19000001","E18000002","E10000017","E07000125","E05005317"
"BL0 0NG",10,379260,418026,"E92000001","E19000001","E18000002","E10000017","E07000125","E05005317"
"BL0 0NH",10,379053,417911,"E92000001","E19000001","E18000002","E10000017","E07000125","E05005317"
"BL0 0NJ",10,379136,418011,"E92000001","E19000001","E18000002","E10000017","E07000125","E05005317"
"BL0 0NL",10,379045,418051,"E92000001","E19000001","E18000002","E10000017","E07000125","E05005317"
"BL0 0NN",10,378970,418073,"E92000001","E19000001","E18000002","E10000017","E07000125","E05005317"
"BL0 0NP",10,378852,418552,"E92000001","E19000001","E18000002","E10000017","E07000125","E05005317"
"BL0 0NQ",10,379253,418109,"E92000001","E19000001","E18000002","E10000017","E07000125","E05005317"
"BL0 0NR",10,378951,418486,"E92000001","E19000001","E18000002","E10000017","E07000125","E05005317"
"BL0 0NS",10,378996,418375,"E92000001","E19000001","E18000002","E10000017","E07000125","E05005317"
"BL0 0NT",10,379053,418251,"E92000001","E19000001","E18000002","E10000017","E07000125","E05005317"
"BL0 0NU",10,378985,418723,"E92000001","E19000001","E18000002","E10000017","E07000125","E05005317"
"BL0 0NW",10,378995,418109,"E92000001","E19000001","E18000002","E10000017","E07000125","E05005317"
"BL0 0NX",10,379052,418693,"E92000001","E19000001","E18000002","E10000017","E07000125","E05005317"
"BL0 0NY",10,379075,418685,"E92000001","E19000001","E18000002","E10000017","E07000125","E05005317"
"BL0 0NZ",10,379125,418727,"E92000001","E19000001","E18000002","E10000017","E07000125","E05005317"
"BL0 0PA",10,379146,418775,"E92000001","E19000001","E18000002","E10000017","E07000125","E05005317"
"BL0 0PB",10,379176,418813,"E92000001","E19000001","E18000002","E10000017","E07000125","E05005317"
"BL0 0PD",10,379305,418680,"E92000001","E19000001","E18000002","E10000017","E07000125","E05005317"
"BL0 0PE",10,379304,418657,"E92000001","E19000001","E18000002","E10000017","E07000125","E05005317"
"BL0 0PF",10,379296,418660,"E92000001","E19000001","E18000002","E10000017","E07000125","E05005317"
"BL0 0PG",10,379302,418607,"E92000001","E19000001","E18000002","E10000017","E07000125","E05005317"
"BL0 0PJ",10,379184,418116,"E92000001","E19000001","E18000002","E10000017","E07000125","E05005317"
"BL0 0PL",10,379253,418081,"E92000001","E19000001","E18000002","E10000017","E07000125","E05005317"
"BL0 0PN",10,379203,418088,"E92000001","E19000001","E18000002","E10000017","E07000125","E05005317"
"BL0 0PP",10,379162,417376,"E92000001","E19000001","E18000002","","E08000002","E05000681"
"BL0 0PQ",10,379309,418421,"E92000001","E19000001","E18000002","E10000017","E07000125","E05005317"
"BL0 0PR",10,379163,417553,"E92000001","E19000001","E18000002","","E08000002","E05000681"
"BL0 0PS",10,379202,417556,"E92000001","E19000001","E18000002","","E08000002","E05000681"
"BL0 0PT",10,379211,417291,"E92000001","E19000001","E18000002","","E08000002","E05000681"
"BL0 0PU",10,379164,417301,"E92000001","E19000001","E18000002","","E08000002","E05000681"
"BL0 0PW",10,379204,418033,"E92000001","E19000001","E18000002","E10000017","E07000125","E05005317"
"BL0 0PX",10,379229,417425,"E92000001","E19000001","E18000002","","E08000002","E05000681"
"BL0 0PY",10,379492,418205,"E92000001","E19000001","E18000002","E10000017","E07000125","E05005317"
"BL0 0PZ",10,379704,418729,"E92000001","E19000001","E18000002","E10000017","E07000125","E05005317"
"BL0 0QA",10,379086,420149,"E92000001","E19000001","E18000002","E10000017","E07000125","E05005317"
"BL0 0QB",10,379121,419997,"E92000001","E19000001","E18000002","E10000017","E07000125","E05005317"
"BL0 0QD",10,379860,419868,"E92000001","E19000001","E18000002","E10000017","E07000125","E05005317"
"BL0 0QE",10,379574,420137,"E92000001","E19000001","E18000002","E10000017","E07000125","E05005317"
"BL0 0QF",10,379319,420184,"E92000001","E19000001","E18000002","E10000017","E07000125","E05005317"
"BL0 0QG",10,379145,420271,"E92000001","E19000001","E18000002","E10000017","E07000125","E05005317"
"BL0 0QH",10,379590,419183,"E92000001","E19000001","E18000002","E10000017","E07000125","E05005317"
"BL0 0QJ",10,379017,419318,"E92000001","E19000001","E18000002","E10000017","E07000125","E05005317"
"BL0 0QL",10,379494,419635,"E92000001","E19000001","E18000002","E10000017","E07000125","E05005317"
"BL0 0QN",10,379241,420190,"E92000001","E19000001","E18000002","E10000017","E07000125","E05005317"
"BL0 0QP",10,379061,420230,"E92000001","E19000001","E18000002","E10000017","E07000125","E05005317"
"BL0 0QQ",10,379139,420235,"E92000001","E19000001","E18000002","E10000017","E07000125","E05005317"
"BL0 0QR",10,378888,419761,"E92000001","E19000001","E18000002","E10000017","E07000125","E05005317"
"BL0 0QS",10,378860,419679,"E92000001","E19000001","E18000002","E10000017","E07000125","E05005317"
"BL0 0QT",10,380342,420221,"E92000001","E19000001","E18000002","E10000017","E07000125","E05005317"
"BL0 0QU",10,380266,419958,"E92000001","E19000001","E18000002","E10000017","E07000125","E05005317"
"BL0 0QW",10,379224,420189,"E92000001","E19000001","E18000002","E10000017","E07000125","E05005317"
"BL0 0QX",10,380361,419508,"E92000001","E19000001","E18000002","E10000017","E07000125","E05005317"
"BL0 0QY",10,380796,419678,"E92000001","E19000001","E18000002","E10000017","E07000125","E05005317"
"BL0 0RA",10,380279,419083,"E92000001","E19000001","E18000002","E10000017","E07000125","E05005317"
"BL0 0RB",10,380335,419088,"E92000001","E19000001","E18000002","E10000017","E07000125","E05005317"
"BL0 0RD",10,380570,418925,"E92000001","E19000001","E18000002","E10000017","E07000125","E05005317"
"BL0 0RE",10,380302,419022,"E92000001","E19000001","E18000002","E10000017","E07000125","E05005317"
"BL0 0RF",10,380383,418956,"E92000001","E19000001","E18000002","E10000017","E07000125","E05005317"
"BL0 0RG",10,380681,418644,"E92000001","E19000001","E18000002","E10000017","E07000125","E05005317"
"BL0 0RH",10,380218,418992,"E92000001","E19000001","E18000002","E10000017","E07000125","E05005317"
"BL0 0RJ",10,380391,418830,"E92000001","E19000001","E18000002","","E08000002","E05000681"
"BL0 0RL",10,381451,417847,"E92000001","E19000001","E18000002","E10000017","E07000125","E05005317"
"BL0 0RN",10,381104,418189,"E92000001","E19000001","E18000002","E10000017","E07000125","E05005317"
"BL0 0RP",10,381975,417661,"E92000001","E19000001","E18000002","E10000017","E07000125","E05005317"
"BL0 0RQ",10,381066,418795,"E92000001","E19000001","E18000002","E10000017","E07000125","E05005317"
"BL0 0RR",10,381821,417154,"E92000001","E19000001","E18000002","E10000017","E07000125","E05005317"
"BL0 0RS",10,381990,416407,"E92000001","E19000001","E18000002","E10000017","E07000125","E05005317"
"BL0 0RT",10,381361,417293,"E92000001","E19000001","E18000002","E10000017","E07000125","E05005317"
"BL0 0RU",10,380949,418225,"E92000001","E19000001","E18000002","E10000017","E07000125","E05005317"
"BL0 0RW",10,381156,418022,"E92000001","E19000001","E18000002","E10000017","E07000125","E05005317"
"BL0 0RX",10,380628,418087,"E92000001","E19000001","E18000002","","E08000002","E05000681"
"BL0 0RY",10,380559,417574,"E92000001","E19000001","E18000002","E10000017","E07000125","E05005317"
"BL0 0RZ",10,380542,418580,"E92000001","E19000001","E18000002","","E08000002","E05000681"
"BL0 0SA",10,379294,418024,"E92000001","E19000001","E18000002","E10000017","E07000125","E05005317"
"BL0 0SD",10,379572,418504,"E92000001","E19000001","E18000002","E10000017","E07000125","E05005317"
"BL0 0SG",10,379830,418648,"E92000001","E19000001","E18000002","E10000017","E07000125","E05005317"
"BL0 0SY",10,381117,417898,"E92000001","E19000001","E18000002","E10000017","E07000125","E05005317"
"BL0 0SZ",10,378867,419706,"E92000001","E19000001","E18000002","E10000017","E07000125","E05005317"
"BL0 0TA",10,378965,418017,"E92000001","E19000001","E18000002","E10000017","E07000125","E05005317"
"BL0 0WY",10,379565,410717,"E92000001","E19000001","E18000002","","E08000002","E05000671"
"BL0 0XB",10,379565,410717,"E92000001","E19000001","E18000002","","E08000002","E05000671"
"BL0 9AA",10,379168,416796,"E92000001","E19000001","E18000002","","E08000002","E05000681"
"BL0 9AB",10,379275,416876,"E92000001","E19000001","E18000002","","E08000002","E05000681"
"BL0 9AD",10,379107,416944,"E92000001","E19000001","E18000002","","E08000002","E05000681"
"BL0 9AE",10,378988,417006,"E92000001","E19000001","E18000002","","E08000002","E05000681"
"BL0 9AF",10,378986,416911,"E92000001","E19000001","E18000002","","E08000002","E05000681"
"BL0 9AG",10,379085,416933,"E92000001","E19000001","E18000002","","E08000002","E05000681"
"BL0 9AH",10,378801,417029,"E92000001","E19000001","E18000002","","E08000002","E05000681"
"BL0 9AJ",10,379061,417016,"E92000001","E19000001","E18000002","","E08000002","E05000681"
"BL0 9AL",10,379253,416736,"E92000001","E19000001","E18000002","","E08000002","E05000681"
"BL0 9AN",10,379180,416846,"E92000001","E19000001","E18000002","","E08000002","E05000681"
"BL0 9AP",10,379210,415528,"E92000001","E19000001","E18000002","","E08000002","E05000681"
"BL0 9AQ",10,379191,416884,"E92000001","E19000001","E18000002","","E08000002","E05000681"
"BL0 9AS",10,379212,416782,"E92000001","E19000001","E18000002","","E08000002","E05000681"
"BL0 9AT",10,379063,416894,"E92000001","E19000001","E18000002","","E08000002","E05000681"
"BL0 9AU",10,379192,416302,"E92000001","E19000001","E18000002","","E08000002","E05000681"
"BL0 9AW",10,379045,416644,"E92000001","E19000001","E18000002","","E08000002","E05000681"
"BL0 9AX",10,379094,416517,"E92000001","E19000001","E18000002","","E08000002","E05000681"
"BL0 9AY",10,379083,416642,"E92000001","E19000001","E18000002","","E08000002","E05000681"
"BL0 9AZ",10,379178,416673,"E92000001","E19000001","E18000002","","E08000002","E05000681"
"BL0 9BA",10,379101,416892,"E92000001","E19000001","E18000002","","E08000002","E05000681"
"BL0 9BB",10,379085,416792,"E92000001","E19000001","E18000002","","E08000002","E05000681"
"BL0 9BD",10,379091,416745,"E92000001","E19000001","E18000002","","E08000002","E05000681"
"BL0 9BE",10,379084,416811,"E92000001","E19000001","E18000002","","E08000002","E05000681"
"BL0 9BG",10,379260,416954,"E92000001","E19000001","E18000002","","E08000002","E05000681"
"BL0 9BH",10,379065,416824,"E92000001","E19000001","E18000002","","E08000002","E05000681"
"BL0 9BJ",10,379101,416875,"E92000001","E19000001","E18000002","","E08000002","E05000681"
"BL0 9BL",10,379084,416892,"E92000001","E19000001","E18000002","","E08000002","E05000681"
"BL0 9BN",10,379252,416979,"E92000001","E19000001","E18000002","","E08000002","E05000681"
"BL0 9BP",10,379237,416934,"E92000001","E19000001","E18000002","","E08000002","E05000681"
"BL0 9BQ",10,379267,416911,"E92000001","E19000001","E18000002","","E08000002","E05000681"
"BL0 9BR",10,379177,417023,"E92000001","E19000001","E18000002","","E08000002","E05000681"
"BL0 9BS",10,379134,416994,"E92000001","E19000001","E18000002","","E08000002","E05000681"
"BL0 9BT",10,379166,417137,"E92000001","E19000001","E18000002","","E08000002","E05000681"
"BL0 9BU",10,379125,417237,"E92000001","E19000001","E18000002","","E08000002","E05000681"
"BL0 9BW",10,379222,417002,"E92000001","E19000001","E18000002","","E08000002","E05000681"
"BL0 9BX",10,379094,417379,"E92000001","E19000001","E18000002","","E08000002","E05000681"
"BL0 9BY",10,379103,417177,"E92000001","E19000001","E18000002","","E08000002","E05000681"
"BL0 9BZ",10,379210,416871,"E92000001","E19000001","E18000002","","E08000002","E05000681"
"BL0 9DA",10,379059,417345,"E92000001","E19000001","E18000002","","E08000002","E05000681"
"BL0 9DB",10,379129,416526,"E92000001","E19000001","E18000002","","E08000002","E05000681"
"BL0 9DD",10,378992,416967,"E92000001","E19000001","E18000002","","E08000002","E05000681"
"BL0 9DE",10,379053,415830,"E92000001","E19000001","E18000002","","E08000002","E05000681"
"BL0 9DF",10,379083,415700,"E92000001","E19000001","E18000002","","E08000002","E05000681"
"BL0 9DG",10,378899,417266,"E92000001","E19000001","E18000002","","E08000002","E05000681"
"BL0 9DJ",10,379088,417040,"E92000001","E19000001","E18000002","","E08000002","E05000681"
"BL0 9DN",10,378849,417222,"E92000001","E19000001","E18000002","","E08000002","E05000681"
"BL0 9DP",10,378798,417389,"E92000001","E19000001","E18000002","","E08000002","E05000681"
"BL0 9DQ",10,378891,417327,"E92000001","E19000001","E18000002","","E08000002","E05000681"
"BL0 9DR",10,378599,417541,"E92000001","E19000001","E18000002","","E08000002","E05000681"
"BL0 9DS",10,378725,417318,"E92000001","E19000001","E18000002","","E08000002","E05000681"
"BL0 9DT",10,378834,417103,"E92000001","E19000001","E18000002","","E08000002","E05000681"
"BL0 9DU",10,378877,417001,"E92000001","E19000001","E18000002","","E08000002","E05000681"
"BL0 9DW",10,378935,417184,"E92000001","E19000001","E18000002","","E08000002","E05000681"
"BL0 9DX",10,378944,416850,"E92000001","E19000001","E18000002","","E08000002","E05000681"
"BL0 9DY",10,378978,416902,"E92000001","E19000001","E18000002","","E08000002","E05000681"
"BL0 9DZ",10,379069,416771,"E92000001","E19000001","E18000002","","E08000002","E05000681"
"BL0 9EA",10,378945,416695,"E92000001","E19000001","E18000002","","E08000002","E05000681"
"BL0 9EB",10,378911,416704,"E92000001","E19000001","E18000002","","E08000002","E05000681"
"BL0 9ED",10,378861,416837,"E92000001","E19000001","E18000002","","E08000002","E05000681"
"BL0 9EE",10,378793,416940,"E92000001","E19000001","E18000002","","E08000002","E05000681"
"BL0 9EF",10,378806,416838,"E92000001","E19000001","E18000002","","E08000002","E05000681"
"BL0 9EG",10,378779,417067,"E92000001","E19000001","E18000002","","E08000002","E05000681"
"BL0 9EH",10,378677,416774,"E92000001","E19000001","E18000002","","E08000002","E05000681"
"BL0 9EJ",10,378778,416764,"E92000001","E19000001","E18000002","","E08000002","E05000681"
"BL0 9EL",10,378887,416847,"E92000001","E19000001","E18000002","","E08000002","E05000681"
"BL0 9EN",10,378715,417123,"E92000001","E19000001","E18000002","","E08000002","E05000681"
"BL0 9EP",10,378706,417092,"E92000001","E19000001","E18000002","","E08000002","E05000681"
"BL0 9EQ",10,378732,417099,"E92000001","E19000001","E18000002","","E08000002","E05000681"
"BL0 9ER",10,378681,417079,"E92000001","E19000001","E18000002","","E08000002","E05000681"
"BL0 9ES",10,378696,416904,"E92000001","E19000001","E18000002","","E08000002","E05000681"
"BL0 9ET",10,378655,416972,"E92000001","E19000001","E18000002","","E08000002","E05000681"
"BL0 9EU",10,378685,416981,"E92000001","E19000001","E18000002","","E08000002","E05000681"
"BL0 9EW",10,378697,417127,"E92000001","E19000001","E18000002","","E08000002","E05000681"
"BL0 9EX",10,378690,416951,"E92000001","E19000001","E18000002","","E08000002","E05000681"
"BL0 9EY",10,378716,416861,"E92000001","E19000001","E18000002","","E08000002","E05000681"
"BL0 9EZ",10,378733,416864,"E92000001","E19000001","E18000002","","E08000002","E05000681"
"BL0 9FB",10,378536,415923,"E92000001","E19000001","E18000002","","E08000002","E05000681"
"BL0 9FD",10,378675,415770,"E92000001","E19000001","E18000002","","E08000002","E05000681"
"BL0 9FE",10,378008,414944,"E92000001","E19000001","E18000002","","E08000002","E05000676"
"BL0 9FF",10,379034,416007,"E92000001","E19000001","E18000002","","E08000002","E05000681"
"BL0 9FG",10,378970,415990,"E92000001","E19000001","E18000002","","E08000002","E05000681"
"BL0 9FH",10,379278,415365,"E92000001","E19000001","E18000002","","E08000002","E05000681"
"BL0 9FJ",10,379355,415381,"E92000001","E19000001","E18000002","","E08000002","E05000681"
"BL0 9FL",10,378713,416606,"E92000001","E19000001","E18000002","","E08000002","E05000681"
"BL0 9FN",10,379125,416858,"E92000001","E19000001","E18000002","","E08000002","E05000681"
"BL0 9FQ",10,379245,415444,"E92000001","E19000001","E18000002","","E08000002","E05000681"
"BL0 9FS",50,379269,417033,"E92000001","E19000001","E18000002","","E08000002","E05000681"
"BL0 9FW",10,379271,417033,"E92000001","E19000001","E18000002","","E08000002","E05000681"
"BL0 9FY",10,378042,414999,"E92000001","E19000001","E18000002","","E08000002","E05000676"
"BL0 9FZ",10,379041,416839,"E92000001","E19000001","E18000002","","E08000002","E05000681"
"BL0 9GB",10,379157,416657,"E92000001","E19000001","E18000002","","E08000002","E05000681"
"BL0 9GG",10,379156,416610,"E92000001","E19000001","E18000002","","E08000002","E05000681"
"BL0 9GH",10,379205,417222,"E92000001","E19000001","E18000002","","E08000002","E05000681"
"BL0 9GL",10,378291,407421,"E92000001","E19000001","E18000002","","E08000002","E05000680"
"BL0 9GS",10,378989,416050,"E92000001","E19000001","E18000002","","E08000002","E05000681"
"BL0 9GX",10,378865,416188,"E92000001","E19000001","E18000002","","E08000002","E05000681"
"BL0 9GZ",10,379558,415814,"E92000001","E19000001","E18000002","","E08000002","E05000681"
"BL0 9HA",10,378626,416830,"E92000001","E19000001","E18000002","","E08000002","E05000681"
"BL0 9HB",10,378598,416850,"E92000001","E19000001","E18000002","","E08000002","E05000681"
"BL0 9HD",10,378598,416826,"E92000001","E19000001","E18000002","","E08000002","E05000681"
"BL0 9HE",10,378616,416819,"E92000001","E19000001","E18000002","","E08000002","E05000681"
"BL0 9HF",10,378529,416710,"E92000001","E19000001","E18000002","","E08000002","E05000681"
"BL0 9HG",10,378547,416515,"E92000001","E19000001","E18000002","","E08000002","E05000681"
"BL0 9HH",10,378542,416797,"E92000001","E19000001","E18000002","","E08000002","E05000681"
"BL0 9HJ",10,378595,416460,"E92000001","E19000001","E18000002","","E08000002","E05000681"
"BL0 9HL",10,378716,416406,"E92000001","E19000001","E18000002","","E08000002","E05000681"
"BL0 9HN",10,378494,416513,"E92000001","E19000001","E18000002","","E08000002","E05000681"
"BL0 9HP",10,378882,417391,"E92000001","E19000001","E18000002","","E08000002","E05000681"
"BL0 9HQ",10,378668,416922,"E92000001","E19000001","E18000002","","E08000002","E05000681"
"BL0 9HR",10,378923,416630,"E92000001","E19000001","E18000002","","E08000002","E05000681"
"BL0 9HS",10,378684,416325,"E92000001","E19000001","E18000002","","E08000002","E05000681"
"BL0 9HT",10,379080,416992,"E92000001","E19000001","E18000002","","E08000002","E05000681"
"BL0 9HU",10,379041,416833,"E92000001","E19000001","E18000002","","E08000002","E05000681"
"BL0 9HW",10,379285,415663,"E92000001","E19000001","E18000002","","E08000002","E05000681"
"BL0 9HX",10,379014,416771,"E92000001","E19000001","E18000002","","E08000002","E05000681"
"BL0 9HY",10,379033,416688,"E92000001","E19000001","E18000002","","E08000002","E05000681"
"BL0 9HZ",10,379045,416629,"E92000001","E19000001","E18000002","","E08000002","E05000681"
"BL0 9JA",10,378940,416547,"E92000001","E19000001","E18000002","","E08000002","E05000681"
"BL0 9JB",10,378981,416534,"E92000001","E19000001","E18000002","","E08000002","E05000681"
"BL0 9JD",10,378905,416429,"E92000001","E19000001","E18000002","","E08000002","E05000681"
"BL0 9JE",10,378835,416401,"E92000001","E19000001","E18000002","","E08000002","E05000681"
"BL0 9JF",10,378849,416469,"E92000001","E19000001","E18000002","","E08000002","E05000681"
"BL0 9JG",10,378844,416498,"E92000001","E19000001","E18000002","","E08000002","E05000681"
"BL0 9JH",10,378821,416552,"E92000001","E19000001","E18000002","","E08000002","E05000681"
"BL0 9JJ",10,378753,416498,"E92000001","E19000001","E18000002","","E08000002","E05000681"
"BL0 9JL",10,378690,416544,"E92000001","E19000001","E18000002","","E08000002","E05000681"
"BL0 9JN",10,378654,416548,"E92000001","E19000001","E18000002","","E08000002","E05000681"
"BL0 9JP",10,378880,416219,"E92000001","E19000001","E18000002","","E08000002","E05000681"
"BL0 9JQ",10,378891,416574,"E92000001","E19000001","E18000002","","E08000002","E05000681"
"BL0 9JR",10,378788,416249,"E92000001","E19000001","E18000002","","E08000002","E05000681"
"BL0 9JS",10,377900,415329,"E92000001","E19000001","E18000002","","E08000002","E05000681"
"BL0 9JT",10,378833,416240,"E92000001","E19000001","E18000002","","E08000002","E05000681"
"BL0 9JU",10,378785,416379,"E92000001","E19000001","E18000002","","E08000002","E05000681"
"BL0 9JW",10,378769,416423,"E92000001","E19000001","E18000002","","E08000002","E05000681"
"BL0 9JX",10,378905,416232,"E92000001","E19000001","E18000002","","E08000002","E05000681"
"BL0 9JY",10,378905,416170,"E92000001","E19000001","E18000002","","E08000002","E05000681"
"BL0 9JZ",10,378958,416135,"E92000001","E19000001","E18000002","","E08000002","E05000681"
"BL0 9LA",10,379150,416009,"E92000001","E19000001","E18000002","","E08000002","E05000681"
"BL0 9LB",10,379286,415896,"E92000001","E19000001","E18000002","","E08000002","E05000681"
"BL0 9LD",10,379377,415803,"E92000001","E19000001","E18000002","","E08000002","E05000681"
"BL0 9LE",10,379221,415881,"E92000001","E19000001","E18000002","","E08000002","E05000681"
"BL0 9LF",10,379160,415773,"E92000001","E19000001","E18000002","","E08000002","E05000681"
"BL0 9LG",10,379032,416112,"E92000001","E19000001","E18000002","","E08000002","E05000681"
"BL0 9LH",10,379150,415882,"E92000001","E19000001","E18000002","","E08000002","E05000681"
"BL0 9LJ",10,379195,415736,"E92000001","E19000001","E18000002","","E08000002","E05000681"
"BL0 9LL",10,379235,415788,"E92000001","E19000001","E18000002","","E08000002","E05000681"
"BL0 9LN",10,378961,416462,"E92000001","E19000001","E18000002","","E08000002","E05000681"
"BL0 9LP",10,378986,417119,"E92000001","E19000001","E18000002","","E08000002","E05000681"
"BL0 9LQ",10,379064,416137,"E92000001","E19000001","E18000002","","E08000002","E05000681"
"BL0 9LR",10,379667,416296,"E92000001","E19000001","E18000002","","E08000002","E05000681"
"BL0 9LS",10,379735,416375,"E92000001","E19000001","E18000002","","E08000002","E05000681"
"BL0 9LT",10,378943,416088,"E92000001","E19000001","E18000002","","E08000002","E05000681"
"BL0 9LU",10,379622,416305,"E92000001","E19000001","E18000002","","E08000002","E05000681"
"BL0 9LW",10,378925,416131,"E92000001","E19000001","E18000002","","E08000002","E05000681"
"BL0 9LX",10,379403,415662,"E92000001","E19000001","E18000002","","E08000002","E05000681"
"BL0 9LY",10,379405,415735,"E92000001","E19000001","E18000002","","E08000002","E05000681"
"BL0 9LZ",10,379356,415647,"E92000001","E19000001","E18000002","","E08000002","E05000681"
"BL0 9NA",10,378759,416256,"E92000001","E19000001","E18000002","","E08000002","E05000681"
"BL0 9NB",10,379061,416561,"E92000001","E19000001","E18000002","","E08000002","E05000681"
"BL0 9ND",10,378689,416214,"E92000001","E19000001","E18000002","","E08000002","E05000681"
"BL0 9NE",10,378818,416202,"E92000001","E19000001","E18000002","","E08000002","E05000681"
"BL0 9NG",10,378708,416311,"E92000001","E19000001","E18000002","","E08000002","E05000681"
"BL0 9NH",10,378747,416324,"E92000001","E19000001","E18000002","","E08000002","E05000681"
"BL0 9NJ",10,378513,416221,"E92000001","E19000001","E18000002","","E08000002","E05000681"
"BL0 9NL",10,378501,416110,"E92000001","E19000001","E18000002","","E08000002","E05000681"
"BL0 9NN",10,378584,416319,"E92000001","E19000001","E18000002","","E08000002","E05000681"
"BL0 9NP",10,378451,416128,"E92000001","E19000001","E18000002","","E08000002","E05000681"
"BL0 9NQ",10,378603,416216,"E92000001","E19000001","E18000002","","E08000002","E05000681"
"BL0 9NR",10,378482,416212,"E92000001","E19000001","E18000002","","E08000002","E05000681"
"BL0 9NS",10,378397,416143,"E92000001","E19000001","E18000002","","E08000002","E05000681"
"BL0 9NT",10,378467,416061,"E92000001","E19000001","E18000002","","E08000002","E05000681"
"BL0 9NU",10,378667,416134,"E92000001","E19000001","E18000002","","E08000002","E05000681"
"BL0 9NW",10,378604,416262,"E92000001","E19000001","E18000002","","E08000002","E05000681"
"BL0 9NX",10,378639,416095,"E92000001","E19000001","E18000002","","E08000002","E05000681"
"BL0 9NY",10,379051,415679,"E92000001","E19000001","E18000002","","E08000002","E05000681"
"BL0 9NZ",10,378572,416134,"E92000001","E19000001","E18000002","","E08000002","E05000681"
"BL0 9PA",10,378556,416144,"E92000001","E19000001","E18000002","","E08000002","E05000681"
"BL0 9PB",10,378571,416116,"E92000001","E19000001","E18000002","","E08000002","E05000681"
"BL0 9PD",10,378546,416027,"E92000001","E19000001","E18000002","","E08000002","E05000681"
"BL0 9PE",10,378409,415855,"E92000001","E19000001","E18000002","","E08000002","E05000681"
"BL0 9PF",10,378441,415985,"E92000001","E19000001","E18000002","","E08000002","E05000681"
"BL0 9PG",10,378389,415945,"E92000001","E19000001","E18000002","","E08000002","E05000681"
"BL0 9PH",10,378551,416076,"E92000001","E19000001","E18000002","","E08000002","E05000681"
"BL0 9PJ",10,378512,415925,"E92000001","E19000001","E18000002","","E08000002","E05000681"
"BL0 9PN",10,378254,415886,"E92000001","E19000001","E18000002","","E08000002","E05000681"
"BL0 9PP",10,378417,415937,"E92000001","E19000001","E18000002","","E08000002","E05000681"
"BL0 9PQ",10,378384,415873,"E92000001","E19000001","E18000002","","E08000002","E05000681"
"BL0 9PR",10,378377,415848,"E92000001","E19000001","E18000002","","E08000002","E05000681"
"BL0 9PS",10,378353,415718,"E92000001","E19000001","E18000002","","E08000002","E05000681"
"BL0 9PT",10,378438,415767,"E92000001","E19000001","E18000002","","E08000002","E05000681"
"BL0 9PU",10,378416,415713,"E92000001","E19000001","E18000002","","E08000002","E05000681"
"BL0 9PW",10,378236,415902,"E92000001","E19000001","E18000002","","E08000002","E05000681"
"BL0 9PX",10,378314,415727,"E92000001","E19000001","E18000002","","E08000002","E05000681"
"BL0 9PY",10,378396,415686,"E92000001","E19000001","E18000002","","E08000002","E05000681"
"BL0 9PZ",10,378379,415632,"E92000001","E19000001","E18000002","","E08000002","E05000681"
"BL0 9QA",10,378422,415584,"E92000001","E19000001","E18000002","","E08000002","E05000681"
"BL0 9QB",10,378491,415478,"E92000001","E19000001","E18000002","","E08000002","E05000681"
"BL0 9QD",10,378398,415510,"E92000001","E19000001","E18000002","","E08000002","E05000681"
"BL0 9QE",10,378223,415689,"E92000001","E19000001","E18000002","","E08000002","E05000681"
"BL0 9QF",10,378212,415594,"E92000001","E19000001","E18000002","","E08000002","E05000681"
"BL0 9QG",10,378123,415850,"E92000001","E19000001","E18000002","","E08000002","E05000681"
"BL0 9QH",10,378942,415854,"E92000001","E19000001","E18000002","","E08000002","E05000681"
"BL0 9QJ",10,378670,416186,"E92000001","E19000001","E18000002","","E08000002","E05000681"
"BL0 9QL",10,378516,416470,"E92000001","E19000001","E18000002","","E08000002","E05000681"
"BL0 9QN",10,378537,416414,"E92000001","E19000001","E18000002","","E08000002","E05000681"
"BL0 9QP",10,378168,415570,"E92000001","E19000001","E18000002","","E08000002","E05000681"
"BL0 9QQ",10,378163,415797,"E92000001","E19000001","E18000002","","E08000002","E05000681"
"BL0 9QR",10,378103,415541,"E92000001","E19000001","E18000002","","E08000002","E05000681"
"BL0 9QS",10,378134,415602,"E92000001","E19000001","E18000002","","E08000002","E05000681"
"BL0 9QT",10,378136,415699,"E92000001","E19000001","E18000002","","E08000002","E05000681"
"BL0 9QU",10,378123,415741,"E92000001","E19000001","E18000002","","E08000002","E05000681"
"BL0 9QW",10,379041,415781,"E92000001","E19000001","E18000002","","E08000002","E05000681"
"BL0 9QX",10,378062,415675,"E92000001","E19000001","E18000002","","E08000002","E05000681"
"BL0 9QY",10,378132,415486,"E92000001","E19000001","E18000002","","E08000002","E05000681"
"BL0 9QZ",10,378162,415471,"E92000001","E19000001","E18000002","","E08000002","E05000681"
"BL0 9RA",10,378176,415458,"E92000001","E19000001","E18000002","","E08000002","E05000681"
"BL0 9RB",10,378267,415263,"E92000001","E19000001","E18000002","","E08000002","E05000681"
"BL0 9RD",10,378532,415293,"E92000001","E19000001","E18000002","","E08000002","E05000676"
"BL0 9RE",10,378678,415657,"E92000001","E19000001","E18000002","","E08000002","E05000681"
"BL0 9RF",10,378955,415957,"E92000001","E19000001","E18000002","","E08000002","E05000681"
"BL0 9RG",10,378043,415226,"E92000001","E19000001","E18000002","","E08000002","E05000676"
"BL0 9RH",10,378262,415046,"E92000001","E19000001","E18000002","","E08000002","E05000676"
"BL0 9RJ",10,378195,415174,"E92000001","E19000001","E18000002","","E08000002","E05000676"
"BL0 9RL",10,378254,415147,"E92000001","E19000001","E18000002","","E08000002","E05000676"
"BL0 9RN",10,377887,415162,"E92000001","E19000001","E18000002","","E08000002","E05000676"
"BL0 9RP",10,378297,415128,"E92000001","E19000001","E18000002","","E08000002","E05000676"
"BL0 9RQ",10,378157,415063,"E92000001","E19000001","E18000002","","E08000002","E05000676"
"BL0 9RR",10,378359,415077,"E92000001","E19000001","E18000002","","E08000002","E05000676"
"BL0 9RS",10,377864,415082,"E92000001","E19000001","E18000002","","E08000002","E05000676"
"BL0 9RT",10,377618,415064,"E92000001","E19000001","E18000002","","E08000002","E05000676"
"BL0 9RU",10,377718,415112,"E92000001","E19000001","E18000002","","E08000002","E05000676"
"BL0 9RW",10,377876,415155,"E92000001","E19000001","E18000002","","E08000002","E05000676"
"BL0 9RX",10,377773,415204,"E92000001","E19000001","E18000002","","E08000002","E05000676"
"BL0 9RY",10,377923,415219,"E92000001","E19000001","E18000002","","E08000002","E05000676"
"BL0 9RZ",10,377897,415251,"E92000001","E19000001","E18000002","","E08000002","E05000676"
"BL0 9SA",10,377931,415277,"E92000001","E19000001","E18000002","","E08000002","E05000681"
"BL0 9SB",10,378133,415371,"E92000001","E19000001","E18000002","","E08000002","E05000681"
"BL0 9SD",10,378037,415412,"E92000001","E19000001","E18000002","","E08000002","E05000681"
"BL0 9SE",10,378283,415237,"E92000001","E19000001","E18000002","","E08000002","E05000681"
"BL0 9SF",10,378238,415742,"E92000001","E19000001","E18000002","","E08000002","E05000681"
"BL0 9SG",10,378043,415564,"E92000001","E19000001","E18000002","","E08000002","E05000681"
"BL0 9SH",10,377969,415150,"E92000001","E19000001","E18000002","","E08000002","E05000676"
"BL0 9SJ",10,377963,415004,"E92000001","E19000001","E18000002","","E08000002","E05000676"
"BL0 9SL",10,378053,415110,"E92000001","E19000001","E18000002","","E08000002","E05000676"
"BL0 9SN",10,378128,414810,"E92000001","E19000001","E18000002","","E08000002","E05000676"
"BL0 9SP",10,378028,414857,"E92000001","E19000001","E18000002","","E08000002","E05000676"
"BL0 9SQ",10,378803,416633,"E92000001","E19000001","E18000002","","E08000002","E05000681"
"BL0 9SR",10,377936,414838,"E92000001","E19000001","E18000002","","E08000002","E05000676"
"BL0 9SS",10,378060,414727,"E92000001","E19000001","E18000002","","E08000002","E05000676"
"BL0 9ST",10,378107,414609,"E92000001","E19000001","E18000002","","E08000002","E05000676"
"BL0 9SU",10,378199,414529,"E92000001","E19000001","E18000002","","E08000002","E05000676"
"BL0 9SW",10,378062,414780,"E92000001","E19000001","E18000002","","E08000002","E05000676"
"BL0 9SX",10,378041,414602,"E92000001","E19000001","E18000002","","E08000002","E05000676"
"BL0 9SY",10,377936,414682,"E92000001","E19000001","E18000002","","E08000002","E05000676"
"BL0 9SZ",10,378227,414597,"E92000001","E19000001","E18000002","","E08000002","E05000676"
"BL0 9TA",10,378230,414692,"E92000001","E19000001","E18000002","","E08000002","E05000676"
"BL0 9TB",10,378190,414932,"E92000001","E19000001","E18000002","","E08000002","E05000676"
"BL0 9TD",10,378034,415046,"E92000001","E19000001","E18000002","","E08000002","E05000676"
"BL0 9TE",10,378174,414822,"E92000001","E19000001","E18000002","","E08000002","E05000676"
"BL0 9TF",10,378223,414845,"E92000001","E19000001","E18000002","","E08000002","E05000676"
"BL0 9TG",10,378178,414641,"E92000001","E19000001","E18000002","","E08000002","E05000676"
"BL0 9TH",10,377923,415135,"E92000001","E19000001","E18000002","","E08000002","E05000676"
"BL0 9TJ",10,379079,417124,"E92000001","E19000001","E18000002","","E08000002","E05000681"
"BL0 9TL",10,378306,414877,"E92000001","E19000001","E18000002","","E08000002","E05000676"
"BL0 9TN",10,378249,414827,"E92000001","E19000001","E18000002","","E08000002","E05000676"
"BL0 9TP",10,378314,414922,"E92000001","E19000001","E18000002","","E08000002","E05000676"
"BL0 9TQ",10,378622,415510,"E92000001","E19000001","E18000002","","E08000002","E05000681"
"BL0 9TR",10,378373,414948,"E92000001","E19000001","E18000002","","E08000002","E05000676"
"BL0 9TS",10,378419,414848,"E92000001","E19000001","E18000002","","E08000002","E05000676"
"BL0 9TT",10,378593,414829,"E92000001","E19000001","E18000002","","E08000002","E05000676"
"BL0 9TU",10,378479,414939,"E92000001","E19000001","E18000002","","E08000002","E05000676"
"BL0 9TW",10,378270,414851,"E92000001","E19000001","E18000002","","E08000002","E05000676"
"BL0 9TX",10,378446,414997,"E92000001","E19000001","E18000002","","E08000002","E05000676"
"BL0 9TY",10,378455,415027,"E92000001","E19000001","E18000002","","E08000002","E05000676"
"BL0 9TZ",10,378390,415087,"E92000001","E19000001","E18000002","","E08000002","E05000676"
"BL0 9UA",10,378470,415084,"E92000001","E19000001","E18000002","","E08000002","E05000676"
"BL0 9UB",10,378579,414871,"E92000001","E19000001","E18000002","","E08000002","E05000676"
"BL0 9UD",10,378776,414795,"E92000001","E19000001","E18000002","","E08000002","E05000676"
"BL0 9UE",10,378653,414722,"E92000001","E19000001","E18000002","","E08000002","E05000676"
"BL0 9UF",10,378608,414674,"E92000001","E19000001","E18000002","","E08000002","E05000676"
"BL0 9UG",10,378806,414512,"E92000001","E19000001","E18000002","","E08000002","E05000676"
"BL0 9UH",10,378644,414759,"E92000001","E19000001","E18000002","","E08000002","E05000676"
"BL0 9UJ",10,378669,414648,"E92000001","E19000001","E18000002","","E08000002","E05000676"
"BL0 9UL",10,378732,414673,"E92000001","E19000001","E18000002","","E08000002","E05000676"
"BL0 9UN",10,378678,414497,"E92000001","E19000001","E18000002","","E08000002","E05000676"
"BL0 9UP",10,378699,414400,"E92000001","E19000001","E18000002","","E08000002","E05000676"
"BL0 9UQ",10,378784,414564,"E92000001","E19000001","E18000002","","E08000002","E05000676"
"BL0 9UR",10,378710,414249,"E92000001","E19000001","E18000002","","E08000002","E05000676"
"BL0 9US",10,378631,414494,"E92000001","E19000001","E18000002","","E08000002","E05000676"
"BL0 9UT",10,378524,414482,"E92000001","E19000001","E18000002","","E08000002","E05000676"
"BL0 9UU",10,378491,414512,"E92000001","E19000001","E18000002","","E08000002","E05000676"
"BL0 9UW",10,378633,414405,"E92000001","E19000001","E18000002","","E08000002","E05000676"
"BL0 9UX",10,378513,414582,"E92000001","E19000001","E18000002","","E08000002","E05000676"
"BL0 9UY",10,378437,414700,"E92000001","E19000001","E18000002","","E08000002","E05000676"
"BL0 9UZ",10,378457,414585,"E92000001","E19000001","E18000002","","E08000002","E05000676"
"BL0 9WA",10,378265,414762,"E92000001","E19000001","E18000002","","E08000002","E05000676"
"BL0 9WB",10,378305,414663,"E92000001","E19000001","E18000002","","E08000002","E05000676"
"BL0 9WD",10,378302,414820,"E92000001","E19000001","E18000002","","E08000002","E05000676"
"BL0 9WE",10,378818,416061,"E92000001","E19000001","E18000002","","E08000002","E05000681"
"BL0 9WF",10,378504,415830,"E92000001","E19000001","E18000002","","E08000002","E05000681"
"BL0 9WG",10,378729,416140,"E92000001","E19000001","E18000002","","E08000002","E05000681"
"BL0 9WH",10,378858,416152,"E92000001","E19000001","E18000002","","E08000002","E05000681"
"BL0 9WJ",10,378456,415842,"E92000001","E19000001","E18000002","","E08000002","E05000681"
"BL0 9XA",10,378539,414406,"E92000001","E19000001","E18000002","","E08000002","E05000676"
"BL0 9XB",10,378593,414360,"E92000001","E19000001","E18000002","","E08000002","E05000676"
"BL0 9XD",10,378710,414555,"E92000001","E19000001","E18000002","","E08000002","E05000676"
"BL0 9XE",10,378526,414979,"E92000001","E19000001","E18000002","","E08000002","E05000676"
"BL0 9XF",10,378564,414916,"E92000001","E19000001","E18000002","","E08000002","E05000676"
"BL0 9XG",10,378473,414357,"E92000001","E19000001","E18000002","","E08000002","E05000676"
"BL0 9XH",10,378607,414581,"E92000001","E19000001","E18000002","","E08000002","E05000676"
"BL0 9XJ",10,378338,414491,"E92000001","E19000001","E18000002","","E08000002","E05000676"
"BL0 9XP",10,378355,416058,"E92000001","E19000001","E18000002","","E08000002","E05000681"
"BL0 9XQ",10,378461,414303,"E92000001","E19000001","E18000002","","E08000002","E05000676"
"BL0 9XU",10,378494,416009,"E92000001","E19000001","E18000002","","E08000002","E05000681"
"BL0 9YB",10,379030,417339,"E92000001","E19000001","E18000002","","E08000002","E05000681"
"BL0 9YE",10,379129,417475,"E92000001","E19000001","E18000002","","E08000002","E05000681"
"BL0 9YF",10,379020,417477,"E92000001","E19000001","E18000002","","E08000002","E05000681"
"BL0 9YG",10,378946,417363,"E92000001","E19000001","E18000002","","E08000002","E05000681"
"BL0 9YH",10,378978,415635,"E92000001","E19000001","E18000002","","E08000002","E05000681"
"BL0 9YJ",10,378975,415758,"E92000001","E19000001","E18000002","","E08000002","E05000681"
"BL0 9YL",10,379066,415927,"E92000001","E19000001","E18000002","","E08000002","E05000681"
"BL0 9YN",10,379015,415510,"E92000001","E19000001","E18000002","","E08000002","E05000681"
"BL0 9YP",10,379249,415570,"E92000001","E19000001","E18000002","","E08000002","E05000681"
"BL0 9YQ",10,379117,416766,"E92000001","E19000001","E18000002","","E08000002","E05000681"
"BL0 9YR",10,378257,415487,"E92000001","E19000001","E18000002","","E08000002","E05000681"
"BL0 9YS",10,378276,415545,"E92000001","E19000001","E18000002","","E08000002","E05000681"
"BL0 9YU",10,379088,415391,"E92000001","E19000001","E18000002","","E08000002","E05000681"
"BL0 9YW",10,379135,415544,"E92000001","E19000001","E18000002","","E08000002","E05000681"
"BL0 9YX",10,379192,415552,"E92000001","E19000001","E18000002","","E08000002","E05000681"
"BL0 9YY",10,379408,415551,"E92000001","E19000001","E18000002","","E08000002","E05000681"
"BL0 9ZN",10,378828,416979,"E92000001","E19000001","E18000002","","E08000002","E05000681"
"BL0 9ZP",10,379143,416689,"E92000001","E19000001","E18000002","","E08000002","E05000681"
"BL1 1AD",10,371440,409269,"E92000001","E19000001","E18000002","","E08000001","E05000657"
"BL1 1AP",10,371951,409081,"E92000001","E19000001","E18000002","","E08000001","E05000656"
"BL1 1AQ",10,371842,409132,"E92000001","E19000001","E18000002","","E08000001","E05000656"
"BL1 1AR",10,371598,409072,"E92000001","E19000001","E18000002","","E08000001","E05000657"
"BL1 1AS",10,371842,409132,"E92000001","E19000001","E18000002","","E08000001","E05000656"
"BL1 1AT",10,371792,409078,"E92000001","E19000001","E18000002","","E08000001","E05000656"
"BL1 1AU",10,371933,409252,"E92000001","E19000001","E18000002","","E08000001","E05000656"
"BL1 1BB",10,371371,409243,"E92000001","E19000001","E18000002","","E08000001","E05000657"
"BL1 1BD",10,371533,409307,"E92000001","E19000001","E18000002","","E08000001","E05000657"
"BL1 1BG",10,371690,409352,"E92000001","E19000001","E18000002","","E08000001","E05000657"
"BL1 1BH",10,371672,409338,"E92000001","E19000001","E18000002","","E08000001","E05000657"
"BL1 1BL",10,371711,409344,"E92000001","E19000001","E18000002","","E08000001","E05000657"
"BL1 1BN",10,371763,409366,"E92000001","E19000001","E18000002","","E08000001","E05000654"
"BL1 1BQ",10,371642,409359,"E92000001","E19000001","E18000002","","E08000001","E05000657"
"BL1 1BR",10,371790,409347,"E92000001","E19000001","E18000002","","E08000001","E05000654"
"BL1 1BU",10,371680,409258,"E92000001","E19000001","E18000002","","E08000001","E05000656"
"BL1 1DA",10,371682,409209,"E92000001","E19000001","E18000002","","E08000001","E05000656"
"BL1 1DB",10,371700,409256,"E92000001","E19000001","E18000002","","E08000001","E05000656"
"BL1 1DD",10,371753,409277,"E92000001","E19000001","E18000002","","E08000001","E05000656"
"BL1 1DF",10,371787,409269,"E92000001","E19000001","E18000002","","E08000001","E05000656"
"BL1 1DG",10,371813,409258,"E92000001","E19000001","E18000002","","E08000001","E05000656"
"BL1 1DR",10,371872,409156,"E92000001","E19000001","E18000002","","E08000001","E05000656"
"BL1 1DW",10,371830,409148,"E92000001","E19000001","E18000002","","E08000001","E05000656"
"BL1 1DY",10,371915,409193,"E92000001","E19000001","E18000002","","E08000001","E05000656"
"BL1 1EA",10,371733,409182,"E92000001","E19000001","E18000002","","E08000001","E05000656"
"BL1 1EB",10,371913,409217,"E92000001","E19000001","E18000002","","E08000001","E05000656"
"BL1 1EE",10,371876,409212,"E92000001","E19000001","E18000002","","E08000001","E05000656"
"BL1 1EJ",10,371906,409227,"E92000001","E19000001","E18000002","","E08000001","E05000656"
"BL1 1EL",10,371858,409246,"E92000001","E19000001","E18000002","","E08000001","E05000656"
"BL1 1ES",10,371972,409050,"E92000001","E19000001","E18000002","","E08000001","E05000656"
"BL1 1EX",10,371334,409186,"E92000001","E19000001","E18000002","","E08000001","E05000657"
"BL1 1EZ",10,371457,409174,"E92000001","E19000001","E18000002","","E08000001","E05000657"
"BL1 1FH",10,371936,410296,"E92000001","E19000001","E18000002","","E08000001","E05000654"
"BL1 1HA",10,371486,409247,"E92000001","E19000001","E18000002","","E08000001","E05000657"
"BL1 1HH",10,371796,409296,"E92000001","E19000001","E18000002","","E08000001","E05000656"
"BL1 1HJ",10,371864,409284,"E92000001","E19000001","E18000002","","E08000001","E05000656"
"BL1 1HL",10,371913,409284,"E92000001","E19000001","E18000002","","E08000001","E05000656"
"BL1 1HQ",10,371637,409295,"E92000001","E19000001","E18000002","","E08000001","E05000656"
"BL1 1HU",10,371904,409344,"E92000001","E19000001","E18000002","","E08000001","E05000654"
"BL1 1HX",10,372005,409327,"E92000001","E19000001","E18000002","","E08000001","E05000654"
"BL1 1JL",10,371779,409103,"E92000001","E19000001","E18000002","","E08000001","E05000656"
"BL1 1JN",10,371792,409078,"E92000001","E19000001","E18000002","","E08000001","E05000656"
"BL1 1JT",10,371853,409075,"E92000001","E19000001","E18000002","","E08000001","E05000656"
"BL1 1JU",10,371539,409233,"E92000001","E19000001","E18000002","","E08000001","E05000657"
"BL1 1JW",10,371936,410296,"E92000001","E19000001","E18000002","","E08000001","E05000654"
"BL1 1JZ",10,371750,409117,"E92000001","E19000001","E18000002","","E08000001","E05000656"
"BL1 1LD",10,371756,409113,"E92000001","E19000001","E18000002","","E08000001","E05000656"
"BL1 1LE",10,371737,409075,"E92000001","E19000001","E18000002","","E08000001","E05000656"
"BL1 1LF",10,371722,409116,"E92000001","E19000001","E18000002","","E08000001","E05000656"
"BL1 1LL",10,371771,409060,"E92000001","E19000001","E18000002","","E08000001","E05000656"
"BL1 1LN",10,371790,409031,"E92000001","E19000001","E18000002","","E08000001","E05000656"
"BL1 1LR",10,371789,409023,"E92000001","E19000001","E18000002","","E08000001","E05000656"
"BL1 1LS",10,371727,409009,"E92000001","E19000001","E18000002","","E08000001","E05000656"
"BL1 1LT",10,371702,409115,"E92000001","E19000001","E18000002","","E08000001","E05000656"
"BL1 1LY",10,371986,409326,"E92000001","E19000001","E18000002","","E08000001","E05000654"
"BL1 1NB",10,371644,409023,"E92000001","E19000001","E18000002","","E08000001","E05000657"
"BL1 1NE",10,371700,409036,"E92000001","E19000001","E18000002","","E08000001","E05000656"
"BL1 1NH",10,371768,408989,"E92000001","E19000001","E18000002","","E08000001","E05000656"
"BL1 1NJ",10,371738,408983,"E92000001","E19000001","E18000002","","E08000001","E05000656"
"BL1 1NP",10,371810,409015,"E92000001","E19000001","E18000002","","E08000001","E05000656"
"BL1 1NR",10,371854,408985,"E92000001","E19000001","E18000002","","E08000001","E05000656"
"BL1 1NS",10,371812,408963,"E92000001","E19000001","E18000002","","E08000001","E05000656"
"BL1 1NT",10,371885,408975,"E92000001","E19000001","E18000002","","E08000001","E05000656"
"BL1 1PB",10,371705,408872,"E92000001","E19000001","E18000002","","E08000001","E05000656"
"BL1 1PE",10,371703,408890,"E92000001","E19000001","E18000002","","E08000001","E05000656"
"BL1 1PJ",10,372116,409195,"E92000001","E19000001","E18000002","","E08000001","E05000656"
"BL1 1PP",10,371946,409146,"E92000001","E19000001","E18000002","","E08000001","E05000656"
"BL1 1PQ",10,371681,408789,"E92000001","E19000001","E18000002","","E08000001","E05000656"
"BL1 1PR",10,371935,409177,"E92000001","E19000001","E18000002","","E08000001","E05000656"
"BL1 1PS",10,372083,409199,"E92000001","E19000001","E18000002","","E08000001","E05000656"
"BL1 1PT",10,371983,409141,"E92000001","E19000001","E18000002","","E08000001","E05000656"
"BL1 1PX",10,371975,409102,"E92000001","E19000001","E18000002","","E08000001","E05000656"
"BL1 1PZ",10,372050,409168,"E92000001","E19000001","E18000002","","E08000001","E05000656"
"BL1 1QD",10,371914,409018,"E92000001","E19000001","E18000002","","E08000001","E05000656"
"BL1 1QJ",10,371890,408977,"E92000001","E19000001","E18000002","","E08000001","E05000656"
"BL1 1QN",10,371919,409087,"E92000001","E19000001","E18000002","","E08000001","E05000656"
"BL1 1QQ",10,371865,409049,"E92000001","E19000001","E18000002","","E08000001","E05000656"
"BL1 1QY",10,371511,409213,"E92000001","E19000001","E18000002","","E08000001","E05000657"
"BL1 1QZ",10,371535,409263,"E92000001","E19000001","E18000002","","E08000001","E05000657"
"BL1 1RD",10,371595,409270,"E92000001","E19000001","E18000002","","E08000001","E05000657"
"BL1 1RE",10,371585,409269,"E92000001","E19000001","E18000002","","E08000001","E05000657"
"BL1 1RF",10,371635,409259,"E92000001","E19000001","E18000002","","E08000001","E05000656"
"BL1 1RJ",10,371686,409172,"E92000001","E19000001","E18000002","","E08000001","E05000656"
"BL1 1RS",10,371724,409136,"E92000001","E19000001","E18000002","","E08000001","E05000656"
"BL1 1RT",10,371698,409127,"E92000001","E19000001","E18000002","","E08000001","E05000656"
"BL1 1RU",10,371575,409157,"E92000001","E19000001","E18000002","","E08000001","E05000657"
"BL1 1RW",10,371689,409156,"E92000001","E19000001","E18000002","","E08000001","E05000656"
"BL1 1RX",10,371936,410296,"E92000001","E19000001","E18000002","","E08000001","E05000654"
"BL1 1RZ",10,371623,409077,"E92000001","E19000001","E18000002","","E08000001","E05000657"
"BL1 1SA",10,371540,409063,"E92000001","E19000001","E18000002","","E08000001","E05000657"
"BL1 1SB",10,371591,409055,"E92000001","E19000001","E18000002","","E08000001","E05000657"
"BL1 1SE",10,371540,409063,"E92000001","E19000001","E18000002","","E08000001","E05000657"
"BL1 1SJ",10,371554,408966,"E92000001","E19000001","E18000002","","E08000001","E05000657"
"BL1 1SN",10,371647,408954,"E92000001","E19000001","E18000002","","E08000001","E05000657"
"BL1 1SQ",10,371546,409005,"E92000001","E19000001","E18000002","","E08000001","E05000657"
"BL1 1SU",10,371382,409155,"E92000001","E19000001","E18000002","","E08000001","E05000657"
"BL1 1SW",10,371649,408910,"E92000001","E19000001","E18000002","","E08000001","E05000656"
"BL1 1SX",10,371474,409059,"E92000001","E19000001","E18000002","","E08000001","E05000657"
"BL1 1SY",10,371456,408964,"E92000001","E19000001","E18000002","","E08000001","E05000657"
"BL1 1TD",10,371492,409020,"E92000001","E19000001","E18000002","","E08000001","E05000657"
"BL1 1TJ",10,371456,408964,"E92000001","E19000001","E18000002","","E08000001","E05000657"
"BL1 1TP",10,371554,408966,"E92000001","E19000001","E18000002","","E08000001","E05000657"
"BL1 1TQ",10,371456,408964,"E92000001","E19000001","E18000002","","E08000001","E05000657"
"BL1 1TS",10,371838,409363,"E92000001","E19000001","E18000002","","E08000001","E05000654"
"BL1 1TU",10,371895,409433,"E92000001","E19000001","E18000002","","E08000001","E05000654"
"BL1 1TY",10,372053,409449,"E92000001","E19000001","E18000002","","E08000001","E05000654"
"BL1 1TZ",10,372024,409390,"E92000001","E19000001","E18000002","","E08000001","E05000654"
"BL1 1UA",10,371501,409197,"E92000001","E19000001","E18000002","","E08000001","E05000657"
"BL1 1UG",10,372265,409467,"E92000001","E19000001","E18000002","","E08000001","E05000654"
"BL1 1UH",10,372146,409518,"E92000001","E19000001","E18000002","","E08000001","E05000654"
"BL1 1UN",10,372161,409618,"E92000001","E19000001","E18000002","","E08000001","E05000654"
"BL1 1UR",10,371589,409026,"E92000001","E19000001","E18000002","","E08000001","E05000657"
"BL1 1US",10,371598,409072,"E92000001","E19000001","E18000002","","E08000001","E05000657"
"BL1 1UT",10,371936,410296,"E92000001","E19000001","E18000002","","E08000001","E05000654"
"BL1 1UU",10,372217,409378,"E92000001","E19000001","E18000002","","E08000001","E05000654"
"BL1 1WT",10,371936,410296,"E92000001","E19000001","E18000002","","E08000001","E05000654"
"BL1 1YA",10,371904,409344,"E92000001","E19000001","E18000002","","E08000001","E05000654"
"BL1 2AA",10,371458,409343,"E92000001","E19000001","E18000002","","E08000001","E05000657"
"BL1 2AB",10,371483,409326,"E92000001","E19000001","E18000002","","E08000001","E05000657"
"BL1 2AD",10,371577,409383,"E92000001","E19000001","E18000002","","E08000001","E05000657"
"BL1 2AF",10,371570,409333,"E92000001","E19000001","E18000002","","E08000001","E05000657"
"BL1 2AH",10,371623,409346,"E92000001","E19000001","E18000002","","E08000001","E05000657"
"BL1 2AL",10,371614,409494,"E92000001","E19000001","E18000002","","E08000001","E05000657"
"BL1 2AN",10,371673,409362,"E92000001","E19000001","E18000002","","E08000001","E05000657"
"BL1 2AP",10,371597,409496,"E92000001","E19000001","E18000002","","E08000001","E05000657"
"BL1 2AQ",10,371585,409332,"E92000001","E19000001","E18000002","","E08000001","E05000657"
"BL1 2AR",10,371643,409423,"E92000001","E19000001","E18000002","","E08000001","E05000657"
"BL1 2AS",10,371573,409423,"E92000001","E19000001","E18000002","","E08000001","E05000657"
"BL1 2AX",10,371498,409478,"E92000001","E19000001","E18000002","","E08000001","E05000657"
"BL1 2AY",10,371346,409238,"E92000001","E19000001","E18000002","","E08000001","E05000657"
"BL1 2AZ",10,371207,409401,"E92000001","E19000001","E18000002","","E08000001","E05000657"
"BL1 2BB",10,371218,409366,"E92000001","E19000001","E18000002","","E08000001","E05000657"
"BL1 2BE",10,371608,409388,"E92000001","E19000001","E18000002","","E08000001","E05000657"
"BL1 2BG",10,371250,409395,"E92000001","E19000001","E18000002","","E08000001","E05000657"
"BL1 2BJ",10,371544,409517,"E92000001","E19000001","E18000002","","E08000001","E05000657"
"BL1 2BN",10,371551,409549,"E92000001","E19000001","E18000002","","E08000001","E05000657"
"BL1 2BP",10,371145,410114,"E92000001","E19000001","E18000002","","E08000001","E05000657"
"BL1 2BQ",10,371751,409568,"E92000001","E19000001","E18000002","","E08000001","E05000654"
"BL1 2BS",10,371485,409528,"E92000001","E19000001","E18000002","","E08000001","E05000657"
"BL1 2BU",10,371567,409639,"E92000001","E19000001","E18000002","","E08000001","E05000657"
"BL1 2BX",10,371522,409542,"E92000001","E19000001","E18000002","","E08000001","E05000657"
"BL1 2BY",10,371391,409504,"E92000001","E19000001","E18000002","","E08000001","E05000657"
"BL1 2BZ",10,371335,409524,"E92000001","E19000001","E18000002","","E08000001","E05000657"
"BL1 2DD",10,371543,409579,"E92000001","E19000001","E18000002","","E08000001","E05000657"
"BL1 2DE",10,371369,409579,"E92000001","E19000001","E18000002","","E08000001","E05000657"
"BL1 2DG",10,371576,409397,"E92000001","E19000001","E18000002","","E08000001","E05000657"
"BL1 2DJ",10,371555,409636,"E92000001","E19000001","E18000002","","E08000001","E05000657"
"BL1 2DP",10,371253,409562,"E92000001","E19000001","E18000002","","E08000001","E05000657"
"BL1 2DQ",10,371531,409678,"E92000001","E19000001","E18000002","","E08000001","E05000657"
"BL1 2DR",10,371590,409673,"E92000001","E19000001","E18000002","","E08000001","E05000657"
"BL1 2DT",10,371825,409616,"E92000001","E19000001","E18000002","","E08000001","E05000654"
"BL1 2DU",10,371626,409539,"E92000001","E19000001","E18000002","","E08000001","E05000657"
"BL1 2EA",10,371755,409401,"E92000001","E19000001","E18000002","","E08000001","E05000654"
"BL1 2EF",10,371726,409575,"E92000001","E19000001","E18000002","","E08000001","E05000654"
"BL1 2EG",10,371730,409508,"E92000001","E19000001","E18000002","","E08000001","E05000654"
"BL1 2EH",10,371740,409437,"E92000001","E19000001","E18000002","","E08000001","E05000654"
"BL1 2EJ",10,371778,409580,"E92000001","E19000001","E18000002","","E08000001","E05000654"
"BL1 2EL",10,371516,410173,"E92000001","E19000001","E18000002","","E08000001","E05000657"
"BL1 2EN",10,371741,409590,"E92000001","E19000001","E18000002","","E08000001","E05000654"
"BL1 2EQ",10,371775,409493,"E92000001","E19000001","E18000002","","E08000001","E05000654"
"BL1 2ER",10,371733,409732,"E92000001","E19000001","E18000002","","E08000001","E05000654"
"BL1 2EW",10,371655,409645,"E92000001","E19000001","E18000002","","E08000001","E05000657"
"BL1 2EX",10,371833,409914,"E92000001","E19000001","E18000002","","E08000001","E05000654"
"BL1 2HA",10,371720,409694,"E92000001","E19000001","E18000002","","E08000001","E05000654"
"BL1 2HB",10,371793,409682,"E92000001","E19000001","E18000002","","E08000001","E05000654"
"BL1 2HD",10,371478,410009,"E92000001","E19000001","E18000002","","E08000001","E05000657"
"BL1 2HE",10,371683,409698,"E92000001","E19000001","E18000002","","E08000001","E05000657"
"BL1 2HF",10,371660,410063,"E92000001","E19000001","E18000002","","E08000001","E05000654"
"BL1 2HG",10,371745,409845,"E92000001","E19000001","E18000002","","E08000001","E05000654"
"BL1 2HJ",10,371639,409994,"E92000001","E19000001","E18000002","","E08000001","E05000657"
"BL1 2HL",10,371602,410016,"E92000001","E19000001","E18000002","","E08000001","E05000657"
"BL1 2HN",10,371627,410049,"E92000001","E19000001","E18000002","","E08000001","E05000657"
"BL1 2HS",10,371561,410041,"E92000001","E19000001","E18000002","","E08000001","E05000657"
"BL1 2HT",10,371428,410146,"E92000001","E19000001","E18000002","","E08000001","E05000657"
"BL1 2HY",10,371660,410184,"E92000001","E19000001","E18000002","","E08000001","E05000654"
"BL1 2HZ",10,371558,410167,"E92000001","E19000001","E18000002","","E08000001","E05000657"
"BL1 2JA",10,371591,410157,"E92000001","E19000001","E18000002","","E08000001","E05000657"
"BL1 2JB",10,371567,410217,"E92000001","E19000001","E18000002","","E08000001","E05000657"
"BL1 2JD",10,371383,409987,"E92000001","E19000001","E18000002","","E08000001","E05000657"
"BL1 2JE",10,371420,409993,"E92000001","E19000001","E18000002","","E08000001","E05000657"
"BL1 2JF",10,371451,409997,"E92000001","E19000001","E18000002","","E08000001","E05000657"
"BL1 2JG",10,371469,410153,"E92000001","E19000001","E18000002","","E08000001","E05000657"
"BL1 2JH",10,371353,410065,"E92000001","E19000001","E18000002","","E08000001","E05000657"
"BL1 2JJ",10,371478,410130,"E92000001","E19000001","E18000002","","E08000001","E05000657"
"BL1 2JL",10,371442,410171,"E92000001","E19000001","E18000002","","E08000001","E05000657"
"BL1 2JP",10,371617,409813,"E92000001","E19000001","E18000002","","E08000001","E05000657"
"BL1 2JQ",10,371525,410123,"E92000001","E19000001","E18000002","","E08000001","E05000657"
"BL1 2JR",10,371361,409260,"E92000001","E19000001","E18000002","","E08000001","E05000657"
"BL1 2JS",10,371348,409376,"E92000001","E19000001","E18000002","","E08000001","E05000657"
"BL1 2JT",10,371346,409238,"E92000001","E19000001","E18000002","","E08000001","E05000657"
"BL1 2JU",10,371273,409582,"E92000001","E19000001","E18000002","","E08000001","E05000657"
"BL1 2JX",10,371346,409238,"E92000001","E19000001","E18000002","","E08000001","E05000657"
"BL1 2JY",10,371311,410086,"E92000001","E19000001","E18000002","","E08000001","E05000657"
"BL1 2JZ",10,371405,410061,"E92000001","E19000001","E18000002","","E08000001","E05000657"
"BL1 2LA",10,371432,409839,"E92000001","E19000001","E18000002","","E08000001","E05000657"
"BL1 2LB",10,371420,409811,"E92000001","E19000001","E18000002","","E08000001","E05000657"
"BL1 2LD",10,371216,409558,"E92000001","E19000001","E18000002","","E08000001","E05000657"
"BL1 2LE",10,371504,409833,"E92000001","E19000001","E18000002","","E08000001","E05000657"
"BL1 2LF",10,371389,410050,"E92000001","E19000001","E18000002","","E08000001","E05000657"
"BL1 2LG",10,371506,409785,"E92000001","E19000001","E18000002","","E08000001","E05000657"
"BL1 2LH",10,371579,409872,"E92000001","E19000001","E18000002","","E08000001","E05000657"
"BL1 2LL",10,371345,409737,"E92000001","E19000001","E18000002","","E08000001","E05000657"
"BL1 2LN",10,371365,409801,"E92000001","E19000001","E18000002","","E08000001","E05000657"
"BL1 2LP",10,371245,409738,"E92000001","E19000001","E18000002","","E08000001","E05000657"
"BL1 2LQ",10,371301,409860,"E92000001","E19000001","E18000002","","E08000001","E05000657"
"BL1 2LR",10,371218,409719,"E92000001","E19000001","E18000002","","E08000001","E05000657"
"BL1 2LS",10,371248,409808,"E92000001","E19000001","E18000002","","E08000001","E05000657"
"BL1 2LT",10,371372,409698,"E92000001","E19000001","E18000002","","E08000001","E05000657"
"BL1 2LU",10,371398,409723,"E92000001","E19000001","E18000002","","E08000001","E05000657"
"BL1 2LW",10,371297,409754,"E92000001","E19000001","E18000002","","E08000001","E05000657"
"BL1 2LY",10,371424,409760,"E92000001","E19000001","E18000002","","E08000001","E05000657"
"BL1 2LZ",10,371407,410018,"E92000001","E19000001","E18000002","","E08000001","E05000657"
"BL1 2ND",10,371327,409927,"E92000001","E19000001","E18000002","","E08000001","E05000657"
"BL1 2NE",10,371397,409882,"E92000001","E19000001","E18000002","","E08000001","E05000657"
"BL1 2NF",10,371380,409906,"E92000001","E19000001","E18000002","","E08000001","E05000657"
"BL1 2NJ",10,371382,409857,"E92000001","E19000001","E18000002","","E08000001","E05000657"
"BL1 2NL",10,371435,409886,"E92000001","E19000001","E18000002","","E08000001","E05000657"
"BL1 2NN",10,371604,409834,"E92000001","E19000001","E18000002","","E08000001","E05000657"
"BL1 2NP",10,371558,409933,"E92000001","E19000001","E18000002","","E08000001","E05000657"
"BL1 2NQ",10,371564,409822,"E92000001","E19000001","E18000002","","E08000001","E05000657"
"BL1 2NU",10,371608,409776,"E92000001","E19000001","E18000002","","E08000001","E05000657"
"BL1 2NW",10,371651,409867,"E92000001","E19000001","E18000002","","E08000001","E05000657"
"BL1 2NX",10,371545,409750,"E92000001","E19000001","E18000002","","E08000001","E05000657"
"BL1 2NY",10,371519,409733,"E92000001","E19000001","E18000002","","E08000001","E05000657"
"BL1 2NZ",10,371174,409543,"E92000001","E19000001","E18000002","","E08000001","E05000657"
"BL1 2PB",10,371217,409460,"E92000001","E19000001","E18000002","","E08000001","E05000657"
"BL1 2PF",10,371245,409448,"E92000001","E19000001","E18000002","","E08000001","E05000657"
"BL1 2PG",10,371096,409544,"E92000001","E19000001","E18000002","","E08000001","E05000657"
"BL1 2PH",10,371068,409593,"E92000001","E19000001","E18000002","","E08000001","E05000657"
"BL1 2PN",10,370908,409760,"E92000001","E19000001","E18000002","","E08000001","E05000657"
"BL1 2PP",10,371187,409589,"E92000001","E19000001","E18000002","","E08000001","E05000657"
"BL1 2PR",10,371251,409850,"E92000001","E19000001","E18000002","","E08000001","E05000657"
"BL1 2PS",10,371186,409733,"E92000001","E19000001","E18000002","","E08000001","E05000657"
"BL1 2PT",10,371141,409730,"E92000001","E19000001","E18000002","","E08000001","E05000657"
"BL1 2PU",10,371087,409688,"E92000001","E19000001","E18000002","","E08000001","E05000657"
"BL1 2QA",10,371123,409655,"E92000001","E19000001","E18000002","","E08000001","E05000657"
"BL1 2QB",10,371184,409651,"E92000001","E19000001","E18000002","","E08000001","E05000657"
"BL1 2QD",10,370913,409784,"E92000001","E19000001","E18000002","","E08000001","E05000657"
"BL1 2QE",10,370961,409931,"E92000001","E19000001","E18000002","","E08000001","E05000657"
"BL1 2QF",10,370945,410126,"E92000001","E19000001","E18000002","","E08000001","E05000657"
"BL1 2QG",10,371009,409682,"E92000001","E19000001","E18000002","","E08000001","E05000657"
"BL1 2QH",10,370817,409709,"E92000001","E19000001","E18000002","","E08000001","E05000657"
"BL1 2QJ",10,370971,409783,"E92000001","E19000001","E18000002","","E08000001","E05000657"
"BL1 2QL",10,370947,409771,"E92000001","E19000001","E18000002","","E08000001","E05000657"
"BL1 2QN",10,370886,410029,"E92000001","E19000001","E18000002","","E08000001","E05000657"
"BL1 2QP",10,370976,409757,"E92000001","E19000001","E18000002","","E08000001","E05000657"
"BL1 2QQ",10,370798,409819,"E92000001","E19000001","E18000002","","E08000001","E05000657"
"BL1 2QR",10,371033,409670,"E92000001","E19000001","E18000002","","E08000001","E05000657"
"BL1 2QT",10,371035,410150,"E92000001","E19000001","E18000002","","E08000001","E05000657"
"BL1 2QU",10,370811,409738,"E92000001","E19000001","E18000002","","E08000001","E05000657"
"BL1 2QW",10,370967,410069,"E92000001","E19000001","E18000002","","E08000001","E05000657"
"BL1 2QY",10,370879,409876,"E92000001","E19000001","E18000002","","E08000001","E05000657"
"BL1 2QZ",10,370986,409725,"E92000001","E19000001","E18000002","","E08000001","E05000657"
"BL1 2RD",10,371132,409960,"E92000001","E19000001","E18000002","","E08000001","E05000657"
"BL1 2RF",10,371269,409896,"E92000001","E19000001","E18000002","","E08000001","E05000657"
"BL1 2RG",10,371063,409937,"E92000001","E19000001","E18000002","","E08000001","E05000657"
"BL1 2RN",10,371187,409897,"E92000001","E19000001","E18000002","","E08000001","E05000657"
"BL1 2RQ",10,371128,409934,"E92000001","E19000001","E18000002","","E08000001","E05000657"
"BL1 2RR",10,371152,409834,"E92000001","E19000001","E18000002","","E08000001","E05000657"
"BL1 2RU",10,371819,409370,"E92000001","E19000001","E18000002","","E08000001","E05000654"
"BL1 2RW",10,371113,409878,"E92000001","E19000001","E18000002","","E08000001","E05000657"
"BL1 2RX",10,371698,409939,"E92000001","E19000001","E18000002","","E08000001","E05000654"
"BL1 2RY",10,372005,409804,"E92000001","E19000001","E18000002","","E08000001","E05000654"
"BL1 2RZ",10,371983,409534,"E92000001","E19000001","E18000002","","E08000001","E05000654"
"BL1 2SA",10,372045,409768,"E92000001","E19000001","E18000002","","E08000001","E05000654"
"BL1 2SB",10,372126,409705,"E92000001","E19000001","E18000002","","E08000001","E05000654"
"BL1 2SE",10,372111,409603,"E92000001","E19000001","E18000002","","E08000001","E05000654"
"BL1 2SF",10,371910,409852,"E92000001","E19000001","E18000002","","E08000001","E05000654"
"BL1 2SG",10,371966,409846,"E92000001","E19000001","E18000002","","E08000001","E05000654"
"BL1 2SL",10,371967,410026,"E92000001","E19000001","E18000002","","E08000001","E05000654"
"BL1 2SP",10,372191,409989,"E92000001","E19000001","E18000002","","E08000001","E05000654"
"BL1 2SQ",10,371928,409827,"E92000001","E19000001","E18000002","","E08000001","E05000654"
"BL1 2SR",10,372019,409886,"E92000001","E19000001","E18000002","","E08000001","E05000654"
"BL1 2SS",10,371895,409744,"E92000001","E19000001","E18000002","","E08000001","E05000654"
"BL1 2ST",10,372080,409698,"E92000001","E19000001","E18000002","","E08000001","E05000654"
"BL1 2SX",10,372022,409695,"E92000001","E19000001","E18000002","","E08000001","E05000654"
"BL1 2SY",10,372130,409803,"E92000001","E19000001","E18000002","","E08000001","E05000654"
"BL1 2SZ",10,372055,409631,"E92000001","E19000001","E18000002","","E08000001","E05000654"
"BL1 2TD",10,372049,410121,"E92000001","E19000001","E18000002","","E08000001","E05000654"
"BL1 2TE",10,372087,410307,"E92000001","E19000001","E18000002","","E08000001","E05000654"
"BL1 2TF",10,372159,409949,"E92000001","E19000001","E18000002","","E08000001","E05000654"
"BL1 2TH",10,372356,410028,"E92000001","E19000001","E18000002","","E08000001","E05000654"
"BL1 2TJ",10,372132,410170,"E92000001","E19000001","E18000002","","E08000001","E05000654"
"BL1 2TL",10,372307,410068,"E92000001","E19000001","E18000002","","E08000001","E05000654"
"BL1 2TN",10,372255,410002,"E92000001","E19000001","E18000002","","E08000001","E05000654"
"BL1 2TQ",10,372136,410149,"E92000001","E19000001","E18000002","","E08000001","E05000654"
"BL1 2TT",10,372338,409943,"E92000001","E19000001","E18000002","","E08000001","E05000654"
"BL1 2TU",10,372479,409990,"E92000001","E19000001","E18000002","","E08000001","E05000667"
"BL1 2TW",10,372397,409996,"E92000001","E19000001","E18000002","","E08000001","E05000667"
"BL1 2TX",10,372283,409809,"E92000001","E19000001","E18000002","","E08000001","E05000654"
"BL1 2UA",10,371929,409678,"E92000001","E19000001","E18000002","","E08000001","E05000654"
"BL1 2UT",10,371475,410241,"E92000001","E19000001","E18000002","","E08000001","E05000657"
"BL1 2UU",10,371514,410230,"E92000001","E19000001","E18000002","","E08000001","E05000657"
"BL1 2UX",10,371489,410211,"E92000001","E19000001","E18000002","","E08000001","E05000657"
"BL1 2UY",10,371453,410214,"E92000001","E19000001","E18000002","","E08000001","E05000657"
"BL1 2UZ",10,371416,410217,"E92000001","E19000001","E18000002","","E08000001","E05000657"
"BL1 2XA",10,371253,409966,"E92000001","E19000001","E18000002","","E08000001","E05000657"
"BL1 2XB",10,371234,409969,"E92000001","E19000001","E18000002","","E08000001","E05000657"
"BL1 2XD",10,371243,410021,"E92000001","E19000001","E18000002","","E08000001","E05000657"
"BL1 2XE",10,371195,409979,"E92000001","E19000001","E18000002","","E08000001","E05000657"
"BL1 2XF",10,371208,410020,"E92000001","E19000001","E18000002","","E08000001","E05000657"
"BL1 2XG",10,371182,410002,"E92000001","E19000001","E18000002","","E08000001","E05000657"
"BL1 2XH",10,371128,410050,"E92000001","E19000001","E18000002","","E08000001","E05000657"
"BL1 2XJ",10,371149,410026,"E92000001","E19000001","E18000002","","E08000001","E05000657"
"BL1 2XL",10,371124,410005,"E92000001","E19000001","E18000002","","E08000001","E05000657"
"BL1 2XN",10,371287,410042,"E92000001","E19000001","E18000002","","E08000001","E05000657"
"BL1 2XP",10,371209,409630,"E92000001","E19000001","E18000002","","E08000001","E05000657"
"BL1 2XQ",10,371171,410059,"E92000001","E19000001","E18000002","","E08000001","E05000657"
"BL1 2XR",10,371449,409682,"E92000001","E19000001","E18000002","","E08000001","E05000657"
"BL1 2XS",10,371356,409667,"E92000001","E19000001","E18000002","","E08000001","E05000657"
"BL1 2XW",10,371270,409653,"E92000001","E19000001","E18000002","","E08000001","E05000657"
"BL1 3AA",10,370895,409678,"E92000001","E19000001","E18000002","","E08000001","E05000657"
"BL1 3AB",10,370904,409701,"E92000001","E19000001","E18000002","","E08000001","E05000657"
"BL1 3AD",10,370803,409670,"E92000001","E19000001","E18000002","","E08000001","E05000657"
"BL1 3AE",10,370724,409757,"E92000001","E19000001","E18000002","","E08000001","E05000657"
"BL1 3AF",10,370710,409895,"E92000001","E19000001","E18000002","","E08000001","E05000657"
"BL1 3AG",10,370485,409810,"E92000001","E19000001","E18000002","","E08000001","E05000657"
"BL1 3AH",10,370831,409649,"E92000001","E19000001","E18000002","","E08000001","E05000657"
"BL1 3AJ",10,370669,409731,"E92000001","E19000001","E18000002","","E08000001","E05000657"
"BL1 3AL",10,370752,409781,"E92000001","E19000001","E18000002","","E08000001","E05000657"
"BL1 3AN",10,370663,409900,"E92000001","E19000001","E18000002","","E08000001","E05000657"
"BL1 3AP",10,370563,409864,"E92000001","E19000001","E18000002","","E08000001","E05000657"
"BL1 3AQ",10,370666,409952,"E92000001","E19000001","E18000002","","E08000001","E05000657"
"BL1 3AR",10,370614,409842,"E92000001","E19000001","E18000002","","E08000001","E05000657"
"BL1 3AS",10,370485,409810,"E92000001","E19000001","E18000002","","E08000001","E05000657"
"BL1 3AT",10,370568,409841,"E92000001","E19000001","E18000002","","E08000001","E05000657"
"BL1 3AU",10,370523,409929,"E92000001","E19000001","E18000002","","E08000001","E05000657"
"BL1 3AW",10,370642,409966,"E92000001","E19000001","E18000002","","E08000001","E05000657"
"BL1 3AX",10,370558,409965,"E92000001","E19000001","E18000002","","E08000001","E05000657"
"BL1 3AY",10,370573,409988,"E92000001","E19000001","E18000002","","E08000001","E05000657"
"BL1 3AZ",10,370482,409954,"E92000001","E19000001","E18000002","","E08000001","E05000657"
"BL1 3BA",10,370477,409904,"E92000001","E19000001","E18000002","","E08000001","E05000657"
"BL1 3BB",10,370636,409886,"E92000001","E19000001","E18000002","","E08000001","E05000657"
"BL1 3BD",10,370427,409896,"E92000001","E19000001","E18000002","","E08000001","E05000657"
"BL1 3BE",10,370305,410005,"E92000001","E19000001","E18000002","","E08000001","E05000657"
"BL1 3BG",10,370392,409976,"E92000001","E19000001","E18000002","","E08000001","E05000657"
"BL1 3BH",10,370447,410058,"E92000001","E19000001","E18000002","","E08000001","E05000657"
"BL1 3BJ",10,370513,410059,"E92000001","E19000001","E18000002","","E08000001","E05000657"
"BL1 3BL",10,370520,410118,"E92000001","E19000001","E18000002","","E08000001","E05000657"
"BL1 3BN",10,370362,410098,"E92000001","E19000001","E18000002","","E08000001","E05000657"
"BL1 3BP",10,370436,410006,"E92000001","E19000001","E18000002","","E08000001","E05000657"
"BL1 3BQ",10,370469,409971,"E92000001","E19000001","E18000002","","E08000001","E05000657"
"BL1 3BR",10,370399,410033,"E92000001","E19000001","E18000002","","E08000001","E05000657"
"BL1 3BS",10,370325,410087,"E92000001","E19000001","E18000002","","E08000001","E05000657"
"BL1 3BT",10,370335,410205,"E92000001","E19000001","E18000002","","E08000001","E05000657"
"BL1 3BU",10,370344,410226,"E92000001","E19000001","E18000002","","E08000001","E05000657"
"BL1 3BW",10,370320,410030,"E92000001","E19000001","E18000002","","E08000001","E05000657"
"BL1 3BX",10,370425,410295,"E92000001","E19000001","E18000002","","E08000001","E05000657"
"BL1 3BY",10,370388,410187,"E92000001","E19000001","E18000002","","E08000001","E05000657"
"BL1 3DA",10,370552,409895,"E92000001","E19000001","E18000002","","E08000001","E05000657"
"BL1 3DB",50,370552,409895,"E92000001","E19000001","E18000002","","E08000001","E05000657"
"BL1 3DE",10,370545,410555,"E92000001","E19000001","E18000002","","E08000001","E05000657"
"BL1 3DG",10,370889,410205,"E92000001","E19000001","E18000002","","E08000001","E05000657"
"BL1 3DH",10,370874,410270,"E92000001","E19000001","E18000002","","E08000001","E05000657"
"BL1 3DJ",10,370928,410264,"E92000001","E19000001","E18000002","","E08000001","E05000657"
"BL1 3DL",10,370957,410247,"E92000001","E19000001","E18000002","","E08000001","E05000657"
"BL1 3DN",10,370977,410276,"E92000001","E19000001","E18000002","","E08000001","E05000657"
"BL1 3DP",10,370975,410344,"E92000001","E19000001","E18000002","","E08000001","E05000657"
"BL1 3DQ",10,370929,410219,"E92000001","E19000001","E18000002","","E08000001","E05000657"
"BL1 3DR",10,370935,410322,"E92000001","E19000001","E18000002","","E08000001","E05000657"
"BL1 3DS",10,370850,410340,"E92000001","E19000001","E18000002","","E08000001","E05000657"
"BL1 3DT",10,370921,410347,"E92000001","E19000001","E18000002","","E08000001","E05000657"
"BL1 3DU",10,371045,410383,"E92000001","E19000001","E18000002","","E08000001","E05000657"
"BL1 3DW",10,370976,410302,"E92000001","E19000001","E18000002","","E08000001","E05000657"
"BL1 3DX",10,370944,410382,"E92000001","E19000001","E18000002","","E08000001","E05000657"
"BL1 3EF",10,370698,410322,"E92000001","E19000001","E18000002","","E08000001","E05000657"
"BL1 3EG",10,370621,410514,"E92000001","E19000001","E18000002","","E08000001","E05000657"
"BL1 3EH",10,370542,410473,"E92000001","E19000001","E18000002","","E08000001","E05000657"
"BL1 3EJ",10,370429,410512,"E92000001","E19000001","E18000002","","E08000001","E05000657"
"BL1 3EN",10,370733,410527,"E92000001","E19000001","E18000002","","E08000001","E05000654"
"BL1 3EQ",10,370545,410498,"E92000001","E19000001","E18000002","","E08000001","E05000657"
"BL1 3ER",10,370607,410621,"E92000001","E19000001","E18000002","","E08000001","E05000654"
"BL1 3ET",10,370425,410659,"E92000001","E19000001","E18000002","","E08000001","E05000654"
"BL1 3EU",10,370288,410687,"E92000001","E19000001","E18000002","","E08000001","E05000654"
"BL1 3EW",10,370651,410558,"E92000001","E19000001","E18000002","","E08000001","E05000657"
"BL1 3EX",10,370294,410738,"E92000001","E19000001","E18000002","","E08000001","E05000654"
"BL1 3EY",10,370448,410680,"E92000001","E19000001","E18000002","","E08000001","E05000654"
"BL1 3EZ",10,370320,410757,"E92000001","E19000001","E18000002","","E08000001","E05000654"
"BL1 3HA",10,370372,410808,"E92000001","E19000001","E18000002","","E08000001","E05000654"
"BL1 3HB",10,370582,410674,"E92000001","E19000001","E18000002","","E08000001","E05000654"
"BL1 3HD",10,370666,410633,"E92000001","E19000001","E18000002","","E08000001","E05000654"
"BL1 3HE",10,370681,410706,"E92000001","E19000001","E18000002","","E08000001","E05000654"
"BL1 3HF",10,370584,410702,"E92000001","E19000001","E18000002","","E08000001","E05000654"
"BL1 3HG",10,370857,410618,"E92000001","E19000001","E18000002","","E08000001","E05000654"
"BL1 3HJ",10,370503,410773,"E92000001","E19000001","E18000002","","E08000001","E05000654"
"BL1 3HL",10,370558,410334,"E92000001","E19000001","E18000002","","E08000001","E05000657"
"BL1 3HN",10,370846,410521,"E92000001","E19000001","E18000002","","E08000001","E05000654"
"BL1 3HP",10,370774,410886,"E92000001","E19000001","E18000002","","E08000001","E05000654"
"BL1 3HQ",10,370539,411022,"E92000001","E19000001","E18000002","","E08000001","E05000654"
"BL1 3HR",10,370824,410513,"E92000001","E19000001","E18000002","","E08000001","E05000654"
"BL1 3HS",10,370820,410563,"E92000001","E19000001","E18000002","","E08000001","E05000654"
"BL1 3HT",10,370757,410530,"E92000001","E19000001","E18000002","","E08000001","E05000654"
"BL1 3HU",10,370598,410326,"E92000001","E19000001","E18000002","","E08000001","E05000657"
"BL1 3HW",10,370890,410547,"E92000001","E19000001","E18000002","","E08000001","E05000654"
"BL1 3HX",10,370698,410296,"E92000001","E19000001","E18000002","","E08000001","E05000657"
"BL1 3HY",10,370768,410248,"E92000001","E19000001","E18000002","","E08000001","E05000657"
"BL1 3HZ",10,370770,410322,"E92000001","E19000001","E18000002","","E08000001","E05000657"
"BL1 3JA",10,370778,410816,"E92000001","E19000001","E18000002","","E08000001","E05000654"
"BL1 3JB",10,370730,410657,"E92000001","E19000001","E18000002","","E08000001","E05000654"
"BL1 3JD",10,370573,410794,"E92000001","E19000001","E18000002","","E08000001","E05000654"
"BL1 3JE",10,370658,410734,"E92000001","E19000001","E18000002","","E08000001","E05000654"
"BL1 3JF",10,370657,410783,"E92000001","E19000001","E18000002","","E08000001","E05000654"
"BL1 3JG",10,370656,410842,"E92000001","E19000001","E18000002","","E08000001","E05000654"
"BL1 3JH",10,370719,410789,"E92000001","E19000001","E18000002","","E08000001","E05000654"
"BL1 3JJ",10,370753,410854,"E92000001","E19000001","E18000002","","E08000001","E05000654"
"BL1 3JL",10,370753,410880,"E92000001","E19000001","E18000002","","E08000001","E05000654"
"BL1 3JN",10,370649,410886,"E92000001","E19000001","E18000002","","E08000001","E05000654"
"BL1 3JP",10,370438,410810,"E92000001","E19000001","E18000002","","E08000001","E05000654"
"BL1 3JQ",10,370604,410799,"E92000001","E19000001","E18000002","","E08000001","E05000654"
"BL1 3JR",10,370692,410911,"E92000001","E19000001","E18000002","","E08000001","E05000654"
"BL1 3JS",10,370569,410973,"E92000001","E19000001","E18000002","","E08000001","E05000654"
"BL1 3JT",10,370541,410892,"E92000001","E19000001","E18000002","","E08000001","E05000654"
"BL1 3JU",10,370497,410984,"E92000001","E19000001","E18000002","","E08000001","E05000654"
"BL1 3JW",10,370592,410911,"E92000001","E19000001","E18000002","","E08000001","E05000654"
"BL1 3JX",10,370416,410961,"E92000001","E19000001","E18000002","","E08000001","E05000654"
"BL1 3JY",10,370492,410960,"E92000001","E19000001","E18000002","","E08000001","E05000654"
"BL1 3JZ",10,370466,410901,"E92000001","E19000001","E18000002","","E08000001","E05000654"
"BL1 3LA",10,370386,411021,"E92000001","E19000001","E18000002","","E08000001","E05000654"
"BL1 3LB",10,370371,410998,"E92000001","E19000001","E18000002","","E08000001","E05000654"
"BL1 3LD",10,370388,410959,"E92000001","E19000001","E18000002","","E08000001","E05000654"
"BL1 3LE",10,370355,410863,"E92000001","E19000001","E18000002","","E08000001","E05000654"
"BL1 3LF",10,370277,410818,"E92000001","E19000001","E18000002","","E08000001","E05000654"
"BL1 3LG",10,370286,411015,"E92000001","E19000001","E18000002","","E08000001","E05000654"
"BL1 3LH",10,370287,410892,"E92000001","E19000001","E18000002","","E08000001","E05000654"
"BL1 3LJ",10,370216,410982,"E92000001","E19000001","E18000002","","E08000001","E05000654"
"BL1 3LL",10,370220,411036,"E92000001","E19000001","E18000002","","E08000001","E05000654"
"BL1 3LN",10,370257,411044,"E92000001","E19000001","E18000002","","E08000001","E05000654"
"BL1 3LP",10,370294,411106,"E92000001","E19000001","E18000002","","E08000001","E05000654"
"BL1 3LQ",10,370259,410892,"E92000001","E19000001","E18000002","","E08000001","E05000654"
"BL1 3LR",10,370147,411175,"E92000001","E19000001","E18000002","","E08000001","E05000666"
"BL1 3LS",10,370284,411284,"E92000001","E19000001","E18000002","","E08000001","E05000666"
"BL1 3LT",10,370335,411354,"E92000001","E19000001","E18000002","","E08000001","E05000666"
"BL1 3LU",10,370368,411390,"E92000001","E19000001","E18000002","","E08000001","E05000666"
"BL1 3LW",10,370176,411115,"E92000001","E19000001","E18000002","","E08000001","E05000654"
"BL1 3LX",10,370273,411402,"E92000001","E19000001","E18000002","","E08000001","E05000666"
"BL1 3LY",10,370195,411344,"E92000001","E19000001","E18000002","","E08000001","E05000666"
"BL1 3NA",10,371080,410567,"E92000001","E19000001","E18000002","","E08000001","E05000654"
"BL1 3ND",10,370586,410575,"E92000001","E19000001","E18000002","","E08000001","E05000657"
"BL1 3NE",10,371444,410464,"E92000001","E19000001","E18000002","","E08000001","E05000657"
"BL1 3NF",10,371400,410510,"E92000001","E19000001","E18000002","","E08000001","E05000657"
"BL1 3NG",10,371315,410490,"E92000001","E19000001","E18000002","","E08000001","E05000657"
"BL1 3NH",10,371339,410479,"E92000001","E19000001","E18000002","","E08000001","E05000657"
"BL1 3NJ",10,371254,410481,"E92000001","E19000001","E18000002","","E08000001","E05000657"
"BL1 3NL",10,371310,410540,"E92000001","E19000001","E18000002","","E08000001","E05000657"
"BL1 3NN",10,371322,410586,"E92000001","E19000001","E18000002","","E08000001","E05000657"
"BL1 3NP",10,371259,410511,"E92000001","E19000001","E18000002","","E08000001","E05000657"
"BL1 3NQ",10,371303,410520,"E92000001","E19000001","E18000002","","E08000001","E05000657"
"BL1 3NR",10,371489,410542,"E92000001","E19000001","E18000002","","E08000001","E05000654"
"BL1 3NS",10,371479,410477,"E92000001","E19000001","E18000002","","E08000001","E05000654"
"BL1 3NT",10,371180,410686,"E92000001","E19000001","E18000002","","E08000001","E05000654"
"BL1 3NW",10,371253,410587,"E92000001","E19000001","E18000002","","E08000001","E05000657"
"BL1 3NX",10,371072,410594,"E92000001","E19000001","E18000002","","E08000001","E05000654"
"BL1 3NY",10,371037,410581,"E92000001","E19000001","E18000002","","E08000001","E05000654"
"BL1 3NZ",10,370996,410620,"E92000001","E19000001","E18000002","","E08000001","E05000654"
"BL1 3PA",10,371226,410541,"E92000001","E19000001","E18000002","","E08000001","E05000657"
"BL1 3PB",10,370957,410680,"E92000001","E19000001","E18000002","","E08000001","E05000654"
"BL1 3PD",10,371069,410678,"E92000001","E19000001","E18000002","","E08000001","E05000654"
"BL1 3PE",10,371066,410738,"E92000001","E19000001","E18000002","","E08000001","E05000654"
"BL1 3PF",10,370969,410804,"E92000001","E19000001","E18000002","","E08000001","E05000654"
"BL1 3PG",10,370867,410814,"E92000001","E19000001","E18000002","","E08000001","E05000654"
"BL1 3PH",10,370885,410653,"E92000001","E19000001","E18000002","","E08000001","E05000654"
"BL1 3PJ",10,370929,410755,"E92000001","E19000001","E18000002","","E08000001","E05000654"
"BL1 3PL",10,370873,410748,"E92000001","E19000001","E18000002","","E08000001","E05000654"
"BL1 3PN",10,370835,410679,"E92000001","E19000001","E18000002","","E08000001","E05000654"
"BL1 3PP",10,370859,410671,"E92000001","E19000001","E18000002","","E08000001","E05000654"
"BL1 3PQ",10,370864,410832,"E92000001","E19000001","E18000002","","E08000001","E05000654"
"BL1 3PR",10,370851,410693,"E92000001","E19000001","E18000002","","E08000001","E05000654"
"BL1 3PS",10,370794,410672,"E92000001","E19000001","E18000002","","E08000001","E05000654"
"BL1 3PT",10,370799,410627,"E92000001","E19000001","E18000002","","E08000001","E05000654"
"BL1 3PU",10,370903,410669,"E92000001","E19000001","E18000002","","E08000001","E05000654"
"BL1 3PW",10,370848,410715,"E92000001","E19000001","E18000002","","E08000001","E05000654"
"BL1 3PX",10,370320,410961,"E92000001","E19000001","E18000002","","E08000001","E05000654"
"BL1 3PY",10,370972,410718,"E92000001","E19000001","E18000002","","E08000001","E05000654"
"BL1 3PZ",10,370838,410812,"E92000001","E19000001","E18000002","","E08000001","E05000654"
"BL1 3QA",10,371050,410689,"E92000001","E19000001","E18000002","","E08000001","E05000654"
"BL1 3QB",10,371024,410807,"E92000001","E19000001","E18000002","","E08000001","E05000654"
"BL1 3QD",10,371143,410741,"E92000001","E19000001","E18000002","","E08000001","E05000654"
"BL1 3QE",10,371305,410820,"E92000001","E19000001","E18000002","","E08000001","E05000654"
"BL1 3QF",10,371551,410463,"E92000001","E19000001","E18000002","","E08000001","E05000654"
"BL1 3QG",10,371341,410872,"E92000001","E19000001","E18000002","","E08000001","E05000654"
"BL1 3QH",10,371536,410447,"E92000001","E19000001","E18000002","","E08000001","E05000654"
"BL1 3QJ",10,371254,410683,"E92000001","E19000001","E18000002","","E08000001","E05000654"
"BL1 3QL",10,371282,410676,"E92000001","E19000001","E18000002","","E08000001","E05000654"
"BL1 3QN",10,371359,410598,"E92000001","E19000001","E18000002","","E08000001","E05000654"
"BL1 3QP",10,371471,410669,"E92000001","E19000001","E18000002","","E08000001","E05000654"
"BL1 3QQ",10,371345,410807,"E92000001","E19000001","E18000002","","E08000001","E05000654"
"BL1 3QS",10,371562,410374,"E92000001","E19000001","E18000002","","E08000001","E05000654"
"BL1 3QT",10,371271,410751,"E92000001","E19000001","E18000002","","E08000001","E05000654"
"BL1 3QU",10,371297,410768,"E92000001","E19000001","E18000002","","E08000001","E05000654"
"BL1 3QW",10,371435,410566,"E92000001","E19000001","E18000002","","E08000001","E05000654"
"BL1 3QX",10,371404,410640,"E92000001","E19000001","E18000002","","E08000001","E05000654"
"BL1 3QY",10,371281,410713,"E92000001","E19000001","E18000002","","E08000001","E05000654"
"BL1 3QZ",10,371326,410671,"E92000001","E19000001","E18000002","","E08000001","E05000654"
"BL1 3RA",10,371342,410377,"E92000001","E19000001","E18000002","","E08000001","E05000657"
"BL1 3RB",10,371376,410355,"E92000001","E19000001","E18000002","","E08000001","E05000657"
"BL1 3RD",10,371455,410356,"E92000001","E19000001","E18000002","","E08000001","E05000657"
"BL1 3RF",10,371124,410278,"E92000001","E19000001","E18000002","","E08000001","E05000657"
"BL1 3RG",10,371518,410280,"E92000001","E19000001","E18000002","","E08000001","E05000657"
"BL1 3RH",10,371279,410208,"E92000001","E19000001","E18000002","","E08000001","E05000657"
"BL1 3RJ",10,371052,410252,"E92000001","E19000001","E18000002","","E08000001","E05000657"
"BL1 3RL",10,371439,410329,"E92000001","E19000001","E18000002","","E08000001","E05000657"
"BL1 3RN",10,371162,410274,"E92000001","E19000001","E18000002","","E08000001","E05000657"
"BL1 3RP",10,371179,410301,"E92000001","E19000001","E18000002","","E08000001","E05000657"
"BL1 3RQ",10,371089,410304,"E92000001","E19000001","E18000002","","E08000001","E05000657"
"BL1 3RR",10,371189,410284,"E92000001","E19000001","E18000002","","E08000001","E05000657"
"BL1 3RS",10,371207,410266,"E92000001","E19000001","E18000002","","E08000001","E05000657"
"BL1 3RT",10,371222,410290,"E92000001","E19000001","E18000002","","E08000001","E05000657"
"BL1 3RU",10,371212,410307,"E92000001","E19000001","E18000002","","E08000001","E05000657"
"BL1 3RW",10,371169,410319,"E92000001","E19000001","E18000002","","E08000001","E05000657"
"BL1 3RX",10,371213,410330,"E92000001","E19000001","E18000002","","E08000001","E05000657"
"BL1 3RY",10,371210,410179,"E92000001","E19000001","E18000002","","E08000001","E05000657"
"BL1 3RZ",10,371252,410308,"E92000001","E19000001","E18000002","","E08000001","E05000657"
"BL1 3SA",10,371482,410385,"E92000001","E19000001","E18000002","","E08000001","E05000657"
"BL1 3SB",10,371502,410377,"E92000001","E19000001","E18000002","","E08000001","E05000657"
"BL1 3SD",10,371546,410332,"E92000001","E19000001","E18000002","","E08000001","E05000657"
"BL1 3SE",10,371527,410362,"E92000001","E19000001","E18000002","","E08000001","E05000657"
"BL1 3SF",10,371518,410344,"E92000001","E19000001","E18000002","","E08000001","E05000657"
"BL1 3SG",10,371274,410536,"E92000001","E19000001","E18000002","","E08000001","E05000657"
"BL1 3SH",10,371561,410319,"E92000001","E19000001","E18000002","","E08000001","E05000657"
"BL1 3SJ",10,371573,410305,"E92000001","E19000001","E18000002","","E08000001","E05000657"
"BL1 3SN",10,371171,410612,"E92000001","E19000001","E18000002","","E08000001","E05000654"
"BL1 3SP",10,371118,410637,"E92000001","E19000001","E18000002","","E08000001","E05000654"
"BL1 3SQ",10,371446,410283,"E92000001","E19000001","E18000002","","E08000001","E05000657"
"BL1 3SR",10,371101,410676,"E92000001","E19000001","E18000002","","E08000001","E05000654"
"BL1 3SS",10,371084,410629,"E92000001","E19000001","E18000002","","E08000001","E05000654"
"BL1 3ST",10,371159,410178,"E92000001","E19000001","E18000002","","E08000001","E05000657"
"BL1 3SU",10,371371,410449,"E92000001","E19000001","E18000002","","E08000001","E05000657"
"BL1 3SW",10,371159,410584,"E92000001","E19000001","E18000002","","E08000001","E05000654"
"BL1 3SX",10,371382,410414,"E92000001","E19000001","E18000002","","E08000001","E05000657"
"BL1 3SY",10,371411,410392,"E92000001","E19000001","E18000002","","E08000001","E05000657"
"BL1 3SZ",10,371404,410429,"E92000001","E19000001","E18000002","","E08000001","E05000657"
"BL1 3TA",10,371307,410367,"E92000001","E19000001","E18000002","","E08000001","E05000657"
"BL1 3TB",10,371283,410351,"E92000001","E19000001","E18000002","","E08000001","E05000657"
"BL1 3TD",10,371260,410381,"E92000001","E19000001","E18000002","","E08000001","E05000657"
"BL1 3TE",10,371172,410391,"E92000001","E19000001","E18000002","","E08000001","E05000657"
"BL1 3TF",10,371215,410385,"E92000001","E19000001","E18000002","","E08000001","E05000657"
"BL1 3TG",10,371184,410415,"E92000001","E19000001","E18000002","","E08000001","E05000657"
"BL1 3TH",10,371295,410422,"E92000001","E19000001","E18000002","","E08000001","E05000657"
"BL1 3TJ",10,371196,410445,"E92000001","E19000001","E18000002","","E08000001","E05000657"
"BL1 3TL",10,371209,410456,"E92000001","E19000001","E18000002","","E08000001","E05000657"
"BL1 3TN",10,371200,410475,"E92000001","E19000001","E18000002","","E08000001","E05000657"
"BL1 3TP",10,371046,410519,"E92000001","E19000001","E18000002","","E08000001","E05000654"
"BL1 3TQ",10,371245,410426,"E92000001","E19000001","E18000002","","E08000001","E05000657"
"BL1 3TS",10,371002,410553,"E92000001","E19000001","E18000002","","E08000001","E05000654"
"BL1 3TT",10,371064,410517,"E92000001","E19000001","E18000002","","E08000001","E05000654"
"BL1 3TU",10,371083,410516,"E92000001","E19000001","E18000002","","E08000001","E05000654"
"BL1 3TX",10,371139,410528,"E92000001","E19000001","E18000002","","E08000001","E05000654"
"BL1 3TY",10,371137,410566,"E92000001","E19000001","E18000002","","E08000001","E05000654"
"BL1 3TZ",10,371014,410483,"E92000001","E19000001","E18000002","","E08000001","E05000657"
"BL1 3UA",10,371070,410477,"E92000001","E19000001","E18000002","","E08000001","E05000657"
"BL1 3UB",10,371124,410362,"E92000001","E19000001","E18000002","","E08000001","E05000657"
"BL1 3UD",10,371308,410713,"E92000001","E19000001","E18000002","","E08000001","E05000654"
"BL1 3UE",10,371363,410709,"E92000001","E19000001","E18000002","","E08000001","E05000654"
"BL1 3UF",10,371362,410671,"E92000001","E19000001","E18000002","","E08000001","E05000654"
"BL1 3UG",10,371379,410661,"E92000001","E19000001","E18000002","","E08000001","E05000654"
"BL1 3UH",10,371423,410657,"E92000001","E19000001","E18000002","","E08000001","E05000654"
"BL1 3UJ",10,371406,410608,"E92000001","E19000001","E18000002","","E08000001","E05000654"
"BL1 3UL",10,371438,410644,"E92000001","E19000001","E18000002","","E08000001","E05000654"
"BL1 3UN",10,371417,410589,"E92000001","E19000001","E18000002","","E08000001","E05000654"
"BL1 3UP",10,371173,410513,"E92000001","E19000001","E18000002","","E08000001","E05000657"
"BL1 3UQ",10,371393,410630,"E92000001","E19000001","E18000002","","E08000001","E05000654"
"BL1 3UR",10,371015,410344,"E92000001","E19000001","E18000002","","E08000001","E05000657"
"BL1 3US",10,371183,410348,"E92000001","E19000001","E18000002","","E08000001","E05000657"
"BL1 3UT",10,371066,410320,"E92000001","E19000001","E18000002","","E08000001","E05000657"
"BL1 3UU",10,371511,410597,"E92000001","E19000001","E18000002","","E08000001","E05000654"
"BL1 3UW",10,371460,410640,"E92000001","E19000001","E18000002","","E08000001","E05000654"
"BL1 3UX",10,371081,410424,"E92000001","E19000001","E18000002","","E08000001","E05000657"
"BL1 3XA",10,370601,410461,"E92000001","E19000001","E18000002","","E08000001","E05000657"
"BL1 3XB",10,370664,410463,"E92000001","E19000001","E18000002","","E08000001","E05000657"
"BL1 3XD",10,370645,410404,"E92000001","E19000001","E18000002","","E08000001","E05000657"
"BL1 3XE",10,370618,410372,"E92000001","E19000001","E18000002","","E08000001","E05000657"
"BL1 3XF",10,370548,410391,"E92000001","E19000001","E18000002","","E08000001","E05000657"
"BL1 3XG",10,370494,410406,"E92000001","E19000001","E18000002","","E08000001","E05000657"
"BL1 3XH",10,370648,410250,"E92000001","E19000001","E18000002","","E08000001","E05000657"
"BL1 3XQ",10,370608,410357,"E92000001","E19000001","E18000002","","E08000001","E05000657"
"BL1 4AA",10,371296,409226,"E92000001","E19000001","E18000002","","E08000001","E05000657"
"BL1 4AD",10,371279,409216,"E92000001","E19000001","E18000002","","E08000001","E05000657"
"BL1 4AG",10,370997,409074,"E92000001","E19000001","E18000002","","E08000001","E05000657"
"BL1 4AL",10,371055,409505,"E92000001","E19000001","E18000002","","E08000001","E05000657"
"BL1 4AN",10,371087,409528,"E92000001","E19000001","E18000002","","E08000001","E05000657"
"BL1 4AP",10,370749,409599,"E92000001","E19000001","E18000002","","E08000001","E05000657"
"BL1 4AQ",10,371284,409180,"E92000001","E19000001","E18000002","","E08000001","E05000657"
"BL1 4AR",10,370737,409640,"E92000001","E19000001","E18000002","","E08000001","E05000657"
"BL1 4AT",10,370485,409810,"E92000001","E19000001","E18000002","","E08000001","E05000657"
"BL1 4AW",10,371161,409468,"E92000001","E19000001","E18000002","","E08000001","E05000657"
"BL1 4AY",10,371045,409204,"E92000001","E19000001","E18000002","","E08000001","E05000657"
"BL1 4AZ",10,370907,409503,"E92000001","E19000001","E18000002","","E08000001","E05000657"
"BL1 4BA",10,370526,409612,"E92000001","E19000001","E18000002","","E08000001","E05000657"
"BL1 4BB",10,370590,409605,"E92000001","E19000001","E18000002","","E08000001","E05000657"
"BL1 4BD",10,370707,409656,"E92000001","E19000001","E18000002","","E08000001","E05000657"
"BL1 4BE",10,370609,409669,"E92000001","E19000001","E18000002","","E08000001","E05000657"
"BL1 4BG",10,370600,409693,"E92000001","E19000001","E18000002","","E08000001","E05000657"
"BL1 4BH",10,370607,409714,"E92000001","E19000001","E18000002","","E08000001","E05000657"
"BL1 4BJ",10,370472,409639,"E92000001","E19000001","E18000002","","E08000001","E05000657"
"BL1 4BL",10,370439,409579,"E92000001","E19000001","E18000002","","E08000001","E05000657"
"BL1 4BN",10,370479,409693,"E92000001","E19000001","E18000002","","E08000001","E05000657"
"BL1 4BP",10,370319,409653,"E92000001","E19000001","E18000002","","E08000001","E05000657"
"BL1 4BR",10,370309,409575,"E92000001","E19000001","E18000002","","E08000001","E05000657"
"BL1 4BS",10,370364,409506,"E92000001","E19000001","E18000002","","E08000001","E05000657"
"BL1 4BT",10,370378,409579,"E92000001","E19000001","E18000002","","E08000001","E05000657"
"BL1 4BU",10,370403,409521,"E92000001","E19000001","E18000002","","E08000001","E05000657"
"BL1 4BW",10,370435,409679,"E92000001","E19000001","E18000002","","E08000001","E05000657"
"BL1 4BX",10,370421,409527,"E92000001","E19000001","E18000002","","E08000001","E05000657"
"BL1 4BY",10,370503,409541,"E92000001","E19000001","E18000002","","E08000001","E05000657"
"BL1 4DA",10,370584,409557,"E92000001","E19000001","E18000002","","E08000001","E05000657"
"BL1 4DH",10,370272,409483,"E92000001","E19000001","E18000002","","E08000001","E05000657"
"BL1 4DL",10,370260,409534,"E92000001","E19000001","E18000002","","E08000001","E05000657"
"BL1 4DN",10,370159,409538,"E92000001","E19000001","E18000002","","E08000001","E05000657"
"BL1 4DP",10,370190,409550,"E92000001","E19000001","E18000002","","E08000001","E05000657"
"BL1 4DQ",10,371261,409229,"E92000001","E19000001","E18000002","","E08000001","E05000657"
"BL1 4DR",10,370226,409501,"E92000001","E19000001","E18000002","","E08000001","E05000657"
"BL1 4DS",10,370146,409633,"E92000001","E19000001","E18000002","","E08000001","E05000657"
"BL1 4DT",10,370090,409597,"E92000001","E19000001","E18000002","","E08000001","E05000657"
"BL1 4DU",10,370068,409567,"E92000001","E19000001","E18000002","","E08000001","E05000657"
"BL1 4DW",10,370144,409604,"E92000001","E19000001","E18000002","","E08000001","E05000657"
"BL1 4DX",10,370073,409695,"E92000001","E19000001","E18000002","","E08000001","E05000657"
"BL1 4DY",10,370016,409783,"E92000001","E19000001","E18000002","","E08000001","E05000657"
"BL1 4DZ",10,370007,409728,"E92000001","E19000001","E18000002","","E08000001","E05000657"
"BL1 4EA",10,370008,409601,"E92000001","E19000001","E18000002","","E08000001","E05000657"
"BL1 4EB",10,370027,409494,"E92000001","E19000001","E18000002","","E08000001","E05000657"
"BL1 4ED",10,369961,409732,"E92000001","E19000001","E18000002","","E08000001","E05000657"
"BL1 4EE",10,370005,409490,"E92000001","E19000001","E18000002","","E08000001","E05000657"
"BL1 4EF",10,369956,409584,"E92000001","E19000001","E18000002","","E08000001","E05000666"
"BL1 4EG",10,369852,409731,"E92000001","E19000001","E18000002","","E08000001","E05000666"
"BL1 4EH",10,369651,409710,"E92000001","E19000001","E18000002","","E08000001","E05000666"
"BL1 4EJ",10,369704,409731,"E92000001","E19000001","E18000002","","E08000001","E05000666"
"BL1 4EL",10,369839,409780,"E92000001","E19000001","E18000002","","E08000001","E05000666"
"BL1 4EN",10,369917,409903,"E92000001","E19000001","E18000002","","E08000001","E05000666"
"BL1 4EP",10,369853,409692,"E92000001","E19000001","E18000002","","E08000001","E05000666"
"BL1 4EQ",10,369714,409676,"E92000001","E19000001","E18000002","","E08000001","E05000666"
"BL1 4ER",10,369670,410061,"E92000001","E19000001","E18000002","","E08000001","E05000666"
"BL1 4ET",10,369607,410010,"E92000001","E19000001","E18000002","","E08000001","E05000666"
"BL1 4EU",10,370113,410058,"E92000001","E19000001","E18000002","","E08000001","E05000657"
"BL1 4EX",10,369633,410113,"E92000001","E19000001","E18000002","","E08000001","E05000666"
"BL1 4EY",10,369727,410093,"E92000001","E19000001","E18000002","","E08000001","E05000666"
"BL1 4EZ",50,369727,410093,"E92000001","E19000001","E18000002","","E08000001","E05000666"
"BL1 4FD",10,371936,410296,"E92000001","E19000001","E18000002","","E08000001","E05000654"
"BL1 4FX",10,371936,410296,"E92000001","E19000001","E18000002","","E08000001","E05000654"
"BL1 4GJ",10,371936,410296,"E92000001","E19000001","E18000002","","E08000001","E05000654"
"BL1 4GQ",10,369736,410165,"E92000001","E19000001","E18000002","","E08000001","E05000666"
"BL1 4GR",10,371297,409216,"E92000001","E19000001","E18000002","","E08000001","E05000657"
"BL1 4HG",10,370202,409727,"E92000001","E19000001","E18000002","","E08000001","E05000657"
"BL1 4HH",10,370330,409737,"E92000001","E19000001","E18000002","","E08000001","E05000657"
"BL1 4HJ",10,370251,409673,"E92000001","E19000001","E18000002","","E08000001","E05000657"
"BL1 4HL",10,370223,409788,"E92000001","E19000001","E18000002","","E08000001","E05000657"
"BL1 4HN",10,370137,409739,"E92000001","E19000001","E18000002","","E08000001","E05000657"
"BL1 4HP",10,370210,409774,"E92000001","E19000001","E18000002","","E08000001","E05000657"
"BL1 4HR",10,370121,409676,"E92000001","E19000001","E18000002","","E08000001","E05000657"
"BL1 4HS",10,370135,409779,"E92000001","E19000001","E18000002","","E08000001","E05000657"
"BL1 4HT",10,370177,409753,"E92000001","E19000001","E18000002","","E08000001","E05000657"
"BL1 4HW",10,370009,409817,"E92000001","E19000001","E18000002","","E08000001","E05000657"
"BL1 4JA",10,370302,409931,"E92000001","E19000001","E18000002","","E08000001","E05000657"
"BL1 4JB",10,369940,410147,"E92000001","E19000001","E18000002","","E08000001","E05000666"
"BL1 4JD",10,370269,410122,"E92000001","E19000001","E18000002","","E08000001","E05000657"
"BL1 4JE",10,370231,410087,"E92000001","E19000001","E18000002","","E08000001","E05000657"
"BL1 4JG",10,370248,410135,"E92000001","E19000001","E18000002","","E08000001","E05000657"
"BL1 4JH",10,370192,410228,"E92000001","E19000001","E18000002","","E08000001","E05000657"
"BL1 4JL",10,370234,410004,"E92000001","E19000001","E18000002","","E08000001","E05000657"
"BL1 4JN",10,370261,410247,"E92000001","E19000001","E18000002","","E08000001","E05000657"
"BL1 4JP",10,370189,410271,"E92000001","E19000001","E18000002","","E08000001","E05000657"
"BL1 4JQ",10,370282,410231,"E92000001","E19000001","E18000002","","E08000001","E05000657"
"BL1 4JS",10,369940,410147,"E92000001","E19000001","E18000002","","E08000001","E05000666"
"BL1 4JU",10,370085,410172,"E92000001","E19000001","E18000002","","E08000001","E05000657"
"BL1 4JW",10,370208,410160,"E92000001","E19000001","E18000002","","E08000001","E05000657"
"BL1 4JX",10,370150,410193,"E92000001","E19000001","E18000002","","E08000001","E05000657"
"BL1 4JY",10,370131,410210,"E92000001","E19000001","E18000002","","E08000001","E05000657"
"BL1 4JZ",10,370092,410227,"E92000001","E19000001","E18000002","","E08000001","E05000657"
"BL1 4LA",10,370086,409864,"E92000001","E19000001","E18000002","","E08000001","E05000657"
"BL1 4LD",10,371241,409157,"E92000001","E19000001","E18000002","","E08000001","E05000657"
"BL1 4LG",10,370273,408868,"E92000001","E19000001","E18000002","","E08000001","E05000657"
"BL1 4LH",10,370507,409025,"E92000001","E19000001","E18000002","","E08000001","E05000657"
"BL1 4LJ",10,370332,408994,"E92000001","E19000001","E18000002","","E08000001","E05000657"
"BL1 4LL",10,370304,408932,"E92000001","E19000001","E18000002","","E08000001","E05000657"
"BL1 4LN",10,369878,409020,"E92000001","E19000001","E18000002","","E08000001","E05000659"
"BL1 4LR",10,369896,409078,"E92000001","E19000001","E18000002","","E08000001","E05000659"
"BL1 4LS",10,369804,409096,"E92000001","E19000001","E18000002","","E08000001","E05000659"
"BL1 4LT",10,369777,409152,"E92000001","E19000001","E18000002","","E08000001","E05000659"
"BL1 4LU",10,369723,409148,"E92000001","E19000001","E18000002","","E08000001","E05000659"
"BL1 4LW",10,369805,409072,"E92000001","E19000001","E18000002","","E08000001","E05000659"
"BL1 4LX",10,369679,409197,"E92000001","E19000001","E18000002","","E08000001","E05000659"
"BL1 4LY",10,369643,409178,"E92000001","E19000001","E18000002","","E08000001","E05000659"
"BL1 4LZ",10,369578,409228,"E92000001","E19000001","E18000002","","E08000001","E05000659"
"BL1 4NA",10,369717,409285,"E92000001","E19000001","E18000002","","E08000001","E05000659"
"BL1 4NB",10,369777,409237,"E92000001","E19000001","E18000002","","E08000001","E05000659"
"BL1 4ND",10,369671,409578,"E92000001","E19000001","E18000002","","E08000001","E05000666"
"BL1 4NE",10,369792,409514,"E92000001","E19000001","E18000002","","E08000001","E05000666"
"BL1 4NF",10,369722,409650,"E92000001","E19000001","E18000002","","E08000001","E05000666"
"BL1 4NG",10,369784,409654,"E92000001","E19000001","E18000002","","E08000001","E05000666"
"BL1 4NH",10,369871,409496,"E92000001","E19000001","E18000002","","E08000001","E05000666"
"BL1 4NJ",10,369882,409572,"E92000001","E19000001","E18000002","","E08000001","E05000666"
"BL1 4NN",10,369904,409572,"E92000001","E19000001","E18000002","","E08000001","E05000666"
"BL1 4NQ",10,369832,409561,"E92000001","E19000001","E18000002","","E08000001","E05000666"
"BL1 4NR",10,369768,409405,"E92000001","E19000001","E18000002","","E08000001","E05000666"
"BL1 4NW",10,369952,409476,"E92000001","E19000001","E18000002","","E08000001","E05000666"
"BL1 4NX",10,370029,409429,"E92000001","E19000001","E18000002","","E08000001","E05000657"
"BL1 4NY",10,369642,409081,"E92000001","E19000001","E18000002","","E08000001","E05000659"
"BL1 4PA",10,369981,409347,"E92000001","E19000001","E18000002","","E08000001","E05000657"
"BL1 4PB",10,369981,409347,"E92000001","E19000001","E18000002","","E08000001","E05000657"
"BL1 4PD",10,369864,409434,"E92000001","E19000001","E18000002","","E08000001","E05000666"
"BL1 4PE",10,369834,409398,"E92000001","E19000001","E18000002","","E08000001","E05000666"
"BL1 4PF",10,369705,409394,"E92000001","E19000001","E18000002","","E08000001","E05000666"
"BL1 4PG",10,369604,409537,"E92000001","E19000001","E18000002","","E08000001","E05000659"
"BL1 4PH",10,369722,409324,"E92000001","E19000001","E18000002","","E08000001","E05000659"
"BL1 4PJ",10,369689,409514,"E92000001","E19000001","E18000002","","E08000001","E05000666"
"BL1 4PL",10,369603,409457,"E92000001","E19000001","E18000002","","E08000001","E05000659"
"BL1 4PN",10,369635,409813,"E92000001","E19000001","E18000002","","E08000001","E05000666"
"BL1 4PP",10,369582,409870,"E92000001","E19000001","E18000002","","E08000001","E05000666"
"BL1 4PQ",10,369575,409698,"E92000001","E19000001","E18000002","","E08000001","E05000659"
"BL1 4PR",10,369509,409921,"E92000001","E19000001","E18000002","","E08000001","E05000659"
"BL1 4PS",10,369526,409855,"E92000001","E19000001","E18000002","","E08000001","E05000659"
"BL1 4PT",10,369652,409882,"E92000001","E19000001","E18000002","","E08000001","E05000666"
"BL1 4PU",10,369659,409961,"E92000001","E19000001","E18000002","","E08000001","E05000666"
"BL1 4PW",10,369812,409797,"E92000001","E19000001","E18000002","","E08000001","E05000666"
"BL1 4PX",10,369724,409923,"E92000001","E19000001","E18000002","","E08000001","E05000666"
"BL1 4PY",10,369749,409889,"E92000001","E19000001","E18000002","","E08000001","E05000666"
"BL1 4PZ",10,369769,410049,"E92000001","E19000001","E18000002","","E08000001","E05000666"
"BL1 4QB",10,369792,410125,"E92000001","E19000001","E18000002","","E08000001","E05000666"
"BL1 4QD",10,369881,410109,"E92000001","E19000001","E18000002","","E08000001","E05000666"
"BL1 4QE",10,369842,410024,"E92000001","E19000001","E18000002","","E08000001","E05000666"
"BL1 4QF",10,369919,409945,"E92000001","E19000001","E18000002","","E08000001","E05000666"
"BL1 4QG",10,369967,410170,"E92000001","E19000001","E18000002","","E08000001","E05000666"
"BL1 4QH",10,369825,409893,"E92000001","E19000001","E18000002","","E08000001","E05000666"
"BL1 4QN",10,369600,409488,"E92000001","E19000001","E18000002","","E08000001","E05000659"
"BL1 4QP",10,370699,409529,"E92000001","E19000001","E18000002","","E08000001","E05000657"
"BL1 4QQ",10,369704,409449,"E92000001","E19000001","E18000002","","E08000001","E05000666"
"BL1 4QR",10,370856,409570,"E92000001","E19000001","E18000002","","E08000001","E05000657"
"BL1 4QT",10,370812,409501,"E92000001","E19000001","E18000002","","E08000001","E05000657"
"BL1 4QZ",10,370396,409453,"E92000001","E19000001","E18000002","","E08000001","E05000657"
"BL1 4RA",10,370451,409467,"E92000001","E19000001","E18000002","","E08000001","E05000657"
"BL1 4RB",10,370457,409429,"E92000001","E19000001","E18000002","","E08000001","E05000657"
"BL1 4RD",10,370249,409301,"E92000001","E19000001","E18000002","","E08000001","E05000657"
"BL1 4RE",10,370395,409390,"E92000001","E19000001","E18000002","","E08000001","E05000657"
"BL1 4RF",10,370361,409260,"E92000001","E19000001","E18000002","","E08000001","E05000657"
"BL1 4RG",10,370329,409201,"E92000001","E19000001","E18000002","","E08000001","E05000657"
"BL1 4RH",10,370230,409234,"E92000001","E19000001","E18000002","","E08000001","E05000657"
"BL1 4RJ",10,370196,409270,"E92000001","E19000001","E18000002","","E08000001","E05000657"
"BL1 4RL",10,370180,409247,"E92000001","E19000001","E18000002","","E08000001","E05000657"
"BL1 4RN",10,370259,409191,"E92000001","E19000001","E18000002","","E08000001","E05000657"
"BL1 4RP",10,370259,409094,"E92000001","E19000001","E18000002","","E08000001","E05000657"
"BL1 4RQ",10,370456,409127,"E92000001","E19000001","E18000002","","E08000001","E05000657"
"BL1 4RR",10,370329,409105,"E92000001","E19000001","E18000002","","E08000001","E05000657"
"BL1 4RS",10,370333,409071,"E92000001","E19000001","E18000002","","E08000001","E05000657"
"BL1 4RT",10,370242,409067,"E92000001","E19000001","E18000002","","E08000001","E05000657"
"BL1 4RU",10,370641,409077,"E92000001","E19000001","E18000002","","E08000001","E05000657"
"BL1 4RW",10,370279,409173,"E92000001","E19000001","E18000002","","E08000001","E05000657"
"BL1 4RX",10,370584,409034,"E92000001","E19000001","E18000002","","E08000001","E05000657"
"BL1 4RY",10,370534,408988,"E92000001","E19000001","E18000002","","E08000001","E05000657"
"BL1 4RZ",10,370519,409006,"E92000001","E19000001","E18000002","","E08000001","E05000657"
"BL1 4SA",10,370519,408962,"E92000001","E19000001","E18000002","","E08000001","E05000657"
"BL1 4SB",10,370537,408923,"E92000001","E19000001","E18000002","","E08000001","E05000657"
"BL1 4SE",10,370638,408870,"E92000001","E19000001","E18000002","","E08000001","E05000657"
"BL1 4SF",10,370421,408973,"E92000001","E19000001","E18000002","","E08000001","E05000657"
"BL1 4SG",10,370622,408929,"E92000001","E19000001","E18000002","","E08000001","E05000657"
"BL1 4SH",10,370678,408957,"E92000001","E19000001","E18000002","","E08000001","E05000657"
"BL1 4SJ",10,370735,408958,"E92000001","E19000001","E18000002","","E08000001","E05000657"
"BL1 4SL",10,370816,408981,"E92000001","E19000001","E18000002","","E08000001","E05000657"
"BL1 4SN",10,371134,409071,"E92000001","E19000001","E18000002","","E08000001","E05000657"
"BL1 4SQ",10,370638,408937,"E92000001","E19000001","E18000002","","E08000001","E05000657"
"BL1 4SS",10,371061,409110,"E92000001","E19000001","E18000002","","E08000001","E05000657"
"BL1 4ST",10,370543,408890,"E92000001","E19000001","E18000002","","E08000001","E05000657"
"BL1 4SU",10,370743,408905,"E92000001","E19000001","E18000002","","E08000001","E05000657"
"BL1 4SW",10,370440,408942,"E92000001","E19000001","E18000002","","E08000001","E05000657"
"BL1 4SX",10,370587,408905,"E92000001","E19000001","E18000002","","E08000001","E05000657"
"BL1 4TA",10,371335,409166,"E92000001","E19000001","E18000002","","E08000001","E05000657"
"BL1 4TB",10,370840,408936,"E92000001","E19000001","E18000002","","E08000001","E05000657"
"BL1 4TG",10,371246,409058,"E92000001","E19000001","E18000002","","E08000001","E05000657"
"BL1 4TH",10,371303,409094,"E92000001","E19000001","E18000002","","E08000001","E05000657"
"BL1 4TP",10,371400,409057,"E92000001","E19000001","E18000002","","E08000001","E05000657"
"BL1 4TQ",10,371162,409037,"E92000001","E19000001","E18000002","","E08000001","E05000657"
"BL1 4TR",10,371075,408975,"E92000001","E19000001","E18000002","","E08000001","E05000657"
"BL1 4TS",10,371125,408976,"E92000001","E19000001","E18000002","","E08000001","E05000657"
"BL1 4TT",10,371164,408984,"E92000001","E19000001","E18000002","","E08000001","E05000657"
"BL1 4TU",10,371251,409008,"E92000001","E19000001","E18000002","","E08000001","E05000657"
"BL1 4TX",10,371231,408952,"E92000001","E19000001","E18000002","","E08000001","E05000657"
"BL1 4UA",10,370352,409827,"E92000001","E19000001","E18000002","","E08000001","E05000657"
"BL1 4UB",10,370214,409894,"E92000001","E19000001","E18000002","","E08000001","E05000657"
"BL1 4UD",10,370386,409858,"E92000001","E19000001","E18000002","","E08000001","E05000657"
"BL1 4UE",10,370237,409851,"E92000001","E19000001","E18000002","","E08000001","E05000657"
"BL1 4UF",10,370284,409894,"E92000001","E19000001","E18000002","","E08000001","E05000657"
"BL1 4UG",10,370256,409957,"E92000001","E19000001","E18000002","","E08000001","E05000657"
"BL1 4UH",10,370345,409890,"E92000001","E19000001","E18000002","","E08000001","E05000657"
"BL1 4UJ",10,370309,409818,"E92000001","E19000001","E18000002","","E08000001","E05000657"
"BL1 5AA",10,369463,409386,"E92000001","E19000001","E18000002","","E08000001","E05000659"
"BL1 5AB",10,367851,409604,"E92000001","E19000001","E18000002","","E08000001","E05000659"
"BL1 5AD",10,368867,409404,"E92000001","E19000001","E18000002","","E08000001","E05000659"
"BL1 5AE",10,368600,409480,"E92000001","E19000001","E18000002","","E08000001","E05000659"
"BL1 5AF",10,368562,409594,"E92000001","E19000001","E18000002","","E08000001","E05000659"
"BL1 5AG",10,368506,409702,"E92000001","E19000001","E18000002","","E08000001","E05000659"
"BL1 5AH",10,368529,409388,"E92000001","E19000001","E18000002","","E08000001","E05000659"
"BL1 5AJ",10,368359,409495,"E92000001","E19000001","E18000002","","E08000001","E05000659"
"BL1 5AL",10,368374,409635,"E92000001","E19000001","E18000002","","E08000001","E05000659"
"BL1 5AN",10,368266,409699,"E92000001","E19000001","E18000002","","E08000001","E05000659"
"BL1 5AQ",10,368657,409665,"E92000001","E19000001","E18000002","","E08000001","E05000659"
"BL1 5AR",10,368179,409808,"E92000001","E19000001","E18000002","","E08000001","E05000659"
"BL1 5AS",10,367999,409739,"E92000001","E19000001","E18000002","","E08000001","E05000659"
"BL1 5AT",10,367792,409415,"E92000001","E19000001","E18000002","","E08000001","E05000659"
"BL1 5AU",10,367835,409524,"E92000001","E19000001","E18000002","","E08000001","E05000659"
"BL1 5AW",10,368364,409798,"E92000001","E19000001","E18000002","","E08000001","E05000659"
"BL1 5AX",10,367786,409532,"E92000001","E19000001","E18000002","","E08000001","E05000659"
"BL1 5AY",10,367907,409440,"E92000001","E19000001","E18000002","","E08000001","E05000659"
"BL1 5AZ",10,368011,409403,"E92000001","E19000001","E18000002","","E08000001","E05000659"
"BL1 5BA",10,368174,409422,"E92000001","E19000001","E18000002","","E08000001","E05000659"
"BL1 5BB",10,368197,409603,"E92000001","E19000001","E18000002","","E08000001","E05000659"
"BL1 5BD",10,368419,409531,"E92000001","E19000001","E18000002","","E08000001","E05000659"
"BL1 5BE",10,368707,409450,"E92000001","E19000001","E18000002","","E08000001","E05000659"
"BL1 5BF",10,369263,409257,"E92000001","E19000001","E18000002","","E08000001","E05000659"
"BL1 5BG",10,369478,409293,"E92000001","E19000001","E18000002","","E08000001","E05000659"
"BL1 5BH",10,368085,409661,"E92000001","E19000001","E18000002","","E08000001","E05000659"
"BL1 5BJ",10,369319,409153,"E92000001","E19000001","E18000002","","E08000001","E05000659"
"BL1 5BL",10,367882,409646,"E92000001","E19000001","E18000002","","E08000001","E05000659"
"BL1 5BN",10,368469,409438,"E92000001","E19000001","E18000002","","E08000001","E05000659"
"BL1 5BP",10,369278,409310,"E92000001","E19000001","E18000002","","E08000001","E05000659"
"BL1 5BQ",10,367999,409516,"E92000001","E19000001","E18000002","","E08000001","E05000659"
"BL1 5BR",10,369604,409320,"E92000001","E19000001","E18000002","","E08000001","E05000659"
"BL1 5BU",10,369426,408990,"E92000001","E19000001","E18000002","","E08000001","E05000659"
"BL1 5BW",10,368762,409403,"E92000001","E19000001","E18000002","","E08000001","E05000659"
"BL1 5BX",10,369344,408847,"E92000001","E19000001","E18000002","","E08000001","E05000659"
"BL1 5BY",10,369078,408961,"E92000001","E19000001","E18000002","","E08000001","E05000659"
"BL1 5BZ",10,367969,409465,"E92000001","E19000001","E18000002","","E08000001","E05000659"
"BL1 5DA",10,369077,409314,"E92000001","E19000001","E18000002","","E08000001","E05000659"
"BL1 5DB",10,368100,409220,"E92000001","E19000001","E18000002","","E08000001","E05000659"
"BL1 5DD",10,368594,409262,"E92000001","E19000001","E18000002","","E08000001","E05000659"
"BL1 5DE",10,368541,409114,"E92000001","E19000001","E18000002","","E08000001","E05000659"
"BL1 5DF",10,368773,409073,"E92000001","E19000001","E18000002","","E08000001","E05000659"
"BL1 5DG",10,368318,409298,"E92000001","E19000001","E18000002","","E08000001","E05000659"
"BL1 5DH",10,368477,409309,"E92000001","E19000001","E18000002","","E08000001","E05000659"
"BL1 5DJ",10,367827,409106,"E92000001","E19000001","E18000002","","E08000001","E05000659"
"BL1 5DL",10,367866,408942,"E92000001","E19000001","E18000002","","E08000001","E05000659"
"BL1 5DN",10,367576,409406,"E92000001","E19000001","E18000002","","E08000001","E05000659"
"BL1 5DP",10,367498,409226,"E92000001","E19000001","E18000002","","E08000001","E05000659"
"BL1 5DQ",10,367947,409144,"E92000001","E19000001","E18000002","","E08000001","E05000659"
"BL1 5DR",10,367550,409333,"E92000001","E19000001","E18000002","","E08000001","E05000659"
"BL1 5DS",10,367350,409802,"E92000001","E19000001","E18000002","","E08000001","E05000659"
"BL1 5DT",10,368920,409188,"E92000001","E19000001","E18000002","","E08000001","E05000659"
"BL1 5DU",10,368972,409280,"E92000001","E19000001","E18000002","","E08000001","E05000659"
"BL1 5DW",10,367457,409427,"E92000001","E19000001","E18000002","","E08000001","E05000659"
"BL1 5DX",10,368991,409243,"E92000001","E19000001","E18000002","","E08000001","E05000659"
"BL1 5DY",10,368870,409191,"E92000001","E19000001","E18000002","","E08000001","E05000659"
"BL1 5DZ",10,368879,409147,"E92000001","E19000001","E18000002","","E08000001","E05000659"
"BL1 5EA",10,368790,410028,"E92000001","E19000001","E18000002","","E08000001","E05000659"
"BL1 5EB",10,368671,409979,"E92000001","E19000001","E18000002","","E08000001","E05000659"
"BL1 5ED",10,368870,409859,"E92000001","E19000001","E18000002","","E08000001","E05000659"
"BL1 5EE",10,368850,409699,"E92000001","E19000001","E18000002","","E08000001","E05000659"
"BL1 5EF",10,368759,409806,"E92000001","E19000001","E18000002","","E08000001","E05000659"
"BL1 5EG",10,368546,409849,"E92000001","E19000001","E18000002","","E08000001","E05000659"
"BL1 5EH",10,368657,409780,"E92000001","E19000001","E18000002","","E08000001","E05000659"
"BL1 5EJ",10,368426,409974,"E92000001","E19000001","E18000002","","E08000001","E05000659"
"BL1 5EL",10,368504,409838,"E92000001","E19000001","E18000002","","E08000001","E05000659"
"BL1 5EN",10,368193,409974,"E92000001","E19000001","E18000002","","E08000001","E05000659"
"BL1 5EP",10,368468,409505,"E92000001","E19000001","E18000002","","E08000001","E05000659"
"BL1 5EQ",10,368457,409878,"E92000001","E19000001","E18000002","","E08000001","E05000659"
"BL1 5ER",10,368357,409941,"E92000001","E19000001","E18000002","","E08000001","E05000659"
"BL1 5ES",10,368162,409857,"E92000001","E19000001","E18000002","","E08000001","E05000659"
"BL1 5ET",10,368138,410012,"E92000001","E19000001","E18000002","","E08000001","E05000659"
"BL1 5EU",10,368006,410090,"E92000001","E19000001","E18000002","","E08000001","E05000659"
"BL1 5EW",10,368206,409880,"E92000001","E19000001","E18000002","","E08000001","E05000659"
"BL1 5EX",10,368252,409256,"E92000001","E19000001","E18000002","","E08000001","E05000659"
"BL1 5EY",10,368392,409862,"E92000001","E19000001","E18000002","","E08000001","E05000659"
"BL1 5FA",10,368917,409531,"E92000001","E19000001","E18000002","","E08000001","E05000659"
"BL1 5FB",10,368691,409554,"E92000001","E19000001","E18000002","","E08000001","E05000659"
"BL1 5FD",10,368753,409478,"E92000001","E19000001","E18000002","","E08000001","E05000659"
"BL1 5FE",10,368722,409491,"E92000001","E19000001","E18000002","","E08000001","E05000659"
"BL1 5FF",10,368778,409583,"E92000001","E19000001","E18000002","","E08000001","E05000659"
"BL1 5FG",10,368869,409537,"E92000001","E19000001","E18000002","","E08000001","E05000659"
"BL1 5FH",10,368583,409571,"E92000001","E19000001","E18000002","","E08000001","E05000659"
"BL1 5FJ",10,368984,409558,"E92000001","E19000001","E18000002","","E08000001","E05000659"
"BL1 5FQ",10,368904,409588,"E92000001","E19000001","E18000002","","E08000001","E05000659"
"BL1 5FR",10,368954,409712,"E92000001","E19000001","E18000002","","E08000001","E05000659"
"BL1 5FS",10,371936,410296,"E92000001","E19000001","E18000002","","E08000001","E05000654"
"BL1 5FY",10,369203,409918,"E92000001","E19000001","E18000002","","E08000001","E05000659"
"BL1 5GJ",10,369009,409129,"E92000001","E19000001","E18000002","","E08000001","E05000659"
"BL1 5GP",10,369028,409411,"E92000001","E19000001","E18000002","","E08000001","E05000659"
"BL1 5GQ",10,368313,409815,"E92000001","E19000001","E18000002","","E08000001","E05000659"
"BL1 5GR",10,369513,409194,"E92000001","E19000001","E18000002","","E08000001","E05000659"
"BL1 5GS",10,369327,409251,"E92000001","E19000001","E18000002","","E08000001","E05000659"
"BL1 5GT",10,369288,409176,"E92000001","E19000001","E18000002","","E08000001","E05000659"
"BL1 5GU",10,369178,409257,"E92000001","E19000001","E18000002","","E08000001","E05000659"
"BL1 5GW",10,369560,409485,"E92000001","E19000001","E18000002","","E08000001","E05000659"
"BL1 5GX",10,369147,409270,"E92000001","E19000001","E18000002","","E08000001","E05000659"
"BL1 5GY",10,369692,410202,"E92000001","E19000001","E18000002","","E08000001","E05000666"
"BL1 5HA",10,369104,409196,"E92000001","E19000001","E18000002","","E08000001","E05000659"
"BL1 5HD",10,369158,409568,"E92000001","E19000001","E18000002","","E08000001","E05000659"
"BL1 5HE",10,369560,409485,"E92000001","E19000001","E18000002","","E08000001","E05000659"
"BL1 5HF",10,369483,409693,"E92000001","E19000001","E18000002","","E08000001","E05000659"
"BL1 5HG",10,369385,409749,"E92000001","E19000001","E18000002","","E08000001","E05000659"
"BL1 5HH",10,369509,409381,"E92000001","E19000001","E18000002","","E08000001","E05000659"
"BL1 5HL",10,369261,409386,"E92000001","E19000001","E18000002","","E08000001","E05000659"
"BL1 5HN",10,369176,409739,"E92000001","E19000001","E18000002","","E08000001","E05000659"
"BL1 5HP",10,369376,409507,"E92000001","E19000001","E18000002","","E08000001","E05000659"
"BL1 5HQ",10,369401,409683,"E92000001","E19000001","E18000002","","E08000001","E05000659"
"BL1 5HS",10,369461,409511,"E92000001","E19000001","E18000002","","E08000001","E05000659"
"BL1 5HT",10,369186,409438,"E92000001","E19000001","E18000002","","E08000001","E05000659"
"BL1 5HU",10,369344,409640,"E92000001","E19000001","E18000002","","E08000001","E05000659"
"BL1 5HW",10,369152,409777,"E92000001","E19000001","E18000002","","E08000001","E05000659"
"BL1 5HX",10,369281,409703,"E92000001","E19000001","E18000002","","E08000001","E05000659"
"BL1 5HY",10,369175,409703,"E92000001","E19000001","E18000002","","E08000001","E05000659"
"BL1 5HZ",10,369019,409979,"E92000001","E19000001","E18000002","","E08000001","E05000659"
"BL1 5JA",10,368881,409966,"E92000001","E19000001","E18000002","","E08000001","E05000659"
"BL1 5JB",10,368966,409994,"E92000001","E19000001","E18000002","","E08000001","E05000659"
"BL1 5JD",10,369334,409084,"E92000001","E19000001","E18000002","","E08000001","E05000659"
"BL1 5JE",10,369055,409694,"E92000001","E19000001","E18000002","","E08000001","E05000659"
"BL1 5JF",10,369140,409528,"E92000001","E19000001","E18000002","","E08000001","E05000659"
"BL1 5JG",10,369344,409410,"E92000001","E19000001","E18000002","","E08000001","E05000659"
"BL1 5JH",10,369278,409417,"E92000001","E19000001","E18000002","","E08000001","E05000659"
"BL1 5JL",10,369079,409402,"E92000001","E19000001","E18000002","","E08000001","E05000659"
"BL1 5JN",10,369885,410188,"E92000001","E19000001","E18000002","","E08000001","E05000666"
"BL1 5JP",10,369943,410192,"E92000001","E19000001","E18000002","","E08000001","E05000666"
"BL1 5JQ",10,369310,409482,"E92000001","E19000001","E18000002","","E08000001","E05000659"
"BL1 5JS",10,369233,409517,"E92000001","E19000001","E18000002","","E08000001","E05000659"
"BL1 5JT",10,369860,410217,"E92000001","E19000001","E18000002","","E08000001","E05000666"
"BL1 5JU",10,369775,410233,"E92000001","E19000001","E18000002","","E08000001","E05000666"
"BL1 5JW",10,369827,410235,"E92000001","E19000001","E18000002","","E08000001","E05000666"
"BL1 5JX",10,369866,410146,"E92000001","E19000001","E18000002","","E08000001","E05000666"
"BL1 5JY",10,369802,410170,"E92000001","E19000001","E18000002","","E08000001","E05000666"
"BL1 5JZ",10,369718,410287,"E92000001","E19000001","E18000002","","E08000001","E05000666"
"BL1 5LA",10,369596,410273,"E92000001","E19000001","E18000002","","E08000001","E05000666"
"BL1 5LB",10,369492,410188,"E92000001","E19000001","E18000002","","E08000001","E05000659"
"BL1 5LD",10,369515,410046,"E92000001","E19000001","E18000002","","E08000001","E05000659"
"BL1 5LE",10,369416,409981,"E92000001","E19000001","E18000002","","E08000001","E05000659"
"BL1 5LF",10,369334,409912,"E92000001","E19000001","E18000002","","E08000001","E05000659"
"BL1 5LG",10,369304,409875,"E92000001","E19000001","E18000002","","E08000001","E05000659"
"BL1 5LH",10,369410,409928,"E92000001","E19000001","E18000002","","E08000001","E05000659"
"BL1 5LJ",10,369056,410022,"E92000001","E19000001","E18000002","","E08000001","E05000659"
"BL1 5LL",10,369160,409968,"E92000001","E19000001","E18000002","","E08000001","E05000659"
"BL1 5LN",10,369285,410166,"E92000001","E19000001","E18000002","","E08000001","E05000659"
"BL1 5LP",10,369308,410220,"E92000001","E19000001","E18000002","","E08000001","E05000659"
"BL1 5LQ",10,369175,409854,"E92000001","E19000001","E18000002","","E08000001","E05000659"
"BL1 5LR",10,369386,409996,"E92000001","E19000001","E18000002","","E08000001","E05000659"
"BL1 5LS",10,369433,410074,"E92000001","E19000001","E18000002","","E08000001","E05000659"
"BL1 5LT",10,369376,410045,"E92000001","E19000001","E18000002","","E08000001","E05000659"
"BL1 5LU",10,369355,410118,"E92000001","E19000001","E18000002","","E08000001","E05000659"
"BL1 5LW",10,369276,410007,"E92000001","E19000001","E18000002","","E08000001","E05000659"
"BL1 5LX",10,369416,410175,"E92000001","E19000001","E18000002","","E08000001","E05000659"
"BL1 5LY",10,369358,410143,"E92000001","E19000001","E18000002","","E08000001","E05000659"
"BL1 5LZ",10,369442,410264,"E92000001","E19000001","E18000002","","E08000001","E05000659"
"BL1 5NA",10,369440,410171,"E92000001","E19000001","E18000002","","E08000001","E05000659"
"BL1 5NB",10,369485,410077,"E92000001","E19000001","E18000002","","E08000001","E05000659"
"BL1 5ND",10,369345,410181,"E92000001","E19000001","E18000002","","E08000001","E05000659"
"BL1 5NE",10,369195,409143,"E92000001","E19000001","E18000002","","E08000001","E05000659"
"BL1 5NG",10,368514,409239,"E92000001","E19000001","E18000002","","E08000001","E05000659"
"BL1 5NH",10,368809,410072,"E92000001","E19000001","E18000002","","E08000001","E05000659"
"BL1 5NJ",10,368956,410133,"E92000001","E19000001","E18000002","","E08000001","E05000659"
"BL1 5NL",10,369046,410176,"E92000001","E19000001","E18000002","","E08000001","E05000659"
"BL1 5NN",10,369217,410086,"E92000001","E19000001","E18000002","","E08000001","E05000659"
"BL1 5NP",10,369147,410072,"E92000001","E19000001","E18000002","","E08000001","E05000659"
"BL1 5NQ",10,368653,410067,"E92000001","E19000001","E18000002","","E08000001","E05000659"
"BL1 5NR",10,369119,410191,"E92000001","E19000001","E18000002","","E08000001","E05000659"
"BL1 5NS",10,369165,410169,"E92000001","E19000001","E18000002","","E08000001","E05000659"
"BL1 5NT",10,369052,410220,"E92000001","E19000001","E18000002","","E08000001","E05000666"
"BL1 5NU",10,368893,410214,"E92000001","E19000001","E18000002","","E08000001","E05000666"
"BL1 5NW",10,369184,410045,"E92000001","E19000001","E18000002","","E08000001","E05000659"
"BL1 5NX",10,368841,410089,"E92000001","E19000001","E18000002","","E08000001","E05000659"
"BL1 5NY",10,368894,410065,"E92000001","E19000001","E18000002","","E08000001","E05000659"
"BL1 5NZ",10,368800,410141,"E92000001","E19000001","E18000002","","E08000001","E05000666"
"BL1 5PA",10,368697,410064,"E92000001","E19000001","E18000002","","E08000001","E05000659"
"BL1 5PB",10,368504,410091,"E92000001","E19000001","E18000002","","E08000001","E05000666"
"BL1 5PD",10,368256,410067,"E92000001","E19000001","E18000002","","E08000001","E05000666"
"BL1 5PE",10,368587,410137,"E92000001","E19000001","E18000002","","E08000001","E05000666"
"BL1 5PF",10,368570,410234,"E92000001","E19000001","E18000002","","E08000001","E05000666"
"BL1 5PG",10,368689,410253,"E92000001","E19000001","E18000002","","E08000001","E05000666"
"BL1 5PH",10,368784,410223,"E92000001","E19000001","E18000002","","E08000001","E05000666"
"BL1 5PJ",10,368685,410199,"E92000001","E19000001","E18000002","","E08000001","E05000666"
"BL1 5PL",10,368797,410374,"E92000001","E19000001","E18000002","","E08000001","E05000666"
"BL1 5PN",10,368859,410215,"E92000001","E19000001","E18000002","","E08000001","E05000666"
"BL1 5PP",10,368873,410362,"E92000001","E19000001","E18000002","","E08000001","E05000666"
"BL1 5PQ",10,368799,410285,"E92000001","E19000001","E18000002","","E08000001","E05000666"
"BL1 5PR",10,368924,410308,"E92000001","E19000001","E18000002","","E08000001","E05000666"
"BL1 5PS",10,368952,410298,"E92000001","E19000001","E18000002","","E08000001","E05000666"
"BL1 5PT",10,369049,410294,"E92000001","E19000001","E18000002","","E08000001","E05000666"
"BL1 5PU",10,369096,410255,"E92000001","E19000001","E18000002","","E08000001","E05000666"
"BL1 5PW",10,368836,410264,"E92000001","E19000001","E18000002","","E08000001","E05000666"
"BL1 5PX",10,367855,410097,"E92000001","E19000001","E18000002","","E08000001","E05000659"
"BL1 5PY",10,368998,410235,"E92000001","E19000001","E18000002","","E08000001","E05000666"
"BL1 5QA",10,368361,409976,"E92000001","E19000001","E18000002","","E08000001","E05000659"
"BL1 5QB",10,367975,409068,"E92000001","E19000001","E18000002","","E08000001","E05000659"
"BL1 5QD",10,368863,410481,"E92000001","E19000001","E18000002","","E08000001","E05000666"
"BL1 5QE",10,368979,410397,"E92000001","E19000001","E18000002","","E08000001","E05000666"
"BL1 5QF",10,369017,410413,"E92000001","E19000001","E18000002","","E08000001","E05000666"
"BL1 5QG",10,368844,410511,"E92000001","E19000001","E18000002","","E08000001","E05000666"
"BL1 5QH",10,368918,410395,"E92000001","E19000001","E18000002","","E08000001","E05000666"
"BL1 5QJ",10,368926,410642,"E92000001","E19000001","E18000002","","E08000001","E05000666"
"BL1 5QL",10,368875,410524,"E92000001","E19000001","E18000002","","E08000001","E05000666"
"BL1 5QN",10,368732,410518,"E92000001","E19000001","E18000002","","E08000001","E05000666"
"BL1 5QP",10,368916,410638,"E92000001","E19000001","E18000002","","E08000001","E05000666"
"BL1 5QQ",10,368770,410581,"E92000001","E19000001","E18000002","","E08000001","E05000666"
"BL1 5QR",10,368734,410537,"E92000001","E19000001","E18000002","","E08000001","E05000666"
"BL1 5QS",10,368849,410680,"E92000001","E19000001","E18000002","","E08000001","E05000666"
"BL1 5QT",10,368767,410620,"E92000001","E19000001","E18000002","","E08000001","E05000666"
"BL1 5QW",10,368737,410521,"E92000001","E19000001","E18000002","","E08000001","E05000666"
"BL1 5QX",10,368796,410850,"E92000001","E19000001","E18000002","","E08000001","E05000666"
"BL1 5QY",10,368968,410804,"E92000001","E19000001","E18000002","","E08000001","E05000666"
"BL1 5QZ",10,368926,410834,"E92000001","E19000001","E18000002","","E08000001","E05000666"
"BL1 5RA",10,369023,410769,"E92000001","E19000001","E18000002","","E08000001","E05000666"
"BL1 5RB",10,368995,410702,"E92000001","E19000001","E18000002","","E08000001","E05000666"
"BL1 5RD",10,369064,410660,"E92000001","E19000001","E18000002","","E08000001","E05000666"
"BL1 5RE",10,369026,410605,"E92000001","E19000001","E18000002","","E08000001","E05000666"
"BL1 5RF",10,369046,410650,"E92000001","E19000001","E18000002","","E08000001","E05000666"
"BL1 5RG",10,368921,410499,"E92000001","E19000001","E18000002","","E08000001","E05000666"
"BL1 5RH",10,369142,410692,"E92000001","E19000001","E18000002","","E08000001","E05000666"
"BL1 5RJ",10,369184,410611,"E92000001","E19000001","E18000002","","E08000001","E05000666"
"BL1 5RL",10,369180,410654,"E92000001","E19000001","E18000002","","E08000001","E05000666"
"BL1 5RN",10,369379,410630,"E92000001","E19000001","E18000002","","E08000001","E05000666"
"BL1 5RP",10,369446,410756,"E92000001","E19000001","E18000002","","E08000001","E05000666"
"BL1 5RQ",10,369045,410535,"E92000001","E19000001","E18000002","","E08000001","E05000666"
"BL1 5RR",10,369379,410695,"E92000001","E19000001","E18000002","","E08000001","E05000666"
"BL1 5RS",10,369547,410627,"E92000001","E19000001","E18000002","","E08000001","E05000666"
"BL1 5RT",10,369581,410710,"E92000001","E19000001","E18000002","","E08000001","E05000666"
"BL1 5RU",10,369503,410678,"E92000001","E19000001","E18000002","","E08000001","E05000666"
"BL1 5RW",10,369428,410590,"E92000001","E19000001","E18000002","","E08000001","E05000666"
"BL1 5RX",10,369359,410633,"E92000001","E19000001","E18000002","","E08000001","E05000666"
"BL1 5RY",10,368116,410719,"E92000001","E19000001","E18000002","","E08000001","E05000666"
"BL1 5RZ",10,368790,410699,"E92000001","E19000001","E18000002","","E08000001","E05000666"
"BL1 5SA",10,369101,410620,"E92000001","E19000001","E18000002","","E08000001","E05000666"
"BL1 5SB",10,369749,410198,"E92000001","E19000001","E18000002","","E08000001","E05000666"
"BL1 5SD",10,368265,410602,"E92000001","E19000001","E18000002","","E08000001","E05000666"
"BL1 5SE",10,368288,410690,"E92000001","E19000001","E18000002","","E08000001","E05000666"
"BL1 5SF",10,368348,410724,"E92000001","E19000001","E18000002","","E08000001","E05000666"
"BL1 5SG",10,368033,410829,"E92000001","E19000001","E18000002","","E08000001","E05000666"
"BL1 5SH",10,368780,410470,"E92000001","E19000001","E18000002","","E08000001","E05000666"
"BL1 5SJ",10,368783,410503,"E92000001","E19000001","E18000002","","E08000001","E05000666"
"BL1 5SL",10,368555,410512,"E92000001","E19000001","E18000002","","E08000001","E05000666"
"BL1 5SN",10,368486,410636,"E92000001","E19000001","E18000002","","E08000001","E05000666"
"BL1 5SP",10,368552,410561,"E92000001","E19000001","E18000002","","E08000001","E05000666"
"BL1 5SQ",10,368053,410868,"E92000001","E19000001","E18000002","","E08000001","E05000666"
"BL1 5SR",10,368085,410744,"E92000001","E19000001","E18000002","","E08000001","E05000666"
"BL1 5SS",10,368276,410534,"E92000001","E19000001","E18000002","","E08000001","E05000666"
"BL1 5ST",10,367993,410431,"E92000001","E19000001","E18000002","","E08000001","E05000666"
"BL1 5SU",10,368010,410938,"E92000001","E19000001","E18000002","","E08000001","E05000666"
"BL1 5SW",10,368443,410645,"E92000001","E19000001","E18000002","","E08000001","E05000666"
"BL1 5SX",10,368273,410648,"E92000001","E19000001","E18000002","","E08000001","E05000666"
"BL1 5SY",10,368198,410679,"E92000001","E19000001","E18000002","","E08000001","E05000666"
"BL1 5SZ",10,368367,410657,"E92000001","E19000001","E18000002","","E08000001","E05000666"
"BL1 5TA",10,368510,410798,"E92000001","E19000001","E18000002","","E08000001","E05000666"
"BL1 5TB",10,368602,410860,"E92000001","E19000001","E18000002","","E08000001","E05000666"
"BL1 5TD",10,368609,410811,"E92000001","E19000001","E18000002","","E08000001","E05000666"
"BL1 5TE",10,368380,410798,"E92000001","E19000001","E18000002","","E08000001","E05000666"
"BL1 5TF",10,368232,410797,"E92000001","E19000001","E18000002","","E08000001","E05000666"
"BL1 5TG",10,368635,410648,"E92000001","E19000001","E18000002","","E08000001","E05000666"
"BL1 5TH",10,368659,410736,"E92000001","E19000001","E18000002","","E08000001","E05000666"
"BL1 5TL",10,368287,409226,"E92000001","E19000001","E18000002","","E08000001","E05000659"
"BL1 5TN",10,368161,409281,"E92000001","E19000001","E18000002","","E08000001","E05000659"
"BL1 5TP",10,368186,410713,"E92000001","E19000001","E18000002","","E08000001","E05000666"
"BL1 5TQ",10,368568,410616,"E92000001","E19000001","E18000002","","E08000001","E05000666"
"BL1 5TR",10,369457,409825,"E92000001","E19000001","E18000002","","E08000001","E05000659"
"BL1 5TS",10,368275,411033,"E92000001","E19000001","E18000002","","E08000001","E05000666"
"BL1 5TT",10,368094,410903,"E92000001","E19000001","E18000002","","E08000001","E05000666"
"BL1 5TU",10,368189,410880,"E92000001","E19000001","E18000002","","E08000001","E05000666"
"BL1 5TW",10,368925,410025,"E92000001","E19000001","E18000002","","E08000001","E05000659"
"BL1 5TX",10,368331,410933,"E92000001","E19000001","E18000002","","E08000001","E05000666"
"BL1 5TY",10,368436,411038,"E92000001","E19000001","E18000002","","E08000001","E05000666"
"BL1 5TZ",10,368612,411155,"E92000001","E19000001","E18000002","","E08000001","E05000666"
"BL1 5UA",10,368735,411259,"E92000001","E19000001","E18000002","","E08000001","E05000666"
"BL1 5UB",10,368106,410973,"E92000001","E19000001","E18000002","","E08000001","E05000666"
"BL1 5UD",10,368587,411180,"E92000001","E19000001","E18000002","","E08000001","E05000666"
"BL1 5UE",10,368493,411060,"E92000001","E19000001","E18000002","","E08000001","E05000666"
"BL1 5UF",10,368404,410916,"E92000001","E19000001","E18000002","","E08000001","E05000666"
"BL1 5UG",10,368780,411083,"E92000001","E19000001","E18000002","","E08000001","E05000666"
"BL1 5UH",10,368635,411266,"E92000001","E19000001","E18000002","","E08000001","E05000666"
"BL1 5UJ",10,368797,411292,"E92000001","E19000001","E18000002","","E08000001","E05000666"
"BL1 5UL",10,368840,411286,"E92000001","E19000001","E18000002","","E08000001","E05000666"
"BL1 5UN",10,368649,411057,"E92000001","E19000001","E18000002","","E08000001","E05000666"
"BL1 5UP",10,368849,411253,"E92000001","E19000001","E18000002","","E08000001","E05000666"
"BL1 5UQ",10,368615,411008,"E92000001","E19000001","E18000002","","E08000001","E05000666"
"BL1 5UR",10,368651,410919,"E92000001","E19000001","E18000002","","E08000001","E05000666"
"BL1 5US",10,368441,410867,"E92000001","E19000001","E18000002","","E08000001","E05000666"
"BL1 5UT",10,368538,410982,"E92000001","E19000001","E18000002","","E08000001","E05000666"
"BL1 5UU",10,369618,410186,"E92000001","E19000001","E18000002","","E08000001","E05000666"
"BL1 5UW",10,368687,411137,"E92000001","E19000001","E18000002","","E08000001","E05000666"
"BL1 5UX",10,369610,410132,"E92000001","E19000001","E18000002","","E08000001","E05000666"
"BL1 5UY",10,369557,410165,"E92000001","E19000001","E18000002","","E08000001","E05000666"
"BL1 5WA",10,368696,409727,"E92000001","E19000001","E18000002","","E08000001","E05000659"
"BL1 5WD",10,368637,409716,"E92000001","E19000001","E18000002","","E08000001","E05000659"
"BL1 5WW",10,371936,410296,"E92000001","E19000001","E18000002","","E08000001","E05000654"
"BL1 5XA",10,367587,409065,"E92000001","E19000001","E18000002","","E08000001","E05000659"
"BL1 5XB",10,367615,408921,"E92000001","E19000001","E18000002","","E08000001","E05000659"
"BL1 5XD",10,367711,408920,"E92000001","E19000001","E18000002","","E08000001","E05000659"
"BL1 5XE",10,367530,408926,"E92000001","E19000001","E18000002","","E08000001","E05000659"
"BL1 5XF",10,367673,409018,"E92000001","E19000001","E18000002","","E08000001","E05000659"
"BL1 5XG",10,367522,409057,"E92000001","E19000001","E18000002","","E08000001","E05000659"
"BL1 5XH",10,367566,408848,"E92000001","E19000001","E18000002","","E08000001","E05000659"
"BL1 5XJ",10,367583,409171,"E92000001","E19000001","E18000002","","E08000001","E05000659"
"BL1 5XL",10,368757,409169,"E92000001","E19000001","E18000002","","E08000001","E05000659"
"BL1 5XN",10,367527,409165,"E92000001","E19000001","E18000002","","E08000001","E05000659"
"BL1 5XP",10,369036,409273,"E92000001","E19000001","E18000002","","E08000001","E05000659"
"BL1 5XQ",10,367432,408928,"E92000001","E19000001","E18000002","","E08000001","E05000659"
"BL1 5XR",10,368790,409044,"E92000001","E19000001","E18000002","","E08000001","E05000659"
"BL1 5XW",10,367592,409203,"E92000001","E19000001","E18000002","","E08000001","E05000659"
"BL1 5XZ",10,367579,409230,"E92000001","E19000001","E18000002","","E08000001","E05000659"
"BL1 5YA",10,367664,409170,"E92000001","E19000001","E18000002","","E08000001","E05000659"
"BL1 6AA",10,369292,410306,"E92000001","E19000001","E18000002","","E08000001","E05000666"
"BL1 6AB",10,369532,410361,"E92000001","E19000001","E18000002","","E08000001","E05000666"
"BL1 6AE",10,369548,410321,"E92000001","E19000001","E18000002","","E08000001","E05000666"
"BL1 6AF",10,369412,410299,"E92000001","E19000001","E18000002","","E08000001","E05000659"
"BL1 6AG",10,369869,410289,"E92000001","E19000001","E18000002","","E08000001","E05000666"
"BL1 6AH",10,369819,410272,"E92000001","E19000001","E18000002","","E08000001","E05000666"
"BL1 6AJ",10,369726,410418,"E92000001","E19000001","E18000002","","E08000001","E05000666"
"BL1 6AL",10,369657,410468,"E92000001","E19000001","E18000002","","E08000001","E05000666"
"BL1 6AN",10,369644,410395,"E92000001","E19000001","E18000002","","E08000001","E05000666"
"BL1 6AP",10,369605,410460,"E92000001","E19000001","E18000002","","E08000001","E05000666"
"BL1 6AQ",10,369684,410485,"E92000001","E19000001","E18000002","","E08000001","E05000666"
"BL1 6AR",10,369535,410387,"E92000001","E19000001","E18000002","","E08000001","E05000666"
"BL1 6AS",10,369532,410448,"E92000001","E19000001","E18000002","","E08000001","E05000666"
"BL1 6AT",10,369522,410472,"E92000001","E19000001","E18000002","","E08000001","E05000666"
"BL1 6AU",10,369420,410428,"E92000001","E19000001","E18000002","","E08000001","E05000666"
"BL1 6AX",10,369453,410427,"E92000001","E19000001","E18000002","","E08000001","E05000666"
"BL1 6AY",10,369419,410369,"E92000001","E19000001","E18000002","","E08000001","E05000666"
"BL1 6AZ",10,369324,410396,"E92000001","E19000001","E18000002","","E08000001","E05000666"
"BL1 6BA",10,369471,410314,"E92000001","E19000001","E18000002","","E08000001","E05000659"
"BL1 6BB",10,369394,410486,"E92000001","E19000001","E18000002","","E08000001","E05000666"
"BL1 6BD",10,369273,410377,"E92000001","E19000001","E18000002","","E08000001","E05000666"
"BL1 6BE",10,369245,410389,"E92000001","E19000001","E18000002","","E08000001","E05000666"
"BL1 6BG",10,369162,410401,"E92000001","E19000001","E18000002","","E08000001","E05000666"
"BL1 6BH",10,369120,410327,"E92000001","E19000001","E18000002","","E08000001","E05000666"
"BL1 6BJ",10,369085,410306,"E92000001","E19000001","E18000002","","E08000001","E05000666"
"BL1 6BL",10,369268,410248,"E92000001","E19000001","E18000002","","E08000001","E05000659"
"BL1 6BN",10,369123,410404,"E92000001","E19000001","E18000002","","E08000001","E05000666"
"BL1 6BP",10,369892,410227,"E92000001","E19000001","E18000002","","E08000001","E05000666"
"BL1 6BQ",10,369161,410334,"E92000001","E19000001","E18000002","","E08000001","E05000666"
"BL1 6BS",10,370120,410657,"E92000001","E19000001","E18000002","","E08000001","E05000666"
"BL1 6BU",10,369730,410443,"E92000001","E19000001","E18000002","","E08000001","E05000666"
"BL1 6BW",10,370126,410432,"E92000001","E19000001","E18000002","","E08000001","E05000666"
"BL1 6BX",10,369762,410473,"E92000001","E19000001","E18000002","","E08000001","E05000666"
"BL1 6BY",10,369811,410463,"E92000001","E19000001","E18000002","","E08000001","E05000666"
"BL1 6BZ",10,369771,410402,"E92000001","E19000001","E18000002","","E08000001","E05000666"
"BL1 6DA",10,369816,410379,"E92000001","E19000001","E18000002","","E08000001","E05000666"
"BL1 6DB",10,369860,410442,"E92000001","E19000001","E18000002","","E08000001","E05000666"
"BL1 6DD",10,369883,410422,"E92000001","E19000001","E18000002","","E08000001","E05000666"
"BL1 6DE",10,369861,410354,"E92000001","E19000001","E18000002","","E08000001","E05000666"
"BL1 6DF",10,369947,410373,"E92000001","E19000001","E18000002","","E08000001","E05000666"
"BL1 6DG",10,369964,410308,"E92000001","E19000001","E18000002","","E08000001","E05000666"
"BL1 6DH",10,369992,410318,"E92000001","E19000001","E18000002","","E08000001","E05000666"
"BL1 6DJ",10,370026,410316,"E92000001","E19000001","E18000002","","E08000001","E05000666"
"BL1 6DL",10,370104,410448,"E92000001","E19000001","E18000002","","E08000001","E05000666"
"BL1 6DN",10,370053,410330,"E92000001","E19000001","E18000002","","E08000001","E05000666"
"BL1 6DP",10,369971,410504,"E92000001","E19000001","E18000002","","E08000001","E05000666"
"BL1 6DQ",10,369911,410304,"E92000001","E19000001","E18000002","","E08000001","E05000666"
"BL1 6DS",10,370140,410324,"E92000001","E19000001","E18000002","","E08000001","E05000657"
"BL1 6DT",10,370204,410405,"E92000001","E19000001","E18000002","","E08000001","E05000666"
"BL1 6DW",10,370086,410322,"E92000001","E19000001","E18000002","","E08000001","E05000666"
"BL1 6DX",10,370229,410494,"E92000001","E19000001","E18000002","","E08000001","E05000666"
"BL1 6DY",10,370223,410605,"E92000001","E19000001","E18000002","","E08000001","E05000666"
"BL1 6DZ",10,370180,410607,"E92000001","E19000001","E18000002","","E08000001","E05000666"
"BL1 6EA",10,370168,410641,"E92000001","E19000001","E18000002","","E08000001","E05000666"
"BL1 6EB",10,370151,410624,"E92000001","E19000001","E18000002","","E08000001","E05000666"
"BL1 6ED",10,370093,410636,"E92000001","E19000001","E18000002","","E08000001","E05000666"
"BL1 6EE",10,370030,410662,"E92000001","E19000001","E18000002","","E08000001","E05000666"
"BL1 6EF",10,370010,410575,"E92000001","E19000001","E18000002","","E08000001","E05000666"
"BL1 6EG",10,370198,410543,"E92000001","E19000001","E18000002","","E08000001","E05000666"
"BL1 6EH",10,370089,410581,"E92000001","E19000001","E18000002","","E08000001","E05000666"
"BL1 6EJ",10,369971,410545,"E92000001","E19000001","E18000002","","E08000001","E05000666"
"BL1 6EL",10,369993,410620,"E92000001","E19000001","E18000002","","E08000001","E05000666"
"BL1 6EP",10,369871,410678,"E92000001","E19000001","E18000002","","E08000001","E05000666"
"BL1 6EQ",10,370091,410545,"E92000001","E19000001","E18000002","","E08000001","E05000666"
"BL1 6ER",10,369772,410690,"E92000001","E19000001","E18000002","","E08000001","E05000666"
"BL1 6ES",10,369790,410630,"E92000001","E19000001","E18000002","","E08000001","E05000666"
"BL1 6ET",10,369642,410658,"E92000001","E19000001","E18000002","","E08000001","E05000666"
"BL1 6EU",10,369783,410717,"E92000001","E19000001","E18000002","","E08000001","E05000666"
"BL1 6EW",10,369924,410643,"E92000001","E19000001","E18000002","","E08000001","E05000666"
"BL1 6EX",10,370156,410430,"E92000001","E19000001","E18000002","","E08000001","E05000666"
"BL1 6EY",10,370191,410449,"E92000001","E19000001","E18000002","","E08000001","E05000666"
"BL1 6EZ",10,370211,410432,"E92000001","E19000001","E18000002","","E08000001","E05000666"
"BL1 6FA",10,370100,410505,"E92000001","E19000001","E18000002","","E08000001","E05000666"
"BL1 6FS",10,369816,411001,"E92000001","E19000001","E18000002","","E08000001","E05000666"
"BL1 6FT",50,369816,411001,"E92000001","E19000001","E18000002","","E08000001","E05000666"
"BL1 6FU",50,369816,411001,"E92000001","E19000001","E18000002","","E08000001","E05000666"
"BL1 6HA",10,370189,410498,"E92000001","E19000001","E18000002","","E08000001","E05000666"
"BL1 6HE",10,370140,410716,"E92000001","E19000001","E18000002","","E08000001","E05000666"
"BL1 6HF",10,369964,410782,"E92000001","E19000001","E18000002","","E08000001","E05000666"
"BL1 6HG",10,370065,410783,"E92000001","E19000001","E18000002","","E08000001","E05000666"
"BL1 6HH",10,369837,410778,"E92000001","E19000001","E18000002","","E08000001","E05000666"
"BL1 6HJ",10,369597,410761,"E92000001","E19000001","E18000002","","E08000001","E05000666"
"BL1 6HL",10,369987,410824,"E92000001","E19000001","E18000002","","E08000001","E05000666"
"BL1 6HN",10,369892,410859,"E92000001","E19000001","E18000002","","E08000001","E05000666"
"BL1 6HP",10,369813,410807,"E92000001","E19000001","E18000002","","E08000001","E05000666"
"BL1 6HQ",10,370045,410841,"E92000001","E19000001","E18000002","","E08000001","E05000666"
"BL1 6HR",10,369773,410871,"E92000001","E19000001","E18000002","","E08000001","E05000666"
"BL1 6HS",10,369722,410907,"E92000001","E19000001","E18000002","","E08000001","E05000666"
"BL1 6HT",10,369821,410874,"E92000001","E19000001","E18000002","","E08000001","E05000666"
"BL1 6HU",10,370004,410994,"E92000001","E19000001","E18000002","","E08000001","E05000666"
"BL1 6HW",10,369906,410794,"E92000001","E19000001","E18000002","","E08000001","E05000666"
"BL1 6HX",10,370135,411056,"E92000001","E19000001","E18000002","","E08000001","E05000654"
"BL1 6HY",10,370159,410934,"E92000001","E19000001","E18000002","","E08000001","E05000666"
"BL1 6HZ",10,370005,410937,"E92000001","E19000001","E18000002","","E08000001","E05000666"
"BL1 6JA",10,370028,410917,"E92000001","E19000001","E18000002","","E08000001","E05000666"
"BL1 6JB",10,370116,410805,"E92000001","E19000001","E18000002","","E08000001","E05000666"
"BL1 6JD",10,370134,410836,"E92000001","E19000001","E18000002","","E08000001","E05000666"
"BL1 6JE",10,370208,410767,"E92000001","E19000001","E18000002","","E08000001","E05000666"
"BL1 6JF",10,369749,411003,"E92000001","E19000001","E18000002","","E08000001","E05000666"
"BL1 6JG",10,369656,410855,"E92000001","E19000001","E18000002","","E08000001","E05000666"
"BL1 6JL",10,370068,411345,"E92000001","E19000001","E18000002","","E08000001","E05000666"
"BL1 6JN",10,370140,411272,"E92000001","E19000001","E18000002","","E08000001","E05000666"
"BL1 6JP",10,370037,411384,"E92000001","E19000001","E18000002","","E08000001","E05000666"
"BL1 6JR",10,369948,411454,"E92000001","E19000001","E18000002","","E08000001","E05000666"
"BL1 6JS",10,370019,411469,"E92000001","E19000001","E18000002","","E08000001","E05000666"
"BL1 6JT",10,369969,411576,"E92000001","E19000001","E18000002","","E08000001","E05000666"
"BL1 6JX",10,369962,411498,"E92000001","E19000001","E18000002","","E08000001","E05000666"
"BL1 6JY",10,369863,411536,"E92000001","E19000001","E18000002","","E08000001","E05000666"
"BL1 6JZ",10,369759,411661,"E92000001","E19000001","E18000002","","E08000001","E05000666"
"BL1 6LA",10,369484,411695,"E92000001","E19000001","E18000002","","E08000001","E05000666"
"BL1 6LB",10,369540,411734,"E92000001","E19000001","E18000002","","E08000001","E05000666"
"BL1 6LD",10,369663,411667,"E92000001","E19000001","E18000002","","E08000001","E05000666"
"BL1 6LE",10,369757,411602,"E92000001","E19000001","E18000002","","E08000001","E05000666"
"BL1 6LF",10,369765,411497,"E92000001","E19000001","E18000002","","E08000001","E05000666"
"BL1 6LG",10,369709,411561,"E92000001","E19000001","E18000002","","E08000001","E05000666"
"BL1 6LH",10,369719,411457,"E92000001","E19000001","E18000002","","E08000001","E05000666"
"BL1 6LJ",10,369598,411585,"E92000001","E19000001","E18000002","","E08000001","E05000666"
"BL1 6LL",10,369580,411607,"E92000001","E19000001","E18000002","","E08000001","E05000666"
"BL1 6LN",10,369849,411400,"E92000001","E19000001","E18000002","","E08000001","E05000666"
"BL1 6LP",10,369480,411483,"E92000001","E19000001","E18000002","","E08000001","E05000666"
"BL1 6LQ",10,369648,411535,"E92000001","E19000001","E18000002","","E08000001","E05000666"
"BL1 6LT",10,369602,411234,"E92000001","E19000001","E18000002","","E08000001","E05000666"
"BL1 6LU",10,369442,411235,"E92000001","E19000001","E18000002","","E08000001","E05000666"
"BL1 6LX",10,369679,411191,"E92000001","E19000001","E18000002","","E08000001","E05000666"
"BL1 6LY",10,369521,411143,"E92000001","E19000001","E18000002","","E08000001","E05000666"
"BL1 6LZ",10,369549,411196,"E92000001","E19000001","E18000002","","E08000001","E05000666"
"BL1 6NA",10,369609,411127,"E92000001","E19000001","E18000002","","E08000001","E05000666"
"BL1 6NB",10,369381,410908,"E92000001","E19000001","E18000002","","E08000001","E05000666"
"BL1 6ND",10,369998,411321,"E92000001","E19000001","E18000002","","E08000001","E05000666"
"BL1 6NE",10,369927,411317,"E92000001","E19000001","E18000002","","E08000001","E05000666"
"BL1 6NF",10,369866,411312,"E92000001","E19000001","E18000002","","E08000001","E05000666"
"BL1 6NG",10,369437,411442,"E92000001","E19000001","E18000002","","E08000001","E05000666"
"BL1 6NH",10,369840,411374,"E92000001","E19000001","E18000002","","E08000001","E05000666"
"BL1 6NJ",10,371398,411422,"E92000001","E19000001","E18000002","","E08000001","E05000650"
"BL1 6NL",10,371319,411430,"E92000001","E19000001","E18000002","","E08000001","E05000650"
"BL1 6NN",10,371338,411360,"E92000001","E19000001","E18000002","","E08000001","E05000650"
"BL1 6NP",10,371040,411205,"E92000001","E19000001","E18000002","","E08000001","E05000650"
"BL1 6NR",10,371071,411212,"E92000001","E19000001","E18000002","","E08000001","E05000650"
"BL1 6NS",10,371251,411306,"E92000001","E19000001","E18000002","","E08000001","E05000650"
"BL1 6NT",10,371278,411369,"E92000001","E19000001","E18000002","","E08000001","E05000650"
"BL1 6NU",10,371211,411480,"E92000001","E19000001","E18000002","","E08000001","E05000650"
"BL1 6NW",10,371330,411293,"E92000001","E19000001","E18000002","","E08000001","E05000650"
"BL1 6NX",10,371097,411487,"E92000001","E19000001","E18000002","","E08000001","E05000650"
"BL1 6NY",10,371025,411427,"E92000001","E19000001","E18000002","","E08000001","E05000650"
"BL1 6NZ",10,370988,411499,"E92000001","E19000001","E18000002","","E08000001","E05000650"
"BL1 6PA",10,370951,411503,"E92000001","E19000001","E18000002","","E08000001","E05000650"
"BL1 6PB",10,371936,410296,"E92000001","E19000001","E18000002","","E08000001","E05000654"
"BL1 6PD",10,370780,411460,"E92000001","E19000001","E18000002","","E08000001","E05000650"
"BL1 6PE",10,370750,411422,"E92000001","E19000001","E18000002","","E08000001","E05000650"
"BL1 6PF",10,370954,411572,"E92000001","E19000001","E18000002","","E08000001","E05000650"
"BL1 6PG",10,370983,411702,"E92000001","E19000001","E18000002","","E08000001","E05000650"
"BL1 6PH",10,371058,411537,"E92000001","E19000001","E18000002","","E08000001","E05000650"
"BL1 6PJ",10,370672,411443,"E92000001","E19000001","E18000002","","E08000001","E05000650"
"BL1 6PL",10,370638,411632,"E92000001","E19000001","E18000002","","E08000001","E05000650"
"BL1 6PN",10,370809,411885,"E92000001","E19000001","E18000002","","E08000001","E05000650"
"BL1 6PP",10,371024,411803,"E92000001","E19000001","E18000002","","E08000001","E05000650"
"BL1 6PQ",10,370734,411734,"E92000001","E19000001","E18000002","","E08000001","E05000650"
"BL1 6PR",10,371083,411733,"E92000001","E19000001","E18000002","","E08000001","E05000650"
"BL1 6PS",10,371157,411603,"E92000001","E19000001","E18000002","","E08000001","E05000650"
"BL1 6PT",10,371107,411606,"E92000001","E19000001","E18000002","","E08000001","E05000650"
"BL1 6PU",10,371267,411501,"E92000001","E19000001","E18000002","","E08000001","E05000650"
"BL1 6PW",10,371097,411652,"E92000001","E19000001","E18000002","","E08000001","E05000650"
"BL1 6PY",10,370926,411442,"E92000001","E19000001","E18000002","","E08000001","E05000650"
"BL1 6PZ",10,370840,411587,"E92000001","E19000001","E18000002","","E08000001","E05000650"
"BL1 6QA",10,371345,411430,"E92000001","E19000001","E18000002","","E08000001","E05000650"
"BL1 6QD",10,371020,411861,"E92000001","E19000001","E18000002","","E08000001","E05000650"
"BL1 6QE",10,371331,411857,"E92000001","E19000001","E18000002","","E08000001","E05000650"
"BL1 6QF",10,371371,411784,"E92000001","E19000001","E18000002","","E08000001","E05000650"
"BL1 6QG",10,371317,411827,"E92000001","E19000001","E18000002","","E08000001","E05000650"
"BL1 6QH",10,371277,411825,"E92000001","E19000001","E18000002","","E08000001","E05000650"
"BL1 6QJ",10,371236,411853,"E92000001","E19000001","E18000002","","E08000001","E05000650"
"BL1 6QL",10,371174,411866,"E92000001","E19000001","E18000002","","E08000001","E05000650"
"BL1 6QN",10,371095,411825,"E92000001","E19000001","E18000002","","E08000001","E05000650"
"BL1 6QP",10,370946,411973,"E92000001","E19000001","E18000002","","E08000001","E05000650"
"BL1 6QQ",10,371322,411766,"E92000001","E19000001","E18000002","","E08000001","E05000650"
"BL1 6QR",10,370819,411997,"E92000001","E19000001","E18000002","","E08000001","E05000650"
"BL1 6QS",10,370832,412054,"E92000001","E19000001","E18000002","","E08000001","E05000650"
"BL1 6QT",10,370631,412093,"E92000001","E19000001","E18000002","","E08000001","E05000650"
"BL1 6QU",10,370680,412027,"E92000001","E19000001","E18000002","","E08000001","E05000650"
"BL1 6QW",10,371061,411951,"E92000001","E19000001","E18000002","","E08000001","E05000650"
"BL1 6QX",10,370610,412066,"E92000001","E19000001","E18000002","","E08000001","E05000650"
"BL1 6QY",10,370467,412102,"E92000001","E19000001","E18000002","","E08000001","E05000650"
"BL1 6QZ",10,370449,412160,"E92000001","E19000001","E18000002","","E08000001","E05000650"
"BL1 6RA",10,370655,412145,"E92000001","E19000001","E18000002","","E08000001","E05000650"
"BL1 6RB",10,370765,412113,"E92000001","E19000001","E18000002","","E08000001","E05000650"
"BL1 6RD",10,370752,412002,"E92000001","E19000001","E18000002","","E08000001","E05000650"
"BL1 6RE",10,370979,412047,"E92000001","E19000001","E18000002","","E08000001","E05000650"
"BL1 6RF",10,371034,412039,"E92000001","E19000001","E18000002","","E08000001","E05000650"
"BL1 6RG",10,371114,411975,"E92000001","E19000001","E18000002","","E08000001","E05000650"
"BL1 6RH",10,370832,412119,"E92000001","E19000001","E18000002","","E08000001","E05000650"
"BL1 6RJ",10,371195,412027,"E92000001","E19000001","E18000002","","E08000001","E05000650"
"BL1 6RL",10,371184,412114,"E92000001","E19000001","E18000002","","E08000001","E05000650"
"BL1 6RN",10,371102,412173,"E92000001","E19000001","E18000002","","E08000001","E05000650"
"BL1 6RP",10,371000,412210,"E92000001","E19000001","E18000002","","E08000001","E05000650"
"BL1 6RQ",10,371116,412032,"E92000001","E19000001","E18000002","","E08000001","E05000650"
"BL1 6RR",10,371140,412223,"E92000001","E19000001","E18000002","","E08000001","E05000650"
"BL1 6RS",10,371267,412078,"E92000001","E19000001","E18000002","","E08000001","E05000650"
"BL1 6RT",10,371263,412028,"E92000001","E19000001","E18000002","","E08000001","E05000650"
"BL1 6RU",10,371177,411947,"E92000001","E19000001","E18000002","","E08000001","E05000650"
"BL1 6RW",10,371130,412120,"E92000001","E19000001","E18000002","","E08000001","E05000650"
"BL1 6RY",10,371321,411923,"E92000001","E19000001","E18000002","","E08000001","E05000650"
"BL1 6RZ",10,371267,411975,"E92000001","E19000001","E18000002","","E08000001","E05000650"
"BL1 6SA",10,371224,411951,"E92000001","E19000001","E18000002","","E08000001","E05000650"
"BL1 6TA",10,369879,411127,"E92000001","E19000001","E18000002","","E08000001","E05000666"
"BL1 6TB",10,369785,411076,"E92000001","E19000001","E18000002","","E08000001","E05000666"
"BL1 6TX",10,369546,411400,"E92000001","E19000001","E18000002","","E08000001","E05000666"
"BL1 6TY",10,369733,411327,"E92000001","E19000001","E18000002","","E08000001","E05000666"
"BL1 6TZ",10,369584,411340,"E92000001","E19000001","E18000002","","E08000001","E05000666"
"BL1 7AA",10,371450,411873,"E92000001","E19000001","E18000002","","E08000001","E05000650"
"BL1 7AB",10,371489,412052,"E92000001","E19000001","E18000002","","E08000001","E05000650"
"BL1 7AD",10,371527,412049,"E92000001","E19000001","E18000002","","E08000001","E05000650"
"BL1 7AE",10,371437,411851,"E92000001","E19000001","E18000002","","E08000001","E05000650"
"BL1 7AF",10,371425,411763,"E92000001","E19000001","E18000002","","E08000001","E05000650"
"BL1 7AG",10,371406,411901,"E92000001","E19000001","E18000002","","E08000001","E05000650"
"BL1 7AJ",10,371518,412010,"E92000001","E19000001","E18000002","","E08000001","E05000650"
"BL1 7AL",10,371486,411822,"E92000001","E19000001","E18000002","","E08000001","E05000650"
"BL1 7AN",10,371344,412034,"E92000001","E19000001","E18000002","","E08000001","E05000650"
"BL1 7AP",10,371391,411827,"E92000001","E19000001","E18000002","","E08000001","E05000650"
"BL1 7AR",10,371267,412158,"E92000001","E19000001","E18000002","","E08000001","E05000650"
"BL1 7AS",10,371307,412148,"E92000001","E19000001","E18000002","","E08000001","E05000650"
"BL1 7AT",10,371230,412149,"E92000001","E19000001","E18000002","","E08000001","E05000650"
"BL1 7AU",10,371285,412198,"E92000001","E19000001","E18000002","","E08000001","E05000650"
"BL1 7AW",10,371318,412015,"E92000001","E19000001","E18000002","","E08000001","E05000650"
"BL1 7AX",10,371275,412256,"E92000001","E19000001","E18000002","","E08000001","E05000650"
"BL1 7AY",10,371208,412336,"E92000001","E19000001","E18000002","","E08000001","E05000650"
"BL1 7AZ",10,371169,412328,"E92000001","E19000001","E18000002","","E08000001","E05000650"
"BL1 7BA",10,370864,412448,"E92000001","E19000001","E18000002","","E08000001","E05000650"
"BL1 7BB",10,370894,412363,"E92000001","E19000001","E18000002","","E08000001","E05000650"
"BL1 7BD",10,370976,412431,"E92000001","E19000001","E18000002","","E08000001","E05000650"
"BL1 7BE",10,370591,412296,"E92000001","E19000001","E18000002","","E08000001","E05000650"
"BL1 7BF",10,371028,412386,"E92000001","E19000001","E18000002","","E08000001","E05000650"
"BL1 7BG",10,370988,412275,"E92000001","E19000001","E18000002","","E08000001","E05000650"
"BL1 7BH",10,370672,412293,"E92000001","E19000001","E18000002","","E08000001","E05000650"
"BL1 7BJ",10,371042,412359,"E92000001","E19000001","E18000002","","E08000001","E05000650"
"BL1 7BL",10,371077,412278,"E92000001","E19000001","E18000002","","E08000001","E05000650"
"BL1 7BN",10,370553,412180,"E92000001","E19000001","E18000002","","E08000001","E05000650"
"BL1 7BP",10,370891,412238,"E92000001","E19000001","E18000002","","E08000001","E05000650"
"BL1 7BQ",10,370820,412215,"E92000001","E19000001","E18000002","","E08000001","E05000650"
"BL1 7BR",10,371012,412819,"E92000001","E19000001","E18000002","","E08000001","E05000650"
"BL1 7BS",10,370780,412643,"E92000001","E19000001","E18000002","","E08000001","E05000650"
"BL1 7BT",10,369957,413447,"E92000001","E19000001","E18000002","","E08000001","E05000650"
"BL1 7BU",10,370349,413202,"E92000001","E19000001","E18000002","","E08000001","E05000650"
"BL1 7BW",10,370651,412230,"E92000001","E19000001","E18000002","","E08000001","E05000650"
"BL1 7BX",10,370296,413116,"E92000001","E19000001","E18000002","","E08000001","E05000650"
"BL1 7BY",10,370586,412929,"E92000001","E19000001","E18000002","","E08000001","E05000650"
"BL1 7BZ",10,370648,412832,"E92000001","E19000001","E18000002","","E08000001","E05000650"
"BL1 7DA",10,370703,412780,"E92000001","E19000001","E18000002","","E08000001","E05000650"
"BL1 7DB",10,370732,412883,"E92000001","E19000001","E18000002","","E08000001","E05000650"
"BL1 7DD",10,370787,412478,"E92000001","E19000001","E18000002","","E08000001","E05000650"
"BL1 7DE",10,370870,412775,"E92000001","E19000001","E18000002","","E08000001","E05000650"
"BL1 7DF",10,370827,412840,"E92000001","E19000001","E18000002","","E08000001","E05000650"
"BL1 7DG",10,370894,412852,"E92000001","E19000001","E18000002","","E08000001","E05000650"
"BL1 7DH",10,370816,412735,"E92000001","E19000001","E18000002","","E08000001","E05000650"
"BL1 7DJ",10,370965,412803,"E92000001","E19000001","E18000002","","E08000001","E05000650"
"BL1 7DL",10,370889,412918,"E92000001","E19000001","E18000002","","E08000001","E05000650"
"BL1 7DN",10,370949,412945,"E92000001","E19000001","E18000002","","E08000001","E05000650"
"BL1 7DP",10,370828,412915,"E92000001","E19000001","E18000002","","E08000001","E05000650"
"BL1 7DQ",10,370901,412740,"E92000001","E19000001","E18000002","","E08000001","E05000650"
"BL1 7DR",10,371086,412929,"E92000001","E19000001","E18000002","","E08000001","E05000650"
"BL1 7DS",10,370920,412704,"E92000001","E19000001","E18000002","","E08000001","E05000650"
"BL1 7DT",10,370870,412622,"E92000001","E19000001","E18000002","","E08000001","E05000650"
"BL1 7DU",10,370780,412907,"E92000001","E19000001","E18000002","","E08000001","E05000650"
"BL1 7DW",10,371021,412934,"E92000001","E19000001","E18000002","","E08000001","E05000650"
"BL1 7DX",10,371005,412517,"E92000001","E19000001","E18000002","","E08000001","E05000650"
"BL1 7DY",10,370980,412551,"E92000001","E19000001","E18000002","","E08000001","E05000650"
"BL1 7DZ",10,371051,412583,"E92000001","E19000001","E18000002","","E08000001","E05000650"
"BL1 7EA",10,371185,412393,"E92000001","E19000001","E18000002","","E08000001","E05000650"
"BL1 7EB",10,370991,412607,"E92000001","E19000001","E18000002","","E08000001","E05000650"
"BL1 7EE",10,371342,412421,"E92000001","E19000001","E18000002","","E08000001","E05000650"
"BL1 7EF",10,371350,412384,"E92000001","E19000001","E18000002","","E08000001","E05000650"
"BL1 7EG",10,371342,412312,"E92000001","E19000001","E18000002","","E08000001","E05000650"
"BL1 7EH",10,371658,412421,"E92000001","E19000001","E18000002","","E08000001","E05000650"
"BL1 7EJ",10,370806,412279,"E92000001","E19000001","E18000002","","E08000001","E05000650"
"BL1 7EL",10,371453,412535,"E92000001","E19000001","E18000002","","E08000001","E05000650"
"BL1 7EN",10,371461,412247,"E92000001","E19000001","E18000002","","E08000001","E05000650"
"BL1 7EP",10,371492,412310,"E92000001","E19000001","E18000002","","E08000001","E05000650"
"BL1 7EQ",10,371391,412243,"E92000001","E19000001","E18000002","","E08000001","E05000650"
"BL1 7ER",10,371459,412388,"E92000001","E19000001","E18000002","","E08000001","E05000650"
"BL1 7ES",10,371490,412427,"E92000001","E19000001","E18000002","","E08000001","E05000650"
"BL1 7ET",10,371484,412471,"E92000001","E19000001","E18000002","","E08000001","E05000650"
"BL1 7EU",10,371325,412507,"E92000001","E19000001","E18000002","","E08000001","E05000650"
"BL1 7EW",10,371428,412302,"E92000001","E19000001","E18000002","","E08000001","E05000650"
"BL1 7EX",10,371385,412558,"E92000001","E19000001","E18000002","","E08000001","E05000650"
"BL1 7EY",10,371503,412582,"E92000001","E19000001","E18000002","","E08000001","E05000650"
"BL1 7EZ",10,371232,412723,"E92000001","E19000001","E18000002","","E08000001","E05000650"
"BL1 7FE",10,371936,410296,"E92000001","E19000001","E18000002","","E08000001","E05000654"
"BL1 7FH",10,371936,410296,"E92000001","E19000001","E18000002","","E08000001","E05000654"
"BL1 7GD",10,370493,412224,"E92000001","E19000001","E18000002","","E08000001","E05000650"
"BL1 7GE",10,371570,412485,"E92000001","E19000001","E18000002","","E08000001","E05000650"
"BL1 7HA",10,371273,412761,"E92000001","E19000001","E18000002","","E08000001","E05000650"
"BL1 7HB",10,371495,412612,"E92000001","E19000001","E18000002","","E08000001","E05000650"
"BL1 7HD",10,371424,412768,"E92000001","E19000001","E18000002","","E08000001","E05000650"
"BL1 7HE",10,371256,412593,"E92000001","E19000001","E18000002","","E08000001","E05000650"
"BL1 7HF",10,371254,412630,"E92000001","E19000001","E18000002","","E08000001","E05000650"
"BL1 7HG",10,371226,412658,"E92000001","E19000001","E18000002","","E08000001","E05000650"
"BL1 7HH",10,371330,412895,"E92000001","E19000001","E18000002","","E08000001","E05000650"
"BL1 7HJ",10,371363,412963,"E92000001","E19000001","E18000002","","E08000001","E05000650"
"BL1 7HL",10,371902,412766,"E92000001","E19000001","E18000002","","E08000001","E05000650"
"BL1 7HN",10,371319,412854,"E92000001","E19000001","E18000002","","E08000001","E05000650"
"BL1 7HP",10,371738,412584,"E92000001","E19000001","E18000002","","E08000001","E05000650"
"BL1 7HQ",10,371218,412693,"E92000001","E19000001","E18000002","","E08000001","E05000650"
"BL1 7HR",10,371766,412799,"E92000001","E19000001","E18000002","","E08000001","E05000650"
"BL1 7HS",10,371894,412666,"E92000001","E19000001","E18000002","","E08000001","E05000650"
"BL1 7HT",10,371813,412762,"E92000001","E19000001","E18000002","","E08000001","E05000650"
"BL1 7HU",10,371434,411938,"E92000001","E19000001","E18000002","","E08000001","E05000650"
"BL1 7HW",10,371295,412810,"E92000001","E19000001","E18000002","","E08000001","E05000650"
"BL1 7HX",10,371470,411971,"E92000001","E19000001","E18000002","","E08000001","E05000650"
"BL1 7HY",10,371455,412023,"E92000001","E19000001","E18000002","","E08000001","E05000650"
"BL1 7HZ",10,371388,412013,"E92000001","E19000001","E18000002","","E08000001","E05000650"
"BL1 7JA",10,371390,412073,"E92000001","E19000001","E18000002","","E08000001","E05000650"
"BL1 7JB",10,371444,412115,"E92000001","E19000001","E18000002","","E08000001","E05000650"
"BL1 7JD",10,371377,412130,"E92000001","E19000001","E18000002","","E08000001","E05000650"
"BL1 7JE",10,371427,412167,"E92000001","E19000001","E18000002","","E08000001","E05000650"
"BL1 7JF",10,371741,412769,"E92000001","E19000001","E18000002","","E08000001","E05000650"
"BL1 7JG",10,371617,412473,"E92000001","E19000001","E18000002","","E08000001","E05000650"
"BL1 7JH",10,371384,412181,"E92000001","E19000001","E18000002","","E08000001","E05000650"
"BL1 7JJ",10,371537,412338,"E92000001","E19000001","E18000002","","E08000001","E05000650"
"BL1 7JL",10,371551,412605,"E92000001","E19000001","E18000002","","E08000001","E05000650"
"BL1 7JN",10,371593,412750,"E92000001","E19000001","E18000002","","E08000001","E05000650"
"BL1 7JP",10,371606,412832,"E92000001","E19000001","E18000002","","E08000001","E05000650"
"BL1 7JQ",10,371654,412652,"E92000001","E19000001","E18000002","","E08000001","E05000650"
"BL1 7JR",10,371710,412829,"E92000001","E19000001","E18000002","","E08000001","E05000650"
"BL1 7JS",10,371695,412860,"E92000001","E19000001","E18000002","","E08000001","E05000650"
"BL1 7JT",10,371876,412787,"E92000001","E19000001","E18000002","","E08000001","E05000650"
"BL1 7JU",10,371763,412897,"E92000001","E19000001","E18000002","","E08000001","E05000650"
"BL1 7JW",10,371560,412771,"E92000001","E19000001","E18000002","","E08000001","E05000650"
"BL1 7JX",10,371772,412909,"E92000001","E19000001","E18000002","","E08000001","E05000650"
"BL1 7JY",10,371717,412910,"E92000001","E19000001","E18000002","","E08000001","E05000650"
"BL1 7JZ",10,371751,412922,"E92000001","E19000001","E18000002","","E08000001","E05000650"
"BL1 7LA",10,371753,412979,"E92000001","E19000001","E18000002","","E08000001","E05000650"
"BL1 7LB",10,371723,412961,"E92000001","E19000001","E18000002","","E08000001","E05000650"
"BL1 7LD",10,371618,412914,"E92000001","E19000001","E18000002","","E08000001","E05000650"
"BL1 7LE",10,371696,412940,"E92000001","E19000001","E18000002","","E08000001","E05000650"
"BL1 7LF",10,371591,412957,"E92000001","E19000001","E18000002","","E08000001","E05000650"
"BL1 7LG",10,371356,413076,"E92000001","E19000001","E18000002","","E08000001","E05000650"
"BL1 7LH",10,371526,412945,"E92000001","E19000001","E18000002","","E08000001","E05000650"
"BL1 7LN",10,370864,413106,"E92000001","E19000001","E18000002","","E08000001","E05000650"
"BL1 7LP",10,371562,412891,"E92000001","E19000001","E18000002","","E08000001","E05000650"
"BL1 7LQ",10,371301,413004,"E92000001","E19000001","E18000002","","E08000001","E05000650"
"BL1 7LR",10,371508,412755,"E92000001","E19000001","E18000002","","E08000001","E05000650"
"BL1 7LS",10,371630,412258,"E92000001","E19000001","E18000002","","E08000001","E05000650"
"BL1 7LT",10,370944,413058,"E92000001","E19000001","E18000002","","E08000001","E05000650"
"BL1 7LU",10,371245,413103,"E92000001","E19000001","E18000002","","E08000001","E05000650"
"BL1 7LW",10,371493,412971,"E92000001","E19000001","E18000002","","E08000001","E05000650"
"BL1 7LY",10,371150,413006,"E92000001","E19000001","E18000002","","E08000001","E05000650"
"BL1 7LZ",10,368976,411383,"E92000001","E19000001","E18000002","","E08000001","E05000666"
"BL1 7NA",10,368956,411592,"E92000001","E19000001","E18000002","","E08000001","E05000666"
"BL1 7NB",10,369002,411525,"E92000001","E19000001","E18000002","","E08000001","E05000666"
"BL1 7ND",10,368926,411684,"E92000001","E19000001","E18000002","","E08000001","E05000666"
"BL1 7NE",10,368881,411524,"E92000001","E19000001","E18000002","","E08000001","E05000666"
"BL1 7NF",10,368958,411491,"E92000001","E19000001","E18000002","","E08000001","E05000666"
"BL1 7NG",10,368829,411534,"E92000001","E19000001","E18000002","","E08000001","E05000666"
"BL1 7NH",10,368662,411815,"E92000001","E19000001","E18000002","","E08000001","E05000666"
"BL1 7NJ",10,369197,411475,"E92000001","E19000001","E18000002","","E08000001","E05000666"
"BL1 7NL",10,369397,411404,"E92000001","E19000001","E18000002","","E08000001","E05000666"
"BL1 7NN",10,368865,411550,"E92000001","E19000001","E18000002","","E08000001","E05000666"
"BL1 7NP",10,369725,411780,"E92000001","E19000001","E18000002","","E08000001","E05000666"
"BL1 7NQ",10,368840,411540,"E92000001","E19000001","E18000002","","E08000001","E05000666"
"BL1 7NS",10,370212,412072,"E92000001","E19000001","E18000002","","E08000001","E05000650"
"BL1 7NT",10,370355,411992,"E92000001","E19000001","E18000002","","E08000001","E05000650"
"BL1 7NU",10,369068,412039,"E92000001","E19000001","E18000002","","E08000001","E05000666"
"BL1 7NW",10,368917,411576,"E92000001","E19000001","E18000002","","E08000001","E05000666"
"BL1 7NX",10,369392,412225,"E92000001","E19000001","E18000002","","E08000001","E05000666"
"BL1 7NY",10,369112,412717,"E92000001","E19000001","E18000002","","E08000001","E05000666"
"BL1 7NZ",10,369752,412977,"E92000001","E19000001","E18000002","","E08000001","E05000650"
"BL1 7PA",10,368650,413227,"E92000001","E19000001","E18000002","","E08000001","E05000666"
"BL1 7PB",10,367739,412874,"E92000001","E19000001","E18000002","","E08000001","E05000666"
"BL1 7PD",10,367171,413014,"E92000001","E19000001","E18000002","","E08000001","E05000666"
"BL1 7PE",10,367962,412716,"E92000001","E19000001","E18000002","","E08000001","E05000666"
"BL1 7PF",10,371161,413157,"E92000001","E19000001","E18000002","","E08000001","E05000650"
"BL1 7PG",10,370972,413110,"E92000001","E19000001","E18000002","","E08000001","E05000650"
"BL1 7PH",10,368561,412550,"E92000001","E19000001","E18000002","","E08000001","E05000666"
"BL1 7PJ",10,368376,412489,"E92000001","E19000001","E18000002","","E08000001","E05000666"
"BL1 7PL",10,368844,412207,"E92000001","E19000001","E18000002","","E08000001","E05000666"
"BL1 7PN",10,371630,412258,"E92000001","E19000001","E18000002","","E08000001","E05000650"
"BL1 7PP",10,368369,412143,"E92000001","E19000001","E18000002","","E08000001","E05000666"
"BL1 7PQ",10,370913,413381,"E92000001","E19000001","E18000002","","E08000001","E05000650"
"BL1 7PR",10,368295,412335,"E92000001","E19000001","E18000002","","E08000001","E05000666"
"BL1 7PS",10,368131,412388,"E92000001","E19000001","E18000002","","E08000001","E05000666"
"BL1 7PT",10,367658,412266,"E92000001","E19000001","E18000002","","E08000001","E05000661"
"BL1 7PU",10,367603,411897,"E92000001","E19000001","E18000002","","E08000001","E05000661"
"BL1 7PW",10,367588,410082,"E92000001","E19000001","E18000002","","E08000001","E05000659"
"BL1 7PX",10,367424,411068,"E92000001","E19000001","E18000002","","E08000001","E05000666"
"BL1 7PY",10,367524,410673,"E92000001","E19000001","E18000002","","E08000001","E05000659"
"BL1 7PZ",10,367512,410085,"E92000001","E19000001","E18000002","","E08000001","E05000659"
"BL1 7QA",10,368898,411494,"E92000001","E19000001","E18000002","","E08000001","E05000666"
"BL1 7QB",10,369343,411424,"E92000001","E19000001","E18000002","","E08000001","E05000666"
"BL1 7QD",10,370739,412383,"E92000001","E19000001","E18000002","","E08000001","E05000650"
"BL1 7QE",10,370646,412403,"E92000001","E19000001","E18000002","","E08000001","E05000650"
"BL1 7QF",10,370517,412348,"E92000001","E19000001","E18000002","","E08000001","E05000650"
"BL1 7QG",10,370631,412343,"E92000001","E19000001","E18000002","","E08000001","E05000650"
"BL1 7QJ",10,371630,412258,"E92000001","E19000001","E18000002","","E08000001","E05000650"
"BL1 7QP",10,371630,412258,"E92000001","E19000001","E18000002","","E08000001","E05000650"
"BL1 7QR",10,367419,411114,"E92000001","E19000001","E18000002","","E08000001","E05000666"
"BL1 7QS",10,369947,412021,"E92000001","E19000001","E18000002","","E08000001","E05000666"
"BL1 7QT",10,370013,412018,"E92000001","E19000001","E18000002","","E08000001","E05000666"
"BL1 7QU",10,369976,412017,"E92000001","E19000001","E18000002","","E08000001","E05000666"
"BL1 7RA",10,372207,412411,"E92000001","E19000001","E18000002","","E08000001","E05000650"
"BL1 7RB",10,372219,412497,"E92000001","E19000001","E18000002","","E08000001","E05000650"
"BL1 7RD",10,372285,412526,"E92000001","E19000001","E18000002","","E08000001","E05000650"
"BL1 7RE",10,372336,412365,"E92000001","E19000001","E18000002","","E08000001","E05000650"
"BL1 7RF",10,372272,412602,"E92000001","E19000001","E18000002","","E08000001","E05000650"
"BL1 7RG",10,372209,412676,"E92000001","E19000001","E18000002","","E08000001","E05000650"
"BL1 7RH",10,372054,412696,"E92000001","E19000001","E18000002","","E08000001","E05000650"
"BL1 7RJ",10,372012,412657,"E92000001","E19000001","E18000002","","E08000001","E05000650"
"BL1 7RL",10,372115,412588,"E92000001","E19000001","E18000002","","E08000001","E05000650"
"BL1 7RN",10,372011,412830,"E92000001","E19000001","E18000002","","E08000001","E05000650"
"BL1 7RP",10,372057,412785,"E92000001","E19000001","E18000002","","E08000001","E05000650"
"BL1 7RQ",10,372234,412583,"E92000001","E19000001","E18000002","","E08000001","E05000650"
"BL1 7RR",10,372025,412791,"E92000001","E19000001","E18000002","","E08000001","E05000650"
"BL1 7RS",10,371973,412762,"E92000001","E19000001","E18000002","","E08000001","E05000650"
"BL1 7RT",10,372122,412900,"E92000001","E19000001","E18000002","","E08000001","E05000650"
"BL1 7RU",10,371846,412908,"E92000001","E19000001","E18000002","","E08000001","E05000650"
"BL1 7RW",10,372100,412834,"E92000001","E19000001","E18000002","","E08000001","E05000650"
"BL1 7RX",10,372009,412893,"E92000001","E19000001","E18000002","","E08000001","E05000650"
"BL1 7RY",10,372291,412150,"E92000001","E19000001","E18000002","","E08000001","E05000650"
"BL1 7RZ",10,372330,412058,"E92000001","E19000001","E18000002","","E08000001","E05000650"
"BL1 7SJ",10,369896,411999,"E92000001","E19000001","E18000002","","E08000001","E05000666"
"BL1 7SL",10,369878,412014,"E92000001","E19000001","E18000002","","E08000001","E05000666"
"BL1 7TA",10,370926,413213,"E92000001","E19000001","E18000002","","E08000001","E05000650"
"BL1 7TB",10,370872,413274,"E92000001","E19000001","E18000002","","E08000001","E05000650"
"BL1 7TD",10,370915,413308,"E92000001","E19000001","E18000002","","E08000001","E05000650"
"BL1 7WW",10,371936,410296,"E92000001","E19000001","E18000002","","E08000001","E05000654"
"BL1 8AA",10,371086,410866,"E92000001","E19000001","E18000002","","E08000001","E05000654"
"BL1 8AD",10,371126,410807,"E92000001","E19000001","E18000002","","E08000001","E05000654"
"BL1 8AE",10,371155,410849,"E92000001","E19000001","E18000002","","E08000001","E05000654"
"BL1 8AF",10,371103,410930,"E92000001","E19000001","E18000002","","E08000001","E05000654"
"BL1 8AH",10,371015,410914,"E92000001","E19000001","E18000002","","E08000001","E05000654"
"BL1 8AJ",10,371161,410959,"E92000001","E19000001","E18000002","","E08000001","E05000654"
"BL1 8AL",10,371048,410883,"E92000001","E19000001","E18000002","","E08000001","E05000654"
"BL1 8AN",10,370712,410970,"E92000001","E19000001","E18000002","","E08000001","E05000654"
"BL1 8AP",10,370898,410875,"E92000001","E19000001","E18000002","","E08000001","E05000654"
"BL1 8AQ",10,371028,410828,"E92000001","E19000001","E18000002","","E08000001","E05000654"
"BL1 8AR",10,370904,411007,"E92000001","E19000001","E18000002","","E08000001","E05000654"
"BL1 8AS",10,370920,411076,"E92000001","E19000001","E18000002","","E08000001","E05000654"
"BL1 8AT",10,371163,410874,"E92000001","E19000001","E18000002","","E08000001","E05000654"
"BL1 8AU",10,370622,411128,"E92000001","E19000001","E18000002","","E08000001","E05000654"
"BL1 8AX",10,370791,410961,"E92000001","E19000001","E18000002","","E08000001","E05000654"
"BL1 8AY",10,370811,410999,"E92000001","E19000001","E18000002","","E08000001","E05000654"
"BL1 8AZ",10,370799,411044,"E92000001","E19000001","E18000002","","E08000001","E05000654"
"BL1 8BA",10,370792,411004,"E92000001","E19000001","E18000002","","E08000001","E05000654"
"BL1 8BB",10,370388,411205,"E92000001","E19000001","E18000002","","E08000001","E05000654"
"BL1 8BD",10,370749,411166,"E92000001","E19000001","E18000002","","E08000001","E05000654"
"BL1 8BE",10,370676,411221,"E92000001","E19000001","E18000002","","E08000001","E05000654"
"BL1 8BG",10,370599,411215,"E92000001","E19000001","E18000002","","E08000001","E05000654"
"BL1 8BH",10,370587,411125,"E92000001","E19000001","E18000002","","E08000001","E05000654"
"BL1 8BJ",10,370595,411152,"E92000001","E19000001","E18000002","","E08000001","E05000654"
"BL1 8BL",10,370685,411088,"E92000001","E19000001","E18000002","","E08000001","E05000654"
"BL1 8BN",10,370536,411077,"E92000001","E19000001","E18000002","","E08000001","E05000654"
"BL1 8BP",10,370516,411061,"E92000001","E19000001","E18000002","","E08000001","E05000654"
"BL1 8BQ",10,370581,411236,"E92000001","E19000001","E18000002","","E08000001","E05000654"
"BL1 8BR",10,370493,411086,"E92000001","E19000001","E18000002","","E08000001","E05000654"
"BL1 8BS",10,370380,411160,"E92000001","E19000001","E18000002","","E08000001","E05000654"
"BL1 8BT",10,370321,411184,"E92000001","E19000001","E18000002","","E08000001","E05000654"
"BL1 8BU",10,370370,411241,"E92000001","E19000001","E18000002","","E08000001","E05000654"
"BL1 8BW",10,371108,411013,"E92000001","E19000001","E18000002","","E08000001","E05000654"
"BL1 8BX",10,370278,411207,"E92000001","E19000001","E18000002","","E08000001","E05000654"
"BL1 8BY",10,370303,411161,"E92000001","E19000001","E18000002","","E08000001","E05000654"
"BL1 8BZ",10,370266,411146,"E92000001","E19000001","E18000002","","E08000001","E05000654"
"BL1 8DA",10,370246,411152,"E92000001","E19000001","E18000002","","E08000001","E05000654"
"BL1 8DB",10,370469,411054,"E92000001","E19000001","E18000002","","E08000001","E05000654"
"BL1 8DD",10,370381,411092,"E92000001","E19000001","E18000002","","E08000001","E05000654"
"BL1 8DE",10,370688,410947,"E92000001","E19000001","E18000002","","E08000001","E05000654"
"BL1 8DF",10,370876,410853,"E92000001","E19000001","E18000002","","E08000001","E05000654"
"BL1 8DG",10,370863,410939,"E92000001","E19000001","E18000002","","E08000001","E05000654"
"BL1 8DH",10,370495,411027,"E92000001","E19000001","E18000002","","E08000001","E05000654"
"BL1 8DJ",10,370887,410985,"E92000001","E19000001","E18000002","","E08000001","E05000654"
"BL1 8DL",10,370859,411189,"E92000001","E19000001","E18000002","","E08000001","E05000654"
"BL1 8DN",10,370807,411317,"E92000001","E19000001","E18000002","","E08000001","E05000654"
"BL1 8DQ",10,370875,410963,"E92000001","E19000001","E18000002","","E08000001","E05000654"
"BL1 8DR",10,371597,410595,"E92000001","E19000001","E18000002","","E08000001","E05000654"
"BL1 8DS",10,371596,410678,"E92000001","E19000001","E18000002","","E08000001","E05000654"
"BL1 8DT",10,371588,410791,"E92000001","E19000001","E18000002","","E08000001","E05000654"
"BL1 8DU",10,371544,411004,"E92000001","E19000001","E18000002","","E08000001","E05000654"
"BL1 8DW",10,371607,410502,"E92000001","E19000001","E18000002","","E08000001","E05000654"
"BL1 8DX",10,370732,411309,"E92000001","E19000001","E18000002","","E08000001","E05000654"
"BL1 8DY",10,371504,411035,"E92000001","E19000001","E18000002","","E08000001","E05000654"
"BL1 8EA",10,371410,411109,"E92000001","E19000001","E18000002","","E08000001","E05000654"
"BL1 8EB",10,371423,410861,"E92000001","E19000001","E18000002","","E08000001","E05000654"
"BL1 8ED",10,371395,411028,"E92000001","E19000001","E18000002","","E08000001","E05000654"
"BL1 8EE",10,371426,410781,"E92000001","E19000001","E18000002","","E08000001","E05000654"
"BL1 8EF",10,371441,410717,"E92000001","E19000001","E18000002","","E08000001","E05000654"
"BL1 8EG",10,371392,410961,"E92000001","E19000001","E18000002","","E08000001","E05000654"
"BL1 8EH",10,371506,410909,"E92000001","E19000001","E18000002","","E08000001","E05000654"
"BL1 8EJ",10,371441,410831,"E92000001","E19000001","E18000002","","E08000001","E05000654"
"BL1 8EL",10,371509,410693,"E92000001","E19000001","E18000002","","E08000001","E05000654"
"BL1 8EN",10,371409,410831,"E92000001","E19000001","E18000002","","E08000001","E05000654"
"BL1 8EP",10,371234,411030,"E92000001","E19000001","E18000002","","E08000001","E05000654"
"BL1 8EQ",10,371477,411358,"E92000001","E19000001","E18000002","","E08000001","E05000654"
"BL1 8ER",10,371168,411041,"E92000001","E19000001","E18000002","","E08000001","E05000654"
"BL1 8ET",10,371256,410980,"E92000001","E19000001","E18000002","","E08000001","E05000654"
"BL1 8EU",10,371206,410926,"E92000001","E19000001","E18000002","","E08000001","E05000654"
"BL1 8EW",10,371299,411041,"E92000001","E19000001","E18000002","","E08000001","E05000654"
"BL1 8EX",10,371291,410960,"E92000001","E19000001","E18000002","","E08000001","E05000654"
"BL1 8EY",10,371293,410910,"E92000001","E19000001","E18000002","","E08000001","E05000654"
"BL1 8EZ",10,371494,410809,"E92000001","E19000001","E18000002","","E08000001","E05000654"
"BL1 8FH",10,371936,410296,"E92000001","E19000001","E18000002","","E08000001","E05000654"
"BL1 8FS",10,371671,411138,"E92000001","E19000001","E18000002","","E08000001","E05000654"
"BL1 8FU",10,372350,410983,"E92000001","E19000001","E18000002","","E08000001","E05000654"
"BL1 8FW",10,370819,411339,"E92000001","E19000001","E18000002","","E08000001","E05000654"
"BL1 8FX",10,372376,410987,"E92000001","E19000001","E18000002","","E08000001","E05000654"
"BL1 8FY",10,372529,411010,"E92000001","E19000001","E18000002","","E08000001","E05000654"
"BL1 8FZ",10,372561,410875,"E92000001","E19000001","E18000002","","E08000001","E05000654"
"BL1 8GA",10,372510,410889,"E92000001","E19000001","E18000002","","E08000001","E05000654"
"BL1 8GB",10,372620,410957,"E92000001","E19000001","E18000002","","E08000001","E05000654"
"BL1 8GD",10,372478,410897,"E92000001","E19000001","E18000002","","E08000001","E05000654"
"BL1 8GE",10,372372,410865,"E92000001","E19000001","E18000002","","E08000001","E05000654"
"BL1 8GF",10,372394,410970,"E92000001","E19000001","E18000002","","E08000001","E05000654"
"BL1 8GG",10,372431,411066,"E92000001","E19000001","E18000002","","E08000001","E05000654"
"BL1 8GH",10,372571,410806,"E92000001","E19000001","E18000002","","E08000001","E05000654"
"BL1 8GJ",10,370822,411082,"E92000001","E19000001","E18000002","","E08000001","E05000654"
"BL1 8GL",10,370850,411025,"E92000001","E19000001","E18000002","","E08000001","E05000654"
"BL1 8GN",10,370672,411300,"E92000001","E19000001","E18000002","","E08000001","E05000654"
"BL1 8GP",10,371558,410988,"E92000001","E19000001","E18000002","","E08000001","E05000654"
"BL1 8HB",10,371524,410880,"E92000001","E19000001","E18000002","","E08000001","E05000654"
"BL1 8HD",10,371542,410691,"E92000001","E19000001","E18000002","","E08000001","E05000654"
"BL1 8HE",10,371561,410603,"E92000001","E19000001","E18000002","","E08000001","E05000654"
"BL1 8HF",10,371578,410458,"E92000001","E19000001","E18000002","","E08000001","E05000654"
"BL1 8HH",10,371896,410972,"E92000001","E19000001","E18000002","","E08000001","E05000654"
"BL1 8HJ",10,371862,410634,"E92000001","E19000001","E18000002","","E08000001","E05000654"
"BL1 8HN",10,371800,410320,"E92000001","E19000001","E18000002","","E08000001","E05000654"
"BL1 8HQ",10,371796,410375,"E92000001","E19000001","E18000002","","E08000001","E05000654"
"BL1 8HS",10,371681,410298,"E92000001","E19000001","E18000002","","E08000001","E05000654"
"BL1 8HT",10,371747,410189,"E92000001","E19000001","E18000002","","E08000001","E05000654"
"BL1 8HU",10,371811,410254,"E92000001","E19000001","E18000002","","E08000001","E05000654"
"BL1 8JA",10,371656,410520,"E92000001","E19000001","E18000002","","E08000001","E05000654"
"BL1 8JB",10,371862,410634,"E92000001","E19000001","E18000002","","E08000001","E05000654"
"BL1 8JD",10,371831,411063,"E92000001","E19000001","E18000002","","E08000001","E05000654"
"BL1 8JE",10,371650,410632,"E92000001","E19000001","E18000002","","E08000001","E05000654"
"BL1 8JF",10,371692,410652,"E92000001","E19000001","E18000002","","E08000001","E05000654"
"BL1 8JG",10,371690,410631,"E92000001","E19000001","E18000002","","E08000001","E05000654"
"BL1 8JH",10,371712,410557,"E92000001","E19000001","E18000002","","E08000001","E05000654"
"BL1 8JJ",10,371629,410863,"E92000001","E19000001","E18000002","","E08000001","E05000654"
"BL1 8JL",10,371657,410841,"E92000001","E19000001","E18000002","","E08000001","E05000654"
"BL1 8JP",10,371681,410708,"E92000001","E19000001","E18000002","","E08000001","E05000654"
"BL1 8JQ",10,371654,410571,"E92000001","E19000001","E18000002","","E08000001","E05000654"
"BL1 8JR",10,371631,410714,"E92000001","E19000001","E18000002","","E08000001","E05000654"
"BL1 8JS",10,371778,410770,"E92000001","E19000001","E18000002","","E08000001","E05000654"
"BL1 8JT",10,371780,410756,"E92000001","E19000001","E18000002","","E08000001","E05000654"
"BL1 8JU",10,371622,411075,"E92000001","E19000001","E18000002","","E08000001","E05000654"
"BL1 8JW",10,371666,411434,"E92000001","E19000001","E18000002","","E08000001","E05000654"
"BL1 8JX",10,371813,410861,"E92000001","E19000001","E18000002","","E08000001","E05000654"
"BL1 8JY",10,371799,410907,"E92000001","E19000001","E18000002","","E08000001","E05000654"
"BL1 8JZ",10,371752,410902,"E92000001","E19000001","E18000002","","E08000001","E05000654"
"BL1 8LA",10,371829,410842,"E92000001","E19000001","E18000002","","E08000001","E05000654"
"BL1 8LB",10,371879,410910,"E92000001","E19000001","E18000002","","E08000001","E05000654"
"BL1 8LD",10,371856,410991,"E92000001","E19000001","E18000002","","E08000001","E05000654"
"BL1 8LE",10,371561,411055,"E92000001","E19000001","E18000002","","E08000001","E05000654"
"BL1 8LF",10,371593,411051,"E92000001","E19000001","E18000002","","E08000001","E05000654"
"BL1 8LG",10,371649,411053,"E92000001","E19000001","E18000002","","E08000001","E05000654"
"BL1 8LH",10,371626,410975,"E92000001","E19000001","E18000002","","E08000001","E05000654"
"BL1 8LJ",10,371600,411030,"E92000001","E19000001","E18000002","","E08000001","E05000654"
"BL1 8LL",10,371727,411055,"E92000001","E19000001","E18000002","","E08000001","E05000654"
"BL1 8LN",10,371748,410996,"E92000001","E19000001","E18000002","","E08000001","E05000654"
"BL1 8LP",10,371887,411022,"E92000001","E19000001","E18000002","","E08000001","E05000654"
"BL1 8LQ",10,371678,411047,"E92000001","E19000001","E18000002","","E08000001","E05000654"
"BL1 8LR",10,371793,410958,"E92000001","E19000001","E18000002","","E08000001","E05000654"
"BL1 8LS",10,371725,410987,"E92000001","E19000001","E18000002","","E08000001","E05000654"
"BL1 8LT",10,371675,410977,"E92000001","E19000001","E18000002","","E08000001","E05000654"
"BL1 8LU",10,371710,410867,"E92000001","E19000001","E18000002","","E08000001","E05000654"
"BL1 8LW",10,371797,411050,"E92000001","E19000001","E18000002","","E08000001","E05000654"
"BL1 8LX",10,371680,410866,"E92000001","E19000001","E18000002","","E08000001","E05000654"
"BL1 8LY",10,371585,410929,"E92000001","E19000001","E18000002","","E08000001","E05000654"
"BL1 8LZ",10,371925,410957,"E92000001","E19000001","E18000002","","E08000001","E05000654"
"BL1 8NB",10,371413,411270,"E92000001","E19000001","E18000002","","E08000001","E05000650"
"BL1 8NE",10,371522,411170,"E92000001","E19000001","E18000002","","E08000001","E05000654"
"BL1 8NG",10,371440,411259,"E92000001","E19000001","E18000002","","E08000001","E05000650"
"BL1 8NJ",10,371437,411315,"E92000001","E19000001","E18000002","","E08000001","E05000650"
"BL1 8NL",10,371475,411350,"E92000001","E19000001","E18000002","","E08000001","E05000654"
"BL1 8NN",10,371438,411435,"E92000001","E19000001","E18000002","","E08000001","E05000650"
"BL1 8NP",10,371366,411722,"E92000001","E19000001","E18000002","","E08000001","E05000650"
"BL1 8NR",10,371342,411707,"E92000001","E19000001","E18000002","","E08000001","E05000650"
"BL1 8NS",10,371366,411752,"E92000001","E19000001","E18000002","","E08000001","E05000650"
"BL1 8NT",10,371231,411593,"E92000001","E19000001","E18000002","","E08000001","E05000650"
"BL1 8NU",10,371285,411593,"E92000001","E19000001","E18000002","","E08000001","E05000650"
"BL1 8NW",10,371474,411605,"E92000001","E19000001","E18000002","","E08000001","E05000654"
"BL1 8NX",10,371525,411776,"E92000001","E19000001","E18000002","","E08000001","E05000650"
"BL1 8NZ",10,371615,411611,"E92000001","E19000001","E18000002","","E08000001","E05000654"
"BL1 8PA",10,371495,411618,"E92000001","E19000001","E18000002","","E08000001","E05000654"
"BL1 8PB",10,371966,410408,"E92000001","E19000001","E18000002","","E08000001","E05000654"
"BL1 8PD",10,371493,411581,"E92000001","E19000001","E18000002","","E08000001","E05000654"
"BL1 8PE",10,371467,411457,"E92000001","E19000001","E18000002","","E08000001","E05000654"
"BL1 8PF",10,371585,411355,"E92000001","E19000001","E18000002","","E08000001","E05000654"
"BL1 8PG",10,371543,411384,"E92000001","E19000001","E18000002","","E08000001","E05000654"
"BL1 8PH",10,371484,411532,"E92000001","E19000001","E18000002","","E08000001","E05000654"
"BL1 8PJ",10,371549,411332,"E92000001","E19000001","E18000002","","E08000001","E05000654"
"BL1 8PL",10,371561,411264,"E92000001","E19000001","E18000002","","E08000001","E05000654"
"BL1 8PN",10,371556,411289,"E92000001","E19000001","E18000002","","E08000001","E05000654"
"BL1 8PP",10,371732,411351,"E92000001","E19000001","E18000002","","E08000001","E05000654"
"BL1 8PQ",10,371493,411429,"E92000001","E19000001","E18000002","","E08000001","E05000654"
"BL1 8PR",10,371640,411314,"E92000001","E19000001","E18000002","","E08000001","E05000654"
"BL1 8PS",10,371586,411328,"E92000001","E19000001","E18000002","","E08000001","E05000654"
"BL1 8PT",10,371695,411385,"E92000001","E19000001","E18000002","","E08000001","E05000654"
"BL1 8PU",10,371882,411381,"E92000001","E19000001","E18000002","","E08000001","E05000654"
"BL1 8PW",10,371638,411293,"E92000001","E19000001","E18000002","","E08000001","E05000654"
"BL1 8PX",10,371928,411347,"E92000001","E19000001","E18000002","","E08000001","E05000654"
"BL1 8PY",10,371813,411443,"E92000001","E19000001","E18000002","","E08000001","E05000654"
"BL1 8PZ",10,371777,411452,"E92000001","E19000001","E18000002","","E08000001","E05000654"
"BL1 8QA",10,371562,411510,"E92000001","E19000001","E18000002","","E08000001","E05000654"
"BL1 8QB",10,371689,411462,"E92000001","E19000001","E18000002","","E08000001","E05000654"
"BL1 8QD",10,371704,411563,"E92000001","E19000001","E18000002","","E08000001","E05000654"
"BL1 8QE",10,371767,411507,"E92000001","E19000001","E18000002","","E08000001","E05000654"
"BL1 8QF",10,371610,411538,"E92000001","E19000001","E18000002","","E08000001","E05000654"
"BL1 8QG",10,371392,411594,"E92000001","E19000001","E18000002","","E08000001","E05000650"
"BL1 8QH",10,371613,411473,"E92000001","E19000001","E18000002","","E08000001","E05000654"
"BL1 8QJ",10,371634,411542,"E92000001","E19000001","E18000002","","E08000001","E05000654"
"BL1 8QN",10,371257,411659,"E92000001","E19000001","E18000002","","E08000001","E05000650"
"BL1 8QP",10,371514,411870,"E92000001","E19000001","E18000002","","E08000001","E05000650"
"BL1 8QQ",50,371503,411534,"E92000001","E19000001","E18000002","","E08000001","E05000654"
"BL1 8QR",10,371533,411850,"E92000001","E19000001","E18000002","","E08000001","E05000650"
"BL1 8QT",10,371541,411878,"E92000001","E19000001","E18000002","","E08000001","E05000650"
"BL1 8QU",10,371530,411915,"E92000001","E19000001","E18000002","","E08000001","E05000650"
"BL1 8QX",10,371639,411919,"E92000001","E19000001","E18000002","","E08000001","E05000650"
"BL1 8QY",10,371618,411947,"E92000001","E19000001","E18000002","","E08000001","E05000650"
"BL1 8QZ",10,371540,411990,"E92000001","E19000001","E18000002","","E08000001","E05000650"
"BL1 8RA",10,371584,412050,"E92000001","E19000001","E18000002","","E08000001","E05000650"
"BL1 8RB",10,371619,412005,"E92000001","E19000001","E18000002","","E08000001","E05000650"
"BL1 8RD",10,371675,412097,"E92000001","E19000001","E18000002","","E08000001","E05000650"
"BL1 8RE",10,371644,412017,"E92000001","E19000001","E18000002","","E08000001","E05000650"
"BL1 8RG",10,371725,412031,"E92000001","E19000001","E18000002","","E08000001","E05000650"
"BL1 8RH",10,371810,412175,"E92000001","E19000001","E18000002","","E08000001","E05000650"
"BL1 8RL",10,371726,412187,"E92000001","E19000001","E18000002","","E08000001","E05000650"
"BL1 8RN",10,371919,412231,"E92000001","E19000001","E18000002","","E08000001","E05000650"
"BL1 8RP",10,371569,412111,"E92000001","E19000001","E18000002","","E08000001","E05000650"
"BL1 8RQ",10,371698,412028,"E92000001","E19000001","E18000002","","E08000001","E05000650"
"BL1 8RR",10,371964,412169,"E92000001","E19000001","E18000002","","E08000001","E05000650"
"BL1 8RS",10,372087,412190,"E92000001","E19000001","E18000002","","E08000001","E05000650"
"BL1 8RT",10,372241,411160,"E92000001","E19000001","E18000002","","E08000001","E05000654"
"BL1 8RU",10,372136,412241,"E92000001","E19000001","E18000002","","E08000001","E05000650"
"BL1 8RW",10,372074,412250,"E92000001","E19000001","E18000002","","E08000001","E05000650"
"BL1 8RX",10,372194,412201,"E92000001","E19000001","E18000002","","E08000001","E05000650"
"BL1 8RY",10,372523,412174,"E92000001","E19000001","E18000002","","E08000001","E05000650"
"BL1 8RZ",10,372136,412149,"E92000001","E19000001","E18000002","","E08000001","E05000650"
"BL1 8SA",10,372048,412079,"E92000001","E19000001","E18000002","","E08000001","E05000650"
"BL1 8SB",10,372104,412077,"E92000001","E19000001","E18000002","","E08000001","E05000650"
"BL1 8SD",10,372053,412004,"E92000001","E19000001","E18000002","","E08000001","E05000650"
"BL1 8SE",10,371904,411975,"E92000001","E19000001","E18000002","","E08000001","E05000650"
"BL1 8SF",10,371932,411992,"E92000001","E19000001","E18000002","","E08000001","E05000650"
"BL1 8SG",10,372007,411991,"E92000001","E19000001","E18000002","","E08000001","E05000650"
"BL1 8SH",10,372039,411830,"E92000001","E19000001","E18000002","","E08000001","E05000650"
"BL1 8SJ",10,372112,411849,"E92000001","E19000001","E18000002","","E08000001","E05000650"
"BL1 8SL",10,372211,412101,"E92000001","E19000001","E18000002","","E08000001","E05000650"
"BL1 8SN",10,372028,412381,"E92000001","E19000001","E18000002","","E08000001","E05000650"
"BL1 8SP",10,372226,411125,"E92000001","E19000001","E18000002","","E08000001","E05000654"
"BL1 8SQ",10,371961,412102,"E92000001","E19000001","E18000002","","E08000001","E05000650"
"BL1 8SR",10,372662,411429,"E92000001","E19000001","E18000002","","E08000001","E05000654"
"BL1 8SS",10,372572,411471,"E92000001","E19000001","E18000002","","E08000001","E05000654"
"BL1 8ST",10,372612,411492,"E92000001","E19000001","E18000002","","E08000001","E05000654"
"BL1 8SU",10,372617,411594,"E92000001","E19000001","E18000002","","E08000001","E05000654"
"BL1 8SW",10,371757,411185,"E92000001","E19000001","E18000002","","E08000001","E05000654"
"BL1 8SX",10,372593,411591,"E92000001","E19000001","E18000002","","E08000001","E05000654"
"BL1 8SY",10,372641,411666,"E92000001","E19000001","E18000002","","E08000001","E05000654"
"BL1 8SZ",10,372641,411741,"E92000001","E19000001","E18000002","","E08000001","E05000654"
"BL1 8TA",10,372670,411587,"E92000001","E19000001","E18000002","","E08000001","E05000654"
"BL1 8TB",10,371656,411757,"E92000001","E19000001","E18000002","","E08000001","E05000650"
"BL1 8TD",10,371691,411808,"E92000001","E19000001","E18000002","","E08000001","E05000650"
"BL1 8TE",10,371786,411751,"E92000001","E19000001","E18000002","","E08000001","E05000650"
"BL1 8TF",10,371790,411798,"E92000001","E19000001","E18000002","","E08000001","E05000650"
"BL1 8TG",10,371908,411629,"E92000001","E19000001","E18000002","","E08000001","E05000650"
"BL1 8TH",10,371556,411755,"E92000001","E19000001","E18000002","","E08000001","E05000650"
"BL1 8TJ",10,371822,411613,"E92000001","E19000001","E18000002","","E08000001","E05000650"
"BL1 8TL",10,371808,411558,"E92000001","E19000001","E18000002","","E08000001","E05000654"
"BL1 8TN",10,372638,411406,"E92000001","E19000001","E18000002","","E08000001","E05000654"
"BL1 8TP",10,371760,411535,"E92000001","E19000001","E18000002","","E08000001","E05000654"
"BL1 8TQ",10,371862,411694,"E92000001","E19000001","E18000002","","E08000001","E05000650"
"BL1 8TR",10,371960,411578,"E92000001","E19000001","E18000002","","E08000001","E05000650"
"BL1 8TS",10,372039,411263,"E92000001","E19000001","E18000002","","E08000001","E05000654"
"BL1 8TT",10,371782,410513,"E92000001","E19000001","E18000002","","E08000001","E05000654"
"BL1 8TU",10,371991,410744,"E92000001","E19000001","E18000002","","E08000001","E05000654"
"BL1 8TW",10,372755,411598,"E92000001","E19000001","E18000002","","E08000001","E05000654"
"BL1 8TX",10,371634,411850,"E92000001","E19000001","E18000002","","E08000001","E05000650"
"BL1 8TY",10,372139,411607,"E92000001","E19000001","E18000002","","E08000001","E05000654"
"BL1 8TZ",10,372181,411791,"E92000001","E19000001","E18000002","","E08000001","E05000650"
"BL1 8UA",10,372464,411530,"E92000001","E19000001","E18000002","","E08000001","E05000654"
"BL1 8UB",10,372460,411698,"E92000001","E19000001","E18000002","","E08000001","E05000654"
"BL1 8UD",10,372482,411437,"E92000001","E19000001","E18000002","","E08000001","E05000654"
"BL1 8UE",10,371736,411801,"E92000001","E19000001","E18000002","","E08000001","E05000650"
"BL1 8UF",10,372580,411150,"E92000001","E19000001","E18000002","","E08000001","E05000654"
"BL1 8UG",10,372522,411175,"E92000001","E19000001","E18000002","","E08000001","E05000654"
"BL1 8UH",10,372654,411774,"E92000001","E19000001","E18000002","","E08000001","E05000654"
"BL1 8UJ",10,372542,411616,"E92000001","E19000001","E18000002","","E08000001","E05000654"
"BL1 8UP",10,372617,411293,"E92000001","E19000001","E18000002","","E08000001","E05000654"
"BL1 8UQ",10,372427,411207,"E92000001","E19000001","E18000002","","E08000001","E05000654"
"BL1 8UR",10,372633,411343,"E92000001","E19000001","E18000002","","E08000001","E05000654"
"BL1 8US",10,372493,411734,"E92000001","E19000001","E18000002","","E08000001","E05000654"
"BL1 8UT",10,372328,411305,"E92000001","E19000001","E18000002","","E08000001","E05000654"
"BL1 8UU",10,372662,411157,"E92000001","E19000001","E18000002","","E08000001","E05000654"
"BL1 8UW",10,372617,411061,"E92000001","E19000001","E18000002","","E08000001","E05000654"
"BL1 8UX",10,372470,411105,"E92000001","E19000001","E18000002","","E08000001","E05000654"
"BL1 8UY",10,372500,411276,"E92000001","E19000001","E18000002","","E08000001","E05000654"
"BL1 8WB",10,372088,411065,"E92000001","E19000001","E18000002","","E08000001","E05000654"
"BL1 8WD",10,372062,410955,"E92000001","E19000001","E18000002","","E08000001","E05000654"
"BL1 8WW",10,371936,410296,"E92000001","E19000001","E18000002","","E08000001","E05000654"
"BL1 8XA",10,371465,411047,"E92000001","E19000001","E18000002","","E08000001","E05000654"
"BL1 8XB",10,371436,411041,"E92000001","E19000001","E18000002","","E08000001","E05000654"
"BL1 8XD",10,371377,411035,"E92000001","E19000001","E18000002","","E08000001","E05000654"
"BL1 8XE",10,371319,411033,"E92000001","E19000001","E18000002","","E08000001","E05000654"
"BL1 8XF",10,371350,411026,"E92000001","E19000001","E18000002","","E08000001","E05000654"
"BL1 8XG",10,371462,410999,"E92000001","E19000001","E18000002","","E08000001","E05000654"
"BL1 8XH",10,371455,410926,"E92000001","E19000001","E18000002","","E08000001","E05000654"
"BL1 8XJ",10,371467,410869,"E92000001","E19000001","E18000002","","E08000001","E05000654"
"BL1 8XP",10,372557,411045,"E92000001","E19000001","E18000002","","E08000001","E05000654"
"BL1 8XQ",10,371449,410950,"E92000001","E19000001","E18000002","","E08000001","E05000654"
"BL1 8XX",10,371936,410296,"E92000001","E19000001","E18000002","","E08000001","E05000654"
"BL1 9GZ",10,371936,410296,"E92000001","E19000001","E18000002","","E08000001","E05000654"
"BL1 9HR",10,371936,410296,"E92000001","E19000001","E18000002","","E08000001","E05000654"
"BL1 9HZ",10,371936,410296,"E92000001","E19000001","E18000002","","E08000001","E05000654"
"BL1 9JG",10,371936,410296,"E92000001","E19000001","E18000002","","E08000001","E05000654"
"BL1 9NT",10,371936,410296,"E92000001","E19000001","E18000002","","E08000001","E05000654"
"BL1 9PF",10,371936,410296,"E92000001","E19000001","E18000002","","E08000001","E05000654"
"BL1 9PT",10,371936,410296,"E92000001","E19000001","E18000002","","E08000001","E05000654"
"BL1 9RD",10,371936,410296,"E92000001","E19000001","E18000002","","E08000001","E05000654"
"BL1 9SB",10,371575,409157,"E92000001","E19000001","E18000002","","E08000001","E05000657"
"BL1 9SD",10,371575,409157,"E92000001","E19000001","E18000002","","E08000001","E05000657"
"BL1 9SE",10,371575,409157,"E92000001","E19000001","E18000002","","E08000001","E05000657"
"BL1 9SF",10,371575,409157,"E92000001","E19000001","E18000002","","E08000001","E05000657"
"BL1 9SG",10,371575,409157,"E92000001","E19000001","E18000002","","E08000001","E05000657"
"BL1 9SH",10,371575,409157,"E92000001","E19000001","E18000002","","E08000001","E05000657"
"BL1 9SJ",10,371575,409157,"E92000001","E19000001","E18000002","","E08000001","E05000657"
"BL1 9SL",10,371575,409157,"E92000001","E19000001","E18000002","","E08000001","E05000657"
"BL1 9SN",10,371575,409157,"E92000001","E19000001","E18000002","","E08000001","E05000657"
"BL1 9SP",10,371575,409157,"E92000001","E19000001","E18000002","","E08000001","E05000657"
"BL1 9SQ",10,371575,409157,"E92000001","E19000001","E18000002","","E08000001","E05000657"
"BL1 9SR",10,371575,409157,"E92000001","E19000001","E18000002","","E08000001","E05000657"
"BL1 9SS",10,371575,409157,"E92000001","E19000001","E18000002","","E08000001","E05000657"
"BL1 9ST",10,371575,409157,"E92000001","E19000001","E18000002","","E08000001","E05000657"
"BL1 9SU",10,371575,409157,"E92000001","E19000001","E18000002","","E08000001","E05000657"
"BL1 9SW",10,371575,409157,"E92000001","E19000001","E18000002","","E08000001","E05000657"
"BL1 9SX",10,371575,409157,"E92000001","E19000001","E18000002","","E08000001","E05000657"
"BL1 9SY",10,371575,409157,"E92000001","E19000001","E18000002","","E08000001","E05000657"
"BL1 9SZ",10,371575,409157,"E92000001","E19000001","E18000002","","E08000001","E05000657"
"BL1 9TA",10,371575,409157,"E92000001","E19000001","E18000002","","E08000001","E05000657"
"BL1 9TB",10,371575,409157,"E92000001","E19000001","E18000002","","E08000001","E05000657"
"BL1 9TD",10,371575,409157,"E92000001","E19000001","E18000002","","E08000001","E05000657"
"BL1 9UJ",10,371936,410296,"E92000001","E19000001","E18000002","","E08000001","E05000654"
"BL1 9UN",10,371936,410296,"E92000001","E19000001","E18000002","","E08000001","E05000654"
"BL1 9UU",10,371575,409157,"E92000001","E19000001","E18000002","","E08000001","E05000657"
"BL1 9UX",10,371936,410296,"E92000001","E19000001","E18000002","","E08000001","E05000654"
"BL1 9UY",10,371936,410296,"E92000001","E19000001","E18000002","","E08000001","E05000654"
"BL1 9WN",10,371936,410296,"E92000001","E19000001","E18000002","","E08000001","E05000654"
"BL1 9WP",10,371936,410296,"E92000001","E19000001","E18000002","","E08000001","E05000654"
"BL1 9WQ",10,371936,410296,"E92000001","E19000001","E18000002","","E08000001","E05000654"
"BL1 9WW",10,371936,410296,"E92000001","E19000001","E18000002","","E08000001","E05000654"
"BL1 9WX",10,371936,410296,"E92000001","E19000001","E18000002","","E08000001","E05000654"
"BL1 9WY",10,371936,410296,"E92000001","E19000001","E18000002","","E08000001","E05000654"
"BL1 9XF",10,371936,410296,"E92000001","E19000001","E18000002","","E08000001","E05000654"
"BL1 9XP",10,371936,410296,"E92000001","E19000001","E18000002","","E08000001","E05000654"
"BL1 9XQ",10,371936,410296,"E92000001","E19000001","E18000002","","E08000001","E05000654"
"BL1 9XT",10,371936,410296,"E92000001","E19000001","E18000002","","E08000001","E05000654"
"BL1 9XZ",10,371936,410296,"E92000001","E19000001","E18000002","","E08000001","E05000654"
"BL1 9YG",10,371936,410296,"E92000001","E19000001","E18000002","","E08000001","E05000654"
"BL1 9YN",10,371936,410296,"E92000001","E19000001","E18000002","","E08000001","E05000654"
"BL1 9YP",10,371936,410296,"E92000001","E19000001","E18000002","","E08000001","E05000654"
"BL1 9YQ",10,371936,410296,"E92000001","E19000001","E18000002","","E08000001","E05000654"
"BL1 9YS",10,371936,410296,"E92000001","E19000001","E18000002","","E08000001","E05000654"
"BL1 9YT",10,371575,409157,"E92000001","E19000001","E18000002","","E08000001","E05000657"
"BL1 9YU",10,371936,410296,"E92000001","E19000001","E18000002","","E08000001","E05000654"
"BL1 9YW",10,371936,410296,"E92000001","E19000001","E18000002","","E08000001","E05000654"
"BL1 9YX",10,371936,410296,"E92000001","E19000001","E18000002","","E08000001","E05000654"
"BL1 9YY",10,371936,410296,"E92000001","E19000001","E18000002","","E08000001","E05000654"
"BL1 9YZ",10,371936,410296,"E92000001","E19000001","E18000002","","E08000001","E05000654"
"BL1 9ZA",10,371936,410296,"E92000001","E19000001","E18000002","","E08000001","E05000654"
"BL1 9ZB",10,371936,410296,"E92000001","E19000001","E18000002","","E08000001","E05000654"
"BL1 9ZD",10,371936,410296,"E92000001","E19000001","E18000002","","E08000001","E05000654"
"BL1 9ZE",10,371936,410296,"E92000001","E19000001","E18000002","","E08000001","E05000654"
"BL1 9ZG",10,371936,410296,"E92000001","E19000001","E18000002","","E08000001","E05000654"
"BL1 9ZZ",50,371936,410296,"E92000001","E19000001","E18000002","","E08000001","E05000654"
"BL111AE",10,371944,408464,"E92000001","E19000001","E18000002","","E08000001","E05000656"
"BL111AF",10,371944,408464,"E92000001","E19000001","E18000002","","E08000001","E05000656"
"BL111AG",10,371944,408464,"E92000001","E19000001","E18000002","","E08000001","E05000656"
"BL111AH",10,371944,408464,"E92000001","E19000001","E18000002","","E08000001","E05000656"
"BL111AJ",10,371944,408464,"E92000001","E19000001","E18000002","","E08000001","E05000656"
"BL111AL",10,371944,408464,"E92000001","E19000001","E18000002","","E08000001","E05000656"
"BL111AN",10,371944,408464,"E92000001","E19000001","E18000002","","E08000001","E05000656"
"BL111AP",10,371944,408464,"E92000001","E19000001","E18000002","","E08000001","E05000656"
"BL111AQ",10,371944,408464,"E92000001","E19000001","E18000002","","E08000001","E05000656"
"BL111AR",10,371944,408464,"E92000001","E19000001","E18000002","","E08000001","E05000656"
"BL111AS",10,371944,408464,"E92000001","E19000001","E18000002","","E08000001","E05000656"
"BL111AT",10,371944,408464,"E92000001","E19000001","E18000002","","E08000001","E05000656"
"BL111AU",10,371944,408464,"E92000001","E19000001","E18000002","","E08000001","E05000656"
"BL111AW",10,371944,408464,"E92000001","E19000001","E18000002","","E08000001","E05000656"
"BL111AX",10,371944,408464,"E92000001","E19000001","E18000002","","E08000001","E05000656"
"BL111AY",10,371944,408464,"E92000001","E19000001","E18000002","","E08000001","E05000656"
"BL111AZ",10,371944,408464,"E92000001","E19000001","E18000002","","E08000001","E05000656"
"BL111BA",10,371944,408464,"E92000001","E19000001","E18000002","","E08000001","E05000656"
"BL111BB",10,371944,408464,"E92000001","E19000001","E18000002","","E08000001","E05000656"
"BL111BD",10,371944,408464,"E92000001","E19000001","E18000002","","E08000001","E05000656"
"BL111BE",10,371944,408464,"E92000001","E19000001","E18000002","","E08000001","E05000656"
"BL111BF",10,371944,408464,"E92000001","E19000001","E18000002","","E08000001","E05000656"
"BL111BG",10,371944,408464,"E92000001","E19000001","E18000002","","E08000001","E05000656"
"BL111BH",10,371944,408464,"E92000001","E19000001","E18000002","","E08000001","E05000656"
"BL111XT",10,371944,408464,"E92000001","E19000001","E18000002","","E08000001","E05000656"
"BL111XU",10,371944,408464,"E92000001","E19000001","E18000002","","E08000001","E05000656"
"BL111XX",10,371944,408464,"E92000001","E19000001","E18000002","","E08000001","E05000656"
"BL111XY",10,371453,409276,"E92000001","E19000001","E18000002","","E08000001","E05000657"
"BL111XZ",10,371944,408464,"E92000001","E19000001","E18000002","","E08000001","E05000656"
"BL111YX",10,371944,408464,"E92000001","E19000001","E18000002","","E08000001","E05000656"
"BL111ZY",10,371944,408464,"E92000001","E19000001","E18000002","","E08000001","E05000656"
"BL2 1AA",10,372280,409234,"E92000001","E19000001","E18000002","","E08000001","E05000667"
"BL2 1AB",10,372290,409207,"E92000001","E19000001","E18000002","","E08000001","E05000667"
"BL2 1AD",10,372403,409191,"E92000001","E19000001","E18000002","","E08000001","E05000667"
"BL2 1AE",10,372369,409171,"E92000001","E19000001","E18000002","","E08000001","E05000667"
"BL2 1AF",10,372590,409181,"E92000001","E19000001","E18000002","","E08000001","E05000667"
"BL2 1AG",10,372339,409149,"E92000001","E19000001","E18000002","","E08000001","E05000667"
"BL2 1AH",10,372410,409081,"E92000001","E19000001","E18000002","","E08000001","E05000667"
"BL2 1AJ",10,372483,409219,"E92000001","E19000001","E18000002","","E08000001","E05000667"
"BL2 1AL",10,372508,409159,"E92000001","E19000001","E18000002","","E08000001","E05000667"
"BL2 1AP",10,372556,409198,"E92000001","E19000001","E18000002","","E08000001","E05000667"
"BL2 1AQ",10,372399,409109,"E92000001","E19000001","E18000002","","E08000001","E05000667"
"BL2 1AR",10,372245,408891,"E92000001","E19000001","E18000002","","E08000001","E05000656"
"BL2 1AS",10,372525,409098,"E92000001","E19000001","E18000002","","E08000001","E05000667"
"BL2 1AT",10,372778,409263,"E92000001","E19000001","E18000002","","E08000001","E05000667"
"BL2 1AU",10,372233,408407,"E92000001","E19000001","E18000002","","E08000001","E05000656"
"BL2 1AW",10,372592,409223,"E92000001","E19000001","E18000002","","E08000001","E05000667"
"BL2 1AY",10,371907,408944,"E92000001","E19000001","E18000002","","E08000001","E05000656"
"BL2 1AZ",10,371922,408916,"E92000001","E19000001","E18000002","","E08000001","E05000656"
"BL2 1BA",10,371929,408901,"E92000001","E19000001","E18000002","","E08000001","E05000656"
"BL2 1BE",10,371839,408727,"E92000001","E19000001","E18000002","","E08000001","E05000656"
"BL2 1BJ",10,371951,408949,"E92000001","E19000001","E18000002","","E08000001","E05000656"
"BL2 1BQ",10,372186,408860,"E92000001","E19000001","E18000002","","E08000001","E05000656"
"BL2 1BR",10,372000,409014,"E92000001","E19000001","E18000002","","E08000001","E05000656"
"BL2 1BT",10,372055,408925,"E92000001","E19000001","E18000002","","E08000001","E05000656"
"BL2 1BX",10,372205,408876,"E92000001","E19000001","E18000002","","E08000001","E05000656"
"BL2 1BY",10,372148,408888,"E92000001","E19000001","E18000002","","E08000001","E05000656"
"BL2 1BZ",10,372119,408958,"E92000001","E19000001","E18000002","","E08000001","E05000656"
"BL2 1DE",10,372158,408832,"E92000001","E19000001","E18000002","","E08000001","E05000656"
"BL2 1DG",10,372192,408779,"E92000001","E19000001","E18000002","","E08000001","E05000656"
"BL2 1DS",10,372213,408579,"E92000001","E19000001","E18000002","","E08000001","E05000656"
"BL2 1DU",10,372141,408376,"E92000001","E19000001","E18000002","","E08000001","E05000656"
"BL2 1DW",10,372187,408837,"E92000001","E19000001","E18000002","","E08000001","E05000656"
"BL2 1DZ",10,372099,408946,"E92000001","E19000001","E18000002","","E08000001","E05000656"
"BL2 1EH",10,372055,408747,"E92000001","E19000001","E18000002","","E08000001","E05000656"
"BL2 1ES",10,372152,408548,"E92000001","E19000001","E18000002","","E08000001","E05000656"
"BL2 1ET",10,372196,408435,"E92000001","E19000001","E18000002","","E08000001","E05000656"
"BL2 1EW",10,372307,408404,"E92000001","E19000001","E18000002","","E08000001","E05000656"
"BL2 1EX",10,372257,408493,"E92000001","E19000001","E18000002","","E08000001","E05000656"
"BL2 1HA",10,372313,408318,"E92000001","E19000001","E18000002","","E08000001","E05000656"
"BL2 1HD",10,372340,408250,"E92000001","E19000001","E18000002","","E08000001","E05000656"
"BL2 1HE",10,372249,408233,"E92000001","E19000001","E18000002","","E08000001","E05000656"
"BL2 1HF",10,372335,408226,"E92000001","E19000001","E18000002","","E08000001","E05000656"
"BL2 1HL",10,372190,408239,"E92000001","E19000001","E18000002","","E08000001","E05000656"
"BL2 1HP",10,372326,409136,"E92000001","E19000001","E18000002","","E08000001","E05000667"
"BL2 1HQ",10,372050,408565,"E92000001","E19000001","E18000002","","E08000001","E05000656"
"BL2 1HR",10,372323,409073,"E92000001","E19000001","E18000002","","E08000001","E05000667"
"BL2 1HS",10,372380,409023,"E92000001","E19000001","E18000002","","E08000001","E05000667"
"BL2 1HT",10,372405,408997,"E92000001","E19000001","E18000002","","E08000001","E05000667"
"BL2 1HX",10,372403,408261,"E92000001","E19000001","E18000002","","E08000001","E05000656"
"BL2 1HY",10,372336,408698,"E92000001","E19000001","E18000002","","E08000001","E05000656"
"BL2 1JA",10,372403,408814,"E92000001","E19000001","E18000002","","E08000001","E05000667"
"BL2 1JD",10,372454,408726,"E92000001","E19000001","E18000002","","E08000001","E05000667"
"BL2 1JE",10,372573,408757,"E92000001","E19000001","E18000002","","E08000001","E05000667"
"BL2 1JF",10,372462,408840,"E92000001","E19000001","E18000002","","E08000001","E05000667"
"BL2 1JG",10,372533,409000,"E92000001","E19000001","E18000002","","E08000001","E05000667"
"BL2 1JH",10,372530,408638,"E92000001","E19000001","E18000002","","E08000001","E05000667"
"BL2 1JJ",10,372468,408987,"E92000001","E19000001","E18000002","","E08000001","E05000667"
"BL2 1JL",10,372607,408984,"E92000001","E19000001","E18000002","","E08000001","E05000667"
"BL2 1JN",10,372604,408939,"E92000001","E19000001","E18000002","","E08000001","E05000667"
"BL2 1JP",10,372605,409057,"E92000001","E19000001","E18000002","","E08000001","E05000667"
"BL2 1JQ",10,372638,408900,"E92000001","E19000001","E18000002","","E08000001","E05000667"
"BL2 1JR",10,372598,409109,"E92000001","E19000001","E18000002","","E08000001","E05000667"
"BL2 1JS",10,372778,409263,"E92000001","E19000001","E18000002","","E08000001","E05000667"
"BL2 1JT",10,372808,409247,"E92000001","E19000001","E18000002","","E08000001","E05000667"
"BL2 1JU",10,372788,409277,"E92000001","E19000001","E18000002","","E08000001","E05000667"
"BL2 1JX",10,372670,409212,"E92000001","E19000001","E18000002","","E08000001","E05000667"
"BL2 1JY",10,372587,409148,"E92000001","E19000001","E18000002","","E08000001","E05000667"
"BL2 1JZ",10,372650,408641,"E92000001","E19000001","E18000002","","E08000001","E05000667"
"BL2 1LA",10,372680,408383,"E92000001","E19000001","E18000002","","E08000001","E05000667"
"BL2 1LE",10,372591,408511,"E92000001","E19000001","E18000002","","E08000001","E05000667"
"BL2 1LF",10,372648,408502,"E92000001","E19000001","E18000002","","E08000001","E05000667"
"BL2 1LG",10,372583,408577,"E92000001","E19000001","E18000002","","E08000001","E05000667"
"BL2 1LH",10,373023,408455,"E92000001","E19000001","E18000002","","E08000001","E05000664"
"BL2 1LJ",10,372792,408501,"E92000001","E19000001","E18000002","","E08000001","E05000667"
"BL2 1LL",10,372716,408493,"E92000001","E19000001","E18000002","","E08000001","E05000667"
"BL2 1LN",10,372757,408674,"E92000001","E19000001","E18000002","","E08000001","E05000667"
"BL2 1LP",10,372753,408362,"E92000001","E19000001","E18000002","","E08000001","E05000667"
"BL2 1LQ",10,372495,408681,"E92000001","E19000001","E18000002","","E08000001","E05000667"
"BL2 1LR",10,372709,408413,"E92000001","E19000001","E18000002","","E08000001","E05000667"
"BL2 1LS",10,372803,408621,"E92000001","E19000001","E18000002","","E08000001","E05000667"
"BL2 1LT",10,372825,408514,"E92000001","E19000001","E18000002","","E08000001","E05000667"
"BL2 1LU",10,372880,408557,"E92000001","E19000001","E18000002","","E08000001","E05000667"
"BL2 1LW",10,372729,408615,"E92000001","E19000001","E18000002","","E08000001","E05000667"
"BL2 1LX",10,372922,408506,"E92000001","E19000001","E18000002","","E08000001","E05000667"
"BL2 1LY",10,372886,408533,"E92000001","E19000001","E18000002","","E08000001","E05000667"
"BL2 1LZ",10,372968,408536,"E92000001","E19000001","E18000002","","E08000001","E05000667"
"BL2 1NA",10,373024,408522,"E92000001","E19000001","E18000002","","E08000001","E05000667"
"BL2 1NB",10,372891,408352,"E92000001","E19000001","E18000002","","E08000001","E05000664"
"BL2 1ND",10,372991,408386,"E92000001","E19000001","E18000002","","E08000001","E05000664"
"BL2 1NE",10,373054,408359,"E92000001","E19000001","E18000002","","E08000001","E05000664"
"BL2 1NF",10,373074,408426,"E92000001","E19000001","E18000002","","E08000001","E05000664"
"BL2 1NG",10,373110,408373,"E92000001","E19000001","E18000002","","E08000001","E05000664"
"BL2 1NH",10,373069,408196,"E92000001","E19000001","E18000002","","E08000001","E05000664"
"BL2 1NJ",10,373010,408239,"E92000001","E19000001","E18000002","","E08000001","E05000664"
"BL2 1NL",10,373067,408256,"E92000001","E19000001","E18000002","","E08000001","E05000664"
"BL2 1NN",10,372194,408607,"E92000001","E19000001","E18000002","","E08000001","E05000656"
"BL2 1NP",10,372140,408567,"E92000001","E19000001","E18000002","","E08000001","E05000656"
"BL2 1NQ",10,373101,408221,"E92000001","E19000001","E18000002","","E08000001","E05000664"
"BL2 1NU",10,372725,408960,"E92000001","E19000001","E18000002","","E08000001","E05000667"
"BL2 1NX",10,372655,409103,"E92000001","E19000001","E18000002","","E08000001","E05000667"
"BL2 1NY",10,372883,408637,"E92000001","E19000001","E18000002","","E08000001","E05000667"
"BL2 1NZ",10,372955,408665,"E92000001","E19000001","E18000002","","E08000001","E05000667"
"BL2 1PA",10,372918,408818,"E92000001","E19000001","E18000002","","E08000001","E05000667"
"BL2 1PB",10,372858,408770,"E92000001","E19000001","E18000002","","E08000001","E05000667"
"BL2 1PD",10,373056,408650,"E92000001","E19000001","E18000002","","E08000001","E05000667"
"BL2 1PE",10,373103,408464,"E92000001","E19000001","E18000002","","E08000001","E05000664"
"BL2 1PF",10,373190,408388,"E92000001","E19000001","E18000002","","E08000001","E05000664"
"BL2 1PG",10,373471,408373,"E92000001","E19000001","E18000002","","E08000001","E05000664"
"BL2 1PJ",10,373227,408334,"E92000001","E19000001","E18000002","","E08000001","E05000664"
"BL2 1PL",10,373324,408328,"E92000001","E19000001","E18000002","","E08000001","E05000664"
"BL2 1PN",10,373205,408351,"E92000001","E19000001","E18000002","","E08000001","E05000664"
"BL2 1PP",10,373364,408331,"E92000001","E19000001","E18000002","","E08000001","E05000664"
"BL2 1PQ",10,373451,408373,"E92000001","E19000001","E18000002","","E08000001","E05000664"
"BL2 1PW",10,373152,408353,"E92000001","E19000001","E18000002","","E08000001","E05000664"
"BL2 2AA",10,372427,409648,"E92000001","E19000001","E18000002","","E08000001","E05000667"
"BL2 2AB",10,372529,409749,"E92000001","E19000001","E18000002","","E08000001","E05000667"
"BL2 2AD",10,372998,410403,"E92000001","E19000001","E18000002","","E08000001","E05000667"
"BL2 2AG",10,372427,409648,"E92000001","E19000001","E18000002","","E08000001","E05000667"
"BL2 2AH",10,372410,409830,"E92000001","E19000001","E18000002","","E08000001","E05000667"
"BL2 2AL",10,372421,409509,"E92000001","E19000001","E18000002","","E08000001","E05000667"
"BL2 2AR",10,372406,409413,"E92000001","E19000001","E18000002","","E08000001","E05000667"
"BL2 2AY",10,372392,409337,"E92000001","E19000001","E18000002","","E08000001","E05000667"
"BL2 2BD",10,372617,409269,"E92000001","E19000001","E18000002","","E08000001","E05000667"
"BL2 2BG",10,372435,409258,"E92000001","E19000001","E18000002","","E08000001","E05000667"
"BL2 2BH",10,372464,409227,"E92000001","E19000001","E18000002","","E08000001","E05000667"
"BL2 2BL",10,372194,409463,"E92000001","E19000001","E18000002","","E08000001","E05000654"
"BL2 2BN",10,372417,409289,"E92000001","E19000001","E18000002","","E08000001","E05000667"
"BL2 2BR",10,372335,409407,"E92000001","E19000001","E18000002","","E08000001","E05000667"
"BL2 2BS",10,372382,409454,"E92000001","E19000001","E18000002","","E08000001","E05000667"
"BL2 2BU",10,372315,409356,"E92000001","E19000001","E18000002","","E08000001","E05000667"
"BL2 2BY",10,372244,409336,"E92000001","E19000001","E18000002","","E08000001","E05000667"
"BL2 2BZ",10,372403,409315,"E92000001","E19000001","E18000002","","E08000001","E05000667"
"BL2 2DE",10,372617,410167,"E92000001","E19000001","E18000002","","E08000001","E05000667"
"BL2 2DF",10,372409,409937,"E92000001","E19000001","E18000002","","E08000001","E05000667"
"BL2 2DH",10,372597,410050,"E92000001","E19000001","E18000002","","E08000001","E05000667"
"BL2 2DJ",10,372559,409931,"E92000001","E19000001","E18000002","","E08000001","E05000667"
"BL2 2DL",10,372681,410164,"E92000001","E19000001","E18000002","","E08000001","E05000667"
"BL2 2DN",10,372633,410199,"E92000001","E19000001","E18000002","","E08000001","E05000667"
"BL2 2DP",10,372702,410146,"E92000001","E19000001","E18000002","","E08000001","E05000667"
"BL2 2DR",10,372527,410169,"E92000001","E19000001","E18000002","","E08000001","E05000667"
"BL2 2DT",10,372178,410297,"E92000001","E19000001","E18000002","","E08000001","E05000654"
"BL2 2DU",10,372701,410218,"E92000001","E19000001","E18000002","","E08000001","E05000667"
"BL2 2DW",10,372629,410139,"E92000001","E19000001","E18000002","","E08000001","E05000667"
"BL2 2DY",10,372578,410186,"E92000001","E19000001","E18000002","","E08000001","E05000667"
"BL2 2DZ",10,372661,410253,"E92000001","E19000001","E18000002","","E08000001","E05000667"
"BL2 2EA",10,372814,410151,"E92000001","E19000001","E18000002","","E08000001","E05000667"
"BL2 2EB",10,372568,410211,"E92000001","E19000001","E18000002","","E08000001","E05000667"
"BL2 2ED",10,372844,410185,"E92000001","E19000001","E18000002","","E08000001","E05000667"
"BL2 2EF",10,372878,410283,"E92000001","E19000001","E18000002","","E08000001","E05000667"
"BL2 2EG",10,372721,410118,"E92000001","E19000001","E18000002","","E08000001","E05000667"
"BL2 2EH",10,372734,410047,"E92000001","E19000001","E18000002","","E08000001","E05000667"
"BL2 2EJ",10,372792,410074,"E92000001","E19000001","E18000002","","E08000001","E05000667"
"BL2 2EL",10,372828,410055,"E92000001","E19000001","E18000002","","E08000001","E05000667"
"BL2 2EQ",10,372771,410064,"E92000001","E19000001","E18000002","","E08000001","E05000667"
"BL2 2ER",10,373011,410015,"E92000001","E19000001","E18000002","","E08000001","E05000667"
"BL2 2ES",10,372897,409999,"E92000001","E19000001","E18000002","","E08000001","E05000667"
"BL2 2ET",10,373026,410064,"E92000001","E19000001","E18000002","","E08000001","E05000667"
"BL2 2EU",10,372996,410115,"E92000001","E19000001","E18000002","","E08000001","E05000667"
"BL2 2EX",10,372926,409929,"E92000001","E19000001","E18000002","","E08000001","E05000667"
"BL2 2EY",10,372942,409837,"E92000001","E19000001","E18000002","","E08000001","E05000667"
"BL2 2EZ",10,372862,409821,"E92000001","E19000001","E18000002","","E08000001","E05000667"
"BL2 2FP",10,372559,410096,"E92000001","E19000001","E18000002","","E08000001","E05000667"
"BL2 2FQ",10,372581,410082,"E92000001","E19000001","E18000002","","E08000001","E05000667"
"BL2 2FR",10,372517,410129,"E92000001","E19000001","E18000002","","E08000001","E05000667"
"BL2 2FS",10,372471,410160,"E92000001","E19000001","E18000002","","E08000001","E05000667"
"BL2 2GX",10,372738,409922,"E92000001","E19000001","E18000002","","E08000001","E05000667"
"BL2 2GY",10,372695,409927,"E92000001","E19000001","E18000002","","E08000001","E05000667"
"BL2 2HA",10,372797,409896,"E92000001","E19000001","E18000002","","E08000001","E05000667"
"BL2 2HB",10,372873,409874,"E92000001","E19000001","E18000002","","E08000001","E05000667"
"BL2 2HD",10,372737,410015,"E92000001","E19000001","E18000002","","E08000001","E05000667"
"BL2 2HE",10,372340,410356,"E92000001","E19000001","E18000002","","E08000001","E05000654"
"BL2 2HF",10,372453,410398,"E92000001","E19000001","E18000002","","E08000001","E05000654"
"BL2 2HG",10,372411,410425,"E92000001","E19000001","E18000002","","E08000001","E05000654"
"BL2 2HH",10,372238,410809,"E92000001","E19000001","E18000002","","E08000001","E05000654"
"BL2 2HJ",10,372407,410287,"E92000001","E19000001","E18000002","","E08000001","E05000654"
"BL2 2HN",10,372816,410433,"E92000001","E19000001","E18000002","","E08000001","E05000667"
"BL2 2HP",10,372118,410652,"E92000001","E19000001","E18000002","","E08000001","E05000654"
"BL2 2HQ",10,372275,410513,"E92000001","E19000001","E18000002","","E08000001","E05000654"
"BL2 2HR",10,372777,410391,"E92000001","E19000001","E18000002","","E08000001","E05000667"
"BL2 2HS",10,372186,410492,"E92000001","E19000001","E18000002","","E08000001","E05000654"
"BL2 2HT",10,372789,410241,"E92000001","E19000001","E18000002","","E08000001","E05000667"
"BL2 2HU",10,372753,410405,"E92000001","E19000001","E18000002","","E08000001","E05000667"
"BL2 2HW",10,373015,410981,"E92000001","E19000001","E18000002","","E08000001","E05000667"
"BL2 2HX",10,372725,410332,"E92000001","E19000001","E18000002","","E08000001","E05000667"
"BL2 2HY",10,372706,410412,"E92000001","E19000001","E18000002","","E08000001","E05000667"
"BL2 2HZ",10,372676,410466,"E92000001","E19000001","E18000002","","E08000001","E05000667"
"BL2 2JA",10,372682,410521,"E92000001","E19000001","E18000002","","E08000001","E05000667"
"BL2 2JB",10,372653,410579,"E92000001","E19000001","E18000002","","E08000001","E05000667"
"BL2 2JD",10,372635,410640,"E92000001","E19000001","E18000002","","E08000001","E05000667"
"BL2 2JE",10,372724,410463,"E92000001","E19000001","E18000002","","E08000001","E05000667"
"BL2 2JF",10,372753,410684,"E92000001","E19000001","E18000002","","E08000001","E05000667"
"BL2 2JG",10,372779,410641,"E92000001","E19000001","E18000002","","E08000001","E05000667"
"BL2 2JH",10,372586,410577,"E92000001","E19000001","E18000002","","E08000001","E05000667"
"BL2 2JJ",10,372695,410631,"E92000001","E19000001","E18000002","","E08000001","E05000667"
"BL2 2JL",10,372670,410675,"E92000001","E19000001","E18000002","","E08000001","E05000667"
"BL2 2JN",10,372708,410821,"E92000001","E19000001","E18000002","","E08000001","E05000667"
"BL2 2JP",10,372696,410752,"E92000001","E19000001","E18000002","","E08000001","E05000667"
"BL2 2JQ",10,372753,410645,"E92000001","E19000001","E18000002","","E08000001","E05000667"
"BL2 2JR",10,372803,410827,"E92000001","E19000001","E18000002","","E08000001","E05000667"
"BL2 2JS",10,372830,410993,"E92000001","E19000001","E18000002","","E08000001","E05000667"
"BL2 2JT",10,372791,410982,"E92000001","E19000001","E18000002","","E08000001","E05000667"
"BL2 2JU",10,372865,410984,"E92000001","E19000001","E18000002","","E08000001","E05000667"
"BL2 2JW",10,372737,410959,"E92000001","E19000001","E18000002","","E08000001","E05000667"
"BL2 2JX",10,372921,410908,"E92000001","E19000001","E18000002","","E08000001","E05000667"
"BL2 2JY",10,372921,410878,"E92000001","E19000001","E18000002","","E08000001","E05000667"
"BL2 2JZ",10,372892,410792,"E92000001","E19000001","E18000002","","E08000001","E05000667"
"BL2 2LA",10,372848,410877,"E92000001","E19000001","E18000002","","E08000001","E05000667"
"BL2 2LB",10,372897,410501,"E92000001","E19000001","E18000002","","E08000001","E05000667"
"BL2 2LD",10,372892,410383,"E92000001","E19000001","E18000002","","E08000001","E05000667"
"BL2 2LE",10,372818,410669,"E92000001","E19000001","E18000002","","E08000001","E05000667"
"BL2 2LF",10,372894,410663,"E92000001","E19000001","E18000002","","E08000001","E05000667"
"BL2 2LG",10,372841,410519,"E92000001","E19000001","E18000002","","E08000001","E05000667"
"BL2 2LJ",10,372846,410756,"E92000001","E19000001","E18000002","","E08000001","E05000667"
"BL2 2LN",10,373430,410517,"E92000001","E19000001","E18000002","","E08000001","E05000667"
"BL2 2LP",10,372833,410284,"E92000001","E19000001","E18000002","","E08000001","E05000667"
"BL2 2LQ",10,372843,410407,"E92000001","E19000001","E18000002","","E08000001","E05000667"
"BL2 2LS",10,372915,410361,"E92000001","E19000001","E18000002","","E08000001","E05000667"
"BL2 2LT",10,373088,410416,"E92000001","E19000001","E18000002","","E08000001","E05000667"
"BL2 2LU",10,373138,410387,"E92000001","E19000001","E18000002","","E08000001","E05000667"
"BL2 2LW",10,373020,410362,"E92000001","E19000001","E18000002","","E08000001","E05000667"
"BL2 2LX",10,373072,410381,"E92000001","E19000001","E18000002","","E08000001","E05000667"
"BL2 2LY",10,373148,410356,"E92000001","E19000001","E18000002","","E08000001","E05000667"
"BL2 2LZ",10,373187,410297,"E92000001","E19000001","E18000002","","E08000001","E05000667"
"BL2 2NA",10,373316,410436,"E92000001","E19000001","E18000002","","E08000001","E05000667"
"BL2 2NB",10,373360,410529,"E92000001","E19000001","E18000002","","E08000001","E05000667"
"BL2 2ND",10,373147,410548,"E92000001","E19000001","E18000002","","E08000001","E05000667"
"BL2 2NE",10,373158,410670,"E92000001","E19000001","E18000002","","E08000001","E05000667"
"BL2 2NF",10,373207,410603,"E92000001","E19000001","E18000002","","E08000001","E05000667"
"BL2 2NG",10,373237,410601,"E92000001","E19000001","E18000002","","E08000001","E05000667"
"BL2 2NH",10,373203,410775,"E92000001","E19000001","E18000002","","E08000001","E05000667"
"BL2 2NJ",10,373108,410803,"E92000001","E19000001","E18000002","","E08000001","E05000667"
"BL2 2NL",10,373050,410853,"E92000001","E19000001","E18000002","","E08000001","E05000667"
"BL2 2NN",10,373066,410569,"E92000001","E19000001","E18000002","","E08000001","E05000667"
"BL2 2NP",10,373070,410792,"E92000001","E19000001","E18000002","","E08000001","E05000667"
"BL2 2NQ",10,373265,410630,"E92000001","E19000001","E18000002","","E08000001","E05000667"
"BL2 2NR",10,373065,410717,"E92000001","E19000001","E18000002","","E08000001","E05000667"
"BL2 2NS",10,372999,410567,"E92000001","E19000001","E18000002","","E08000001","E05000667"
"BL2 2NT",10,373003,410809,"E92000001","E19000001","E18000002","","E08000001","E05000667"
"BL2 2NU",10,372901,410698,"E92000001","E19000001","E18000002","","E08000001","E05000667"
"BL2 2NW",10,373061,410657,"E92000001","E19000001","E18000002","","E08000001","E05000667"
"BL2 2NX",10,372947,410773,"E92000001","E19000001","E18000002","","E08000001","E05000667"
"BL2 2NY",10,372910,410603,"E92000001","E19000001","E18000002","","E08000001","E05000667"
"BL2 2NZ",10,373103,410459,"E92000001","E19000001","E18000002","","E08000001","E05000667"
"BL2 2PA",10,373057,410506,"E92000001","E19000001","E18000002","","E08000001","E05000667"
"BL2 2PB",10,372961,410418,"E92000001","E19000001","E18000002","","E08000001","E05000667"
"BL2 2PD",10,373208,410723,"E92000001","E19000001","E18000002","","E08000001","E05000667"
"BL2 2PE",10,373025,411041,"E92000001","E19000001","E18000002","","E08000001","E05000667"
"BL2 2PF",10,372917,410092,"E92000001","E19000001","E18000002","","E08000001","E05000667"
"BL2 2PG",10,373048,409632,"E92000001","E19000001","E18000002","","E08000001","E05000667"
"BL2 2PH",10,373127,409618,"E92000001","E19000001","E18000002","","E08000001","E05000667"
"BL2 2PL",10,372963,409592,"E92000001","E19000001","E18000002","","E08000001","E05000667"
"BL2 2PN",10,373189,409540,"E92000001","E19000001","E18000002","","E08000001","E05000667"
"BL2 2PP",10,373158,409583,"E92000001","E19000001","E18000002","","E08000001","E05000667"
"BL2 2PQ",10,372942,410263,"E92000001","E19000001","E18000002","","E08000001","E05000667"
"BL2 2PR",10,373072,409522,"E92000001","E19000001","E18000002","","E08000001","E05000667"
"BL2 2PS",10,373009,409441,"E92000001","E19000001","E18000002","","E08000001","E05000667"
"BL2 2PU",10,373051,409539,"E92000001","E19000001","E18000002","","E08000001","E05000667"
"BL2 2PX",10,373138,409736,"E92000001","E19000001","E18000002","","E08000001","E05000667"
"BL2 2PY",10,373160,409798,"E92000001","E19000001","E18000002","","E08000001","E05000667"
"BL2 2QA",10,373116,409686,"E92000001","E19000001","E18000002","","E08000001","E05000667"
"BL2 2QB",10,373049,409736,"E92000001","E19000001","E18000002","","E08000001","E05000667"
"BL2 2QD",10,373009,409897,"E92000001","E19000001","E18000002","","E08000001","E05000667"
"BL2 2QE",10,373048,409777,"E92000001","E19000001","E18000002","","E08000001","E05000667"
"BL2 2QF",10,373104,409802,"E92000001","E19000001","E18000002","","E08000001","E05000667"
"BL2 2QG",10,373108,409930,"E92000001","E19000001","E18000002","","E08000001","E05000667"
"BL2 2QH",10,372995,409842,"E92000001","E19000001","E18000002","","E08000001","E05000667"
"BL2 2QJ",10,373079,410078,"E92000001","E19000001","E18000002","","E08000001","E05000667"
"BL2 2QL",10,373014,410230,"E92000001","E19000001","E18000002","","E08000001","E05000667"
"BL2 2QN",10,373008,410171,"E92000001","E19000001","E18000002","","E08000001","E05000667"
"BL2 2QP",10,373134,410028,"E92000001","E19000001","E18000002","","E08000001","E05000667"
"BL2 2QQ",10,373073,410022,"E92000001","E19000001","E18000002","","E08000001","E05000667"
"BL2 2QR",10,373067,410181,"E92000001","E19000001","E18000002","","E08000001","E05000667"
"BL2 2QS",10,373050,410303,"E92000001","E19000001","E18000002","","E08000001","E05000667"
"BL2 2QT",10,373064,410314,"E92000001","E19000001","E18000002","","E08000001","E05000667"
"BL2 2QU",10,373179,410251,"E92000001","E19000001","E18000002","","E08000001","E05000667"
"BL2 2QX",10,373250,410240,"E92000001","E19000001","E18000002","","E08000001","E05000667"
"BL2 2QY",10,373263,410186,"E92000001","E19000001","E18000002","","E08000001","E05000667"
"BL2 2QZ",10,373277,410165,"E92000001","E19000001","E18000002","","E08000001","E05000667"
"BL2 2RA",10,373167,410093,"E92000001","E19000001","E18000002","","E08000001","E05000667"
"BL2 2RB",10,373182,410046,"E92000001","E19000001","E18000002","","E08000001","E05000667"
"BL2 2RD",10,373120,409887,"E92000001","E19000001","E18000002","","E08000001","E05000667"
"BL2 2RE",10,373251,410031,"E92000001","E19000001","E18000002","","E08000001","E05000667"
"BL2 2RF",10,373254,410001,"E92000001","E19000001","E18000002","","E08000001","E05000667"
"BL2 2RG",10,373252,410087,"E92000001","E19000001","E18000002","","E08000001","E05000667"
"BL2 2RH",10,373075,409998,"E92000001","E19000001","E18000002","","E08000001","E05000667"
"BL2 2RJ",10,373116,409425,"E92000001","E19000001","E18000002","","E08000001","E05000667"
"BL2 2RN",10,373074,409443,"E92000001","E19000001","E18000002","","E08000001","E05000667"
"BL2 2RP",10,373202,409750,"E92000001","E19000001","E18000002","","E08000001","E05000667"
"BL2 2RQ",10,373315,410089,"E92000001","E19000001","E18000002","","E08000001","E05000667"
"BL2 2RR",10,373217,409901,"E92000001","E19000001","E18000002","","E08000001","E05000667"
"BL2 2RS",10,373276,409985,"E92000001","E19000001","E18000002","","E08000001","E05000667"
"BL2 2RT",10,373392,410004,"E92000001","E19000001","E18000002","","E08000001","E05000667"
"BL2 2RU",10,373334,410191,"E92000001","E19000001","E18000002","","E08000001","E05000667"
"BL2 2RW",10,373136,409489,"E92000001","E19000001","E18000002","","E08000001","E05000667"
"BL2 2RX",10,373263,410319,"E92000001","E19000001","E18000002","","E08000001","E05000667"
"BL2 2RZ",10,373352,410260,"E92000001","E19000001","E18000002","","E08000001","E05000667"
"BL2 2SA",10,373411,410108,"E92000001","E19000001","E18000002","","E08000001","E05000667"
"BL2 2SB",10,373472,409914,"E92000001","E19000001","E18000002","","E08000001","E05000667"
"BL2 2SD",10,373574,409604,"E92000001","E19000001","E18000002","","E08000001","E05000667"
"BL2 2SE",10,373647,409731,"E92000001","E19000001","E18000002","","E08000001","E05000667"
"BL2 2SG",10,373516,409628,"E92000001","E19000001","E18000002","","E08000001","E05000667"
"BL2 2SH",10,373591,409460,"E92000001","E19000001","E18000002","","E08000001","E05000667"
"BL2 2SJ",10,373295,409919,"E92000001","E19000001","E18000002","","E08000001","E05000667"
"BL2 2SL",10,373166,409873,"E92000001","E19000001","E18000002","","E08000001","E05000667"
"BL2 2SN",10,373403,409858,"E92000001","E19000001","E18000002","","E08000001","E05000667"
"BL2 2SP",10,373280,409849,"E92000001","E19000001","E18000002","","E08000001","E05000667"
"BL2 2SQ",10,373451,409806,"E92000001","E19000001","E18000002","","E08000001","E05000667"
"BL2 2SR",10,373497,409575,"E92000001","E19000001","E18000002","","E08000001","E05000667"
"BL2 2SS",10,373460,409518,"E92000001","E19000001","E18000002","","E08000001","E05000667"
"BL2 2ST",10,373280,409519,"E92000001","E19000001","E18000002","","E08000001","E05000667"
"BL2 2SU",10,373337,409531,"E92000001","E19000001","E18000002","","E08000001","E05000667"
"BL2 2SW",10,373449,409719,"E92000001","E19000001","E18000002","","E08000001","E05000667"
"BL2 2SX",10,373254,409539,"E92000001","E19000001","E18000002","","E08000001","E05000667"
"BL2 2SY",10,373359,409582,"E92000001","E19000001","E18000002","","E08000001","E05000667"
"BL2 2SZ",10,373371,409550,"E92000001","E19000001","E18000002","","E08000001","E05000667"
"BL2 2TA",10,373331,409607,"E92000001","E19000001","E18000002","","E08000001","E05000667"
"BL2 2TB",10,373322,409676,"E92000001","E19000001","E18000002","","E08000001","E05000667"
"BL2 2TD",10,373316,409737,"E92000001","E19000001","E18000002","","E08000001","E05000667"
"BL2 2TE",10,373520,409752,"E92000001","E19000001","E18000002","","E08000001","E05000667"
"BL2 2TF",10,373544,409782,"E92000001","E19000001","E18000002","","E08000001","E05000667"
"BL2 2UA",10,372502,410231,"E92000001","E19000001","E18000002","","E08000001","E05000667"
"BL2 2UB",10,372496,410271,"E92000001","E19000001","E18000002","","E08000001","E05000667"
"BL2 2UD",10,372502,410301,"E92000001","E19000001","E18000002","","E08000001","E05000667"
"BL2 2UE",10,372516,410329,"E92000001","E19000001","E18000002","","E08000001","E05000667"
"BL2 2UF",10,372525,410358,"E92000001","E19000001","E18000002","","E08000001","E05000667"
"BL2 2UG",10,372633,410327,"E92000001","E19000001","E18000002","","E08000001","E05000667"
"BL2 2UH",10,372536,410386,"E92000001","E19000001","E18000002","","E08000001","E05000667"
"BL2 2UJ",10,372563,410349,"E92000001","E19000001","E18000002","","E08000001","E05000667"
"BL2 2UL",10,372547,410286,"E92000001","E19000001","E18000002","","E08000001","E05000667"
"BL2 2UN",10,372597,410352,"E92000001","E19000001","E18000002","","E08000001","E05000667"
"BL2 2UP",10,372539,410415,"E92000001","E19000001","E18000002","","E08000001","E05000667"
"BL2 2UQ",10,372607,410466,"E92000001","E19000001","E18000002","","E08000001","E05000667"
"BL2 2UR",10,372679,410369,"E92000001","E19000001","E18000002","","E08000001","E05000667"
"BL2 2UW",10,372645,410302,"E92000001","E19000001","E18000002","","E08000001","E05000667"
"BL2 3AB",10,373091,411164,"E92000001","E19000001","E18000002","","E08000001","E05000654"
"BL2 3AD",10,372793,411252,"E92000001","E19000001","E18000002","","E08000001","E05000654"
"BL2 3AE",10,372980,411139,"E92000001","E19000001","E18000002","","E08000001","E05000654"
"BL2 3AF",10,373076,411040,"E92000001","E19000001","E18000002","","E08000001","E05000654"
"BL2 3AG",10,373232,411103,"E92000001","E19000001","E18000002","","E08000001","E05000654"
"BL2 3AH",10,372804,411204,"E92000001","E19000001","E18000002","","E08000001","E05000654"
"BL2 3AJ",10,372814,411291,"E92000001","E19000001","E18000002","","E08000001","E05000654"
"BL2 3AL",10,372910,411415,"E92000001","E19000001","E18000002","","E08000001","E05000654"
"BL2 3AN",10,372870,411472,"E92000001","E19000001","E18000002","","E08000001","E05000654"
"BL2 3AP",10,372830,411460,"E92000001","E19000001","E18000002","","E08000001","E05000654"
"BL2 3AQ",10,373251,411063,"E92000001","E19000001","E18000002","","E08000001","E05000654"
"BL2 3AR",10,372863,411586,"E92000001","E19000001","E18000002","","E08000001","E05000654"
"BL2 3AS",10,372875,411668,"E92000001","E19000001","E18000002","","E08000001","E05000654"
"BL2 3AT",10,372835,411652,"E92000001","E19000001","E18000002","","E08000001","E05000654"
"BL2 3AU",10,372903,411726,"E92000001","E19000001","E18000002","","E08000001","E05000654"
"BL2 3AW",10,372865,411537,"E92000001","E19000001","E18000002","","E08000001","E05000654"
"BL2 3AX",10,373204,411045,"E92000001","E19000001","E18000002","","E08000001","E05000654"
"BL2 3AY",10,373141,411116,"E92000001","E19000001","E18000002","","E08000001","E05000654"
"BL2 3AZ",10,373110,411026,"E92000001","E19000001","E18000002","","E08000001","E05000654"
"BL2 3BA",10,373174,410987,"E92000001","E19000001","E18000002","","E08000001","E05000654"
"BL2 3BB",10,372791,411181,"E92000001","E19000001","E18000002","","E08000001","E05000654"
"BL2 3BD",10,372940,411122,"E92000001","E19000001","E18000002","","E08000001","E05000654"
"BL2 3BE",10,372901,411391,"E92000001","E19000001","E18000002","","E08000001","E05000654"
"BL2 3BG",10,372856,411140,"E92000001","E19000001","E18000002","","E08000001","E05000667"
"BL2 3BJ",10,372963,411369,"E92000001","E19000001","E18000002","","E08000001","E05000654"
"BL2 3BL",10,373020,411525,"E92000001","E19000001","E18000002","","E08000001","E05000654"
"BL2 3BN",10,372919,411357,"E92000001","E19000001","E18000002","","E08000001","E05000654"
"BL2 3BP",10,373025,411807,"E92000001","E19000001","E18000002","","E08000001","E05000653"
"BL2 3BQ",10,372895,411133,"E92000001","E19000001","E18000002","","E08000001","E05000654"
"BL2 3BR",10,373013,411937,"E92000001","E19000001","E18000002","","E08000001","E05000653"
"BL2 3BS",10,372994,412011,"E92000001","E19000001","E18000002","","E08000001","E05000653"
"BL2 3BT",10,372987,412099,"E92000001","E19000001","E18000002","","E08000001","E05000653"
"BL2 3BU",10,372954,412130,"E92000001","E19000001","E18000002","","E08000001","E05000653"
"BL2 3BW",10,372995,411563,"E92000001","E19000001","E18000002","","E08000001","E05000654"
"BL2 3BX",10,372954,412174,"E92000001","E19000001","E18000002","","E08000001","E05000653"
"BL2 3BY",10,373117,412119,"E92000001","E19000001","E18000002","","E08000001","E05000653"
"BL2 3BZ",10,373095,412004,"E92000001","E19000001","E18000002","","E08000001","E05000653"
"BL2 3DA",10,373217,411996,"E92000001","E19000001","E18000002","","E08000001","E05000653"
"BL2 3DB",10,373216,411927,"E92000001","E19000001","E18000002","","E08000001","E05000653"
"BL2 3DD",10,373172,411816,"E92000001","E19000001","E18000002","","E08000001","E05000653"
"BL2 3DE",10,373210,411949,"E92000001","E19000001","E18000002","","E08000001","E05000653"
"BL2 3DF",10,373193,411936,"E92000001","E19000001","E18000002","","E08000001","E05000653"
"BL2 3DG",10,373231,411829,"E92000001","E19000001","E18000002","","E08000001","E05000653"
"BL2 3DH",10,373121,411739,"E92000001","E19000001","E18000002","","E08000001","E05000653"
"BL2 3DJ",10,373203,411862,"E92000001","E19000001","E18000002","","E08000001","E05000653"
"BL2 3DL",10,373261,411773,"E92000001","E19000001","E18000002","","E08000001","E05000653"
"BL2 3DN",10,373027,411452,"E92000001","E19000001","E18000002","","E08000001","E05000654"
"BL2 3DP",10,373099,411624,"E92000001","E19000001","E18000002","","E08000001","E05000654"
"BL2 3DQ",10,373285,411846,"E92000001","E19000001","E18000002","","E08000001","E05000653"
"BL2 3DR",10,373822,411930,"E92000001","E19000001","E18000002","","E08000001","E05000651"
"BL2 3DT",10,372818,411124,"E92000001","E19000001","E18000002","","E08000001","E05000667"
"BL2 3DU",10,372931,412732,"E92000001","E19000001","E18000002","","E08000001","E05000653"
"BL2 3DW",10,373250,412904,"E92000001","E19000001","E18000002","","E08000001","E05000653"
"BL2 3DX",10,373183,412112,"E92000001","E19000001","E18000002","","E08000001","E05000653"
"BL2 3DY",10,373159,412252,"E92000001","E19000001","E18000002","","E08000001","E05000653"
"BL2 3EA",10,373162,412319,"E92000001","E19000001","E18000002","","E08000001","E05000653"
"BL2 3EB",10,373102,412692,"E92000001","E19000001","E18000002","","E08000001","E05000653"
"BL2 3ED",10,373157,412479,"E92000001","E19000001","E18000002","","E08000001","E05000653"
"BL2 3EE",10,373101,412498,"E92000001","E19000001","E18000002","","E08000001","E05000653"
"BL2 3EF",10,373062,412717,"E92000001","E19000001","E18000002","","E08000001","E05000653"
"BL2 3EG",10,373156,412656,"E92000001","E19000001","E18000002","","E08000001","E05000653"
"BL2 3EH",10,373179,412599,"E92000001","E19000001","E18000002","","E08000001","E05000653"
"BL2 3EJ",10,373185,412539,"E92000001","E19000001","E18000002","","E08000001","E05000653"
"BL2 3EL",10,373377,412395,"E92000001","E19000001","E18000002","","E08000001","E05000653"
"BL2 3EN",10,373575,412495,"E92000001","E19000001","E18000002","","E08000001","E05000651"
"BL2 3EP",10,373631,412448,"E92000001","E19000001","E18000002","","E08000001","E05000651"
"BL2 3EQ",10,373232,412606,"E92000001","E19000001","E18000002","","E08000001","E05000653"
"BL2 3ES",10,373613,412304,"E92000001","E19000001","E18000002","","E08000001","E05000651"
"BL2 3ET",10,373707,412186,"E92000001","E19000001","E18000002","","E08000001","E05000651"
"BL2 3EU",10,373572,412064,"E92000001","E19000001","E18000002","","E08000001","E05000651"
"BL2 3EW",10,373586,412305,"E92000001","E19000001","E18000002","","E08000001","E05000651"
"BL2 3EZ",10,373274,412061,"E92000001","E19000001","E18000002","","E08000001","E05000653"
"BL2 3FP",10,372998,412290,"E92000001","E19000001","E18000002","","E08000001","E05000653"
"BL2 3FQ",10,372995,412238,"E92000001","E19000001","E18000002","","E08000001","E05000653"
"BL2 3FR",10,373056,412228,"E92000001","E19000001","E18000002","","E08000001","E05000653"
"BL2 3FS",10,372881,412352,"E92000001","E19000001","E18000002","","E08000001","E05000653"
"BL2 3FT",10,372989,412361,"E92000001","E19000001","E18000002","","E08000001","E05000653"
"BL2 3FU",10,372913,412469,"E92000001","E19000001","E18000002","","E08000001","E05000653"
"BL2 3FW",10,373045,412391,"E92000001","E19000001","E18000002","","E08000001","E05000653"
"BL2 3FX",10,372967,412449,"E92000001","E19000001","E18000002","","E08000001","E05000653"
"BL2 3FY",10,372990,412542,"E92000001","E19000001","E18000002","","E08000001","E05000653"
"BL2 3FZ",10,372972,412590,"E92000001","E19000001","E18000002","","E08000001","E05000653"
"BL2 3GF",10,374096,412001,"E92000001","E19000001","E18000002","","E08000001","E05000651"
"BL2 3HB",10,373128,412532,"E92000001","E19000001","E18000002","","E08000001","E05000653"
"BL2 3HD",10,374282,411912,"E92000001","E19000001","E18000002","","E08000001","E05000651"
"BL2 3HE",10,374244,412103,"E92000001","E19000001","E18000002","","E08000001","E05000651"
"BL2 3HF",10,374302,412077,"E92000001","E19000001","E18000002","","E08000001","E05000651"
"BL2 3HG",10,374330,412009,"E92000001","E19000001","E18000002","","E08000001","E05000651"
"BL2 3HH",10,374348,412089,"E92000001","E19000001","E18000002","","E08000001","E05000651"
"BL2 3HJ",10,374093,412218,"E92000001","E19000001","E18000002","","E08000001","E05000651"
"BL2 3HN",10,373837,412069,"E92000001","E19000001","E18000002","","E08000001","E05000651"
"BL2 3HP",10,373958,412102,"E92000001","E19000001","E18000002","","E08000001","E05000651"
"BL2 3HQ",10,373751,412019,"E92000001","E19000001","E18000002","","E08000001","E05000651"
"BL2 3HR",10,374001,412106,"E92000001","E19000001","E18000002","","E08000001","E05000651"
"BL2 3HS",10,374036,412131,"E92000001","E19000001","E18000002","","E08000001","E05000651"
"BL2 3HT",10,374103,412151,"E92000001","E19000001","E18000002","","E08000001","E05000651"
"BL2 3HU",10,374183,412184,"E92000001","E19000001","E18000002","","E08000001","E05000651"
"BL2 3HX",10,374105,412066,"E92000001","E19000001","E18000002","","E08000001","E05000651"
"BL2 3HY",10,374164,412067,"E92000001","E19000001","E18000002","","E08000001","E05000651"
"BL2 3HZ",10,374235,411976,"E92000001","E19000001","E18000002","","E08000001","E05000651"
"BL2 3JA",10,374363,411885,"E92000001","E19000001","E18000002","","E08000001","E05000651"
"BL2 3JB",10,374464,411701,"E92000001","E19000001","E18000002","","E08000001","E05000651"
"BL2 3JD",10,374341,411829,"E92000001","E19000001","E18000002","","E08000001","E05000651"
"BL2 3JE",10,374311,411973,"E92000001","E19000001","E18000002","","E08000001","E05000651"
"BL2 3JF",10,374426,411893,"E92000001","E19000001","E18000002","","E08000001","E05000651"
"BL2 3JG",10,374456,411772,"E92000001","E19000001","E18000002","","E08000001","E05000651"
"BL2 3JH",10,374297,411759,"E92000001","E19000001","E18000002","","E08000001","E05000651"
"BL2 3JJ",10,374075,411704,"E92000001","E19000001","E18000002","","E08000001","E05000651"
"BL2 3JL",10,374128,411895,"E92000001","E19000001","E18000002","","E08000001","E05000651"
"BL2 3JN",10,374215,411731,"E92000001","E19000001","E18000002","","E08000001","E05000651"
"BL2 3JP",10,374167,411994,"E92000001","E19000001","E18000002","","E08000001","E05000651"
"BL2 3JQ",10,374366,411684,"E92000001","E19000001","E18000002","","E08000001","E05000651"
"BL2 3JR",10,374084,411921,"E92000001","E19000001","E18000002","","E08000001","E05000651"
"BL2 3JS",10,374023,411737,"E92000001","E19000001","E18000002","","E08000001","E05000651"
"BL2 3JT",10,373996,411763,"E92000001","E19000001","E18000002","","E08000001","E05000651"
"BL2 3JU",10,374031,411818,"E92000001","E19000001","E18000002","","E08000001","E05000651"
"BL2 3JW",10,374141,411743,"E92000001","E19000001","E18000002","","E08000001","E05000651"
"BL2 3JX",10,374044,411979,"E92000001","E19000001","E18000002","","E08000001","E05000651"
"BL2 3JY",10,374035,411924,"E92000001","E19000001","E18000002","","E08000001","E05000651"
"BL2 3JZ",10,373977,411997,"E92000001","E19000001","E18000002","","E08000001","E05000651"
"BL2 3LA",10,373933,411923,"E92000001","E19000001","E18000002","","E08000001","E05000651"
"BL2 3LB",10,373896,411898,"E92000001","E19000001","E18000002","","E08000001","E05000651"
"BL2 3LD",10,374193,411932,"E92000001","E19000001","E18000002","","E08000001","E05000651"
"BL2 3LE",10,373895,411835,"E92000001","E19000001","E18000002","","E08000001","E05000651"
"BL2 3LF",10,373793,411777,"E92000001","E19000001","E18000002","","E08000001","E05000651"
"BL2 3LG",10,373962,411828,"E92000001","E19000001","E18000002","","E08000001","E05000651"
"BL2 3LH",10,373787,411852,"E92000001","E19000001","E18000002","","E08000001","E05000651"
"BL2 3LJ",10,373823,411866,"E92000001","E19000001","E18000002","","E08000001","E05000651"
"BL2 3LL",10,373646,411831,"E92000001","E19000001","E18000002","","E08000001","E05000651"
"BL2 3LN",10,373748,411964,"E92000001","E19000001","E18000002","","E08000001","E05000651"
"BL2 3LP",10,373627,412020,"E92000001","E19000001","E18000002","","E08000001","E05000651"
"BL2 3LQ",10,373910,411748,"E92000001","E19000001","E18000002","","E08000001","E05000651"
"BL2 3LR",10,373702,412104,"E92000001","E19000001","E18000002","","E08000001","E05000651"
"BL2 3LS",10,374590,411650,"E92000001","E19000001","E18000002","","E08000001","E05000651"
"BL2 3LT",10,374522,411703,"E92000001","E19000001","E18000002","","E08000001","E05000651"
"BL2 3LU",10,374495,411639,"E92000001","E19000001","E18000002","","E08000001","E05000651"
"BL2 3LW",10,373664,411961,"E92000001","E19000001","E18000002","","E08000001","E05000651"
"BL2 3LX",10,374479,411570,"E92000001","E19000001","E18000002","","E08000001","E05000651"
"BL2 3LY",10,374376,411596,"E92000001","E19000001","E18000002","","E08000001","E05000651"
"BL2 3LZ",10,374447,411574,"E92000001","E19000001","E18000002","","E08000001","E05000651"
"BL2 3NA",10,374370,411656,"E92000001","E19000001","E18000002","","E08000001","E05000651"
"BL2 3NB",10,374317,411602,"E92000001","E19000001","E18000002","","E08000001","E05000651"
"BL2 3ND",10,374329,411445,"E92000001","E19000001","E18000002","","E08000001","E05000651"
"BL2 3NE",10,374243,411369,"E92000001","E19000001","E18000002","","E08000001","E05000651"
"BL2 3NF",10,374290,411387,"E92000001","E19000001","E18000002","","E08000001","E05000651"
"BL2 3NG",10,374414,411329,"E92000001","E19000001","E18000002","","E08000001","E05000651"
"BL2 3NH",10,374224,411553,"E92000001","E19000001","E18000002","","E08000001","E05000651"
"BL2 3NJ",10,374416,411438,"E92000001","E19000001","E18000002","","E08000001","E05000651"
"BL2 3NL",10,374278,411207,"E92000001","E19000001","E18000002","","E08000001","E05000651"
"BL2 3NN",10,374419,411163,"E92000001","E19000001","E18000002","","E08000001","E05000651"
"BL2 3NP",10,374388,411178,"E92000001","E19000001","E18000002","","E08000001","E05000651"
"BL2 3NQ",10,374534,411267,"E92000001","E19000001","E18000002","","E08000001","E05000651"
"BL2 3NR",10,374209,411229,"E92000001","E19000001","E18000002","","E08000001","E05000651"
"BL2 3NS",10,374245,411026,"E92000001","E19000001","E18000002","","E08000001","E05000651"
"BL2 3NT",10,374320,410995,"E92000001","E19000001","E18000002","","E08000001","E05000651"
"BL2 3NU",10,374234,410877,"E92000001","E19000001","E18000002","","E08000001","E05000651"
"BL2 3NW",10,374379,411274,"E92000001","E19000001","E18000002","","E08000001","E05000651"
"BL2 3NX",10,374442,411111,"E92000001","E19000001","E18000002","","E08000001","E05000651"
"BL2 3NY",10,374305,411196,"E92000001","E19000001","E18000002","","E08000001","E05000651"
"BL2 3PA",10,374971,411221,"E92000001","E19000001","E18000002","","E08000001","E05000651"
"BL2 3PB",10,374936,411128,"E92000001","E19000001","E18000002","","E08000001","E05000651"
"BL2 3PD",10,375014,411271,"E92000001","E19000001","E18000002","","E08000001","E05000651"
"BL2 3PE",10,374752,411252,"E92000001","E19000001","E18000002","","E08000001","E05000651"
"BL2 3PF",10,374136,411849,"E92000001","E19000001","E18000002","","E08000001","E05000651"
"BL2 3PG",10,374810,411562,"E92000001","E19000001","E18000002","","E08000001","E05000651"
"BL2 3PH",10,374827,411635,"E92000001","E19000001","E18000002","","E08000001","E05000651"
"BL2 3PJ",10,374935,411448,"E92000001","E19000001","E18000002","","E08000001","E05000651"
"BL2 3PL",10,375013,411429,"E92000001","E19000001","E18000002","","E08000001","E05000651"
"BL2 3PN",10,375010,411364,"E92000001","E19000001","E18000002","","E08000001","E05000651"
"BL2 3PP",10,375116,411420,"E92000001","E19000001","E18000002","","E08000001","E05000651"
"BL2 3PQ",10,374196,411810,"E92000001","E19000001","E18000002","","E08000001","E05000651"
"BL2 3PR",10,375052,411244,"E92000001","E19000001","E18000002","","E08000001","E05000651"
"BL2 3PS",10,374872,411174,"E92000001","E19000001","E18000002","","E08000001","E05000651"
"BL2 3PT",10,374813,411303,"E92000001","E19000001","E18000002","","E08000001","E05000651"
"BL2 3PU",10,374890,411310,"E92000001","E19000001","E18000002","","E08000001","E05000651"
"BL2 3PW",10,375073,411330,"E92000001","E19000001","E18000002","","E08000001","E05000651"
"BL2 3PX",10,374856,411355,"E92000001","E19000001","E18000002","","E08000001","E05000651"
"BL2 3PY",10,374623,411441,"E92000001","E19000001","E18000002","","E08000001","E05000651"
"BL2 3PZ",10,374630,411390,"E92000001","E19000001","E18000002","","E08000001","E05000651"
"BL2 3QA",10,374453,411496,"E92000001","E19000001","E18000002","","E08000001","E05000651"
"BL2 3QB",10,374480,411391,"E92000001","E19000001","E18000002","","E08000001","E05000651"
"BL2 3QD",10,374473,411124,"E92000001","E19000001","E18000002","","E08000001","E05000651"
"BL2 3QE",10,374702,411217,"E92000001","E19000001","E18000002","","E08000001","E05000651"
"BL2 3QF",10,374586,411315,"E92000001","E19000001","E18000002","","E08000001","E05000651"
"BL2 3QG",10,374808,411380,"E92000001","E19000001","E18000002","","E08000001","E05000651"
"BL2 3QH",10,374716,411318,"E92000001","E19000001","E18000002","","E08000001","E05000651"
"BL2 3QJ",10,374639,411572,"E92000001","E19000001","E18000002","","E08000001","E05000651"
"BL2 3QL",10,374836,411497,"E92000001","E19000001","E18000002","","E08000001","E05000651"
"BL2 3QN",10,374734,411488,"E92000001","E19000001","E18000002","","E08000001","E05000651"
"BL2 3QP",10,374619,411331,"E92000001","E19000001","E18000002","","E08000001","E05000651"
"BL2 3QQ",10,374654,411464,"E92000001","E19000001","E18000002","","E08000001","E05000651"
"BL2 3QR",10,374390,411014,"E92000001","E19000001","E18000002","","E08000001","E05000651"
"BL2 3QS",10,374153,411334,"E92000001","E19000001","E18000002","","E08000001","E05000651"
"BL2 3QT",10,373990,411223,"E92000001","E19000001","E18000002","","E08000001","E05000651"
"BL2 3QU",10,374087,411373,"E92000001","E19000001","E18000002","","E08000001","E05000651"
"BL2 3QW",10,374892,411407,"E92000001","E19000001","E18000002","","E08000001","E05000651"
"BL2 3QX",10,374118,411261,"E92000001","E19000001","E18000002","","E08000001","E05000651"
"BL2 3QY",10,374165,411440,"E92000001","E19000001","E18000002","","E08000001","E05000651"
"BL2 3RT",10,374054,412166,"E92000001","E19000001","E18000002","","E08000001","E05000651"
"BL2 3RZ",10,374437,411630,"E92000001","E19000001","E18000002","","E08000001","E05000651"
"BL2 3TR",10,373467,410969,"E92000001","E19000001","E18000002","","E08000001","E05000667"
"BL2 4AA",10,373888,412236,"E92000001","E19000001","E18000002","","E08000001","E05000651"
"BL2 4AB",10,373794,412272,"E92000001","E19000001","E18000002","","E08000001","E05000651"
"BL2 4AD",10,374005,412738,"E92000001","E19000001","E18000002","","E08000001","E05000651"
"BL2 4AE",10,373716,412430,"E92000001","E19000001","E18000002","","E08000001","E05000651"
"BL2 4AF",10,373777,412552,"E92000001","E19000001","E18000002","","E08000001","E05000651"
"BL2 4AG",10,373924,412738,"E92000001","E19000001","E18000002","","E08000001","E05000651"
"BL2 4AH",10,374096,412693,"E92000001","E19000001","E18000002","","E08000001","E05000651"
"BL2 4AJ",10,373938,412602,"E92000001","E19000001","E18000002","","E08000001","E05000651"
"BL2 4AL",10,373829,412553,"E92000001","E19000001","E18000002","","E08000001","E05000651"
"BL2 4AN",10,373957,412503,"E92000001","E19000001","E18000002","","E08000001","E05000651"
"BL2 4AP",10,373821,412510,"E92000001","E19000001","E18000002","","E08000001","E05000651"
"BL2 4AQ",10,373950,412709,"E92000001","E19000001","E18000002","","E08000001","E05000651"
"BL2 4AR",10,373857,412379,"E92000001","E19000001","E18000002","","E08000001","E05000651"
"BL2 4AS",10,373898,412361,"E92000001","E19000001","E18000002","","E08000001","E05000651"
"BL2 4AT",10,373932,412528,"E92000001","E19000001","E18000002","","E08000001","E05000651"
"BL2 4AU",10,374017,412433,"E92000001","E19000001","E18000002","","E08000001","E05000651"
"BL2 4AW",10,373934,412330,"E92000001","E19000001","E18000002","","E08000001","E05000651"
"BL2 4AX",10,373844,412267,"E92000001","E19000001","E18000002","","E08000001","E05000651"
"BL2 4BA",10,374007,410961,"E92000001","E19000001","E18000002","","E08000001","E05000651"
"BL2 4BB",10,373977,410962,"E92000001","E19000001","E18000002","","E08000001","E05000651"
"BL2 4BD",10,373667,412176,"E92000001","E19000001","E18000002","","E08000001","E05000651"
"BL2 4BE",10,373734,412141,"E92000001","E19000001","E18000002","","E08000001","E05000651"
"BL2 4BG",10,373840,412120,"E92000001","E19000001","E18000002","","E08000001","E05000651"
"BL2 4BH",10,374062,412225,"E92000001","E19000001","E18000002","","E08000001","E05000651"
"BL2 4BJ",10,374147,412324,"E92000001","E19000001","E18000002","","E08000001","E05000651"
"BL2 4BL",10,374146,412258,"E92000001","E19000001","E18000002","","E08000001","E05000651"
"BL2 4BN",10,373984,412188,"E92000001","E19000001","E18000002","","E08000001","E05000651"
"BL2 4BP",10,374232,412302,"E92000001","E19000001","E18000002","","E08000001","E05000651"
"BL2 4BQ",10,373878,412148,"E92000001","E19000001","E18000002","","E08000001","E05000651"
"BL2 4BR",10,374052,412321,"E92000001","E19000001","E18000002","","E08000001","E05000651"
"BL2 4BS",10,374042,412494,"E92000001","E19000001","E18000002","","E08000001","E05000651"
"BL2 4BT",10,374129,412535,"E92000001","E19000001","E18000002","","E08000001","E05000651"
"BL2 4BU",10,374092,412631,"E92000001","E19000001","E18000002","","E08000001","E05000651"
"BL2 4BW",10,374071,412291,"E92000001","E19000001","E18000002","","E08000001","E05000651"
"BL2 4BX",10,374209,412598,"E92000001","E19000001","E18000002","","E08000001","E05000651"
"BL2 4BY",10,374176,412469,"E92000001","E19000001","E18000002","","E08000001","E05000651"
"BL2 4BZ",10,374128,412392,"E92000001","E19000001","E18000002","","E08000001","E05000651"
"BL2 4DA",10,374197,412374,"E92000001","E19000001","E18000002","","E08000001","E05000651"
"BL2 4DB",10,374257,412374,"E92000001","E19000001","E18000002","","E08000001","E05000651"
"BL2 4DD",10,374314,412493,"E92000001","E19000001","E18000002","","E08000001","E05000651"
"BL2 4DE",10,374161,412397,"E92000001","E19000001","E18000002","","E08000001","E05000651"
"BL2 4DF",10,374260,412486,"E92000001","E19000001","E18000002","","E08000001","E05000651"
"BL2 4DG",10,374301,412562,"E92000001","E19000001","E18000002","","E08000001","E05000651"
"BL2 4DH",10,374363,412660,"E92000001","E19000001","E18000002","","E08000001","E05000651"
"BL2 4DJ",10,374242,412672,"E92000001","E19000001","E18000002","","E08000001","E05000651"
"BL2 4DL",10,374214,412728,"E92000001","E19000001","E18000002","","E08000001","E05000651"
"BL2 4DN",10,374478,412613,"E92000001","E19000001","E18000002","","E08000001","E05000651"
"BL2 4DP",10,374419,412754,"E92000001","E19000001","E18000002","","E08000001","E05000651"
"BL2 4DQ",10,374309,412617,"E92000001","E19000001","E18000002","","E08000001","E05000651"
"BL2 4DR",10,374562,412895,"E92000001","E19000001","E18000002","","E08000001","E05000651"
"BL2 4DS",10,374238,412618,"E92000001","E19000001","E18000002","","E08000001","E05000651"
"BL2 4DT",10,374256,412510,"E92000001","E19000001","E18000002","","E08000001","E05000651"
"BL2 4DU",10,374211,412225,"E92000001","E19000001","E18000002","","E08000001","E05000651"
"BL2 4DW",10,374417,412611,"E92000001","E19000001","E18000002","","E08000001","E05000651"
"BL2 4DX",10,374122,412243,"E92000001","E19000001","E18000002","","E08000001","E05000651"
"BL2 4DY",10,374477,411931,"E92000001","E19000001","E18000002","","E08000001","E05000651"
"BL2 4DZ",10,374505,411915,"E92000001","E19000001","E18000002","","E08000001","E05000651"
"BL2 4EA",10,374569,411812,"E92000001","E19000001","E18000002","","E08000001","E05000651"
"BL2 4EB",10,374556,411870,"E92000001","E19000001","E18000002","","E08000001","E05000651"
"BL2 4ED",10,374516,411802,"E92000001","E19000001","E18000002","","E08000001","E05000651"
"BL2 4EE",10,374679,411777,"E92000001","E19000001","E18000002","","E08000001","E05000651"
"BL2 4EF",10,374812,411702,"E92000001","E19000001","E18000002","","E08000001","E05000651"
"BL2 4EG",10,374961,411630,"E92000001","E19000001","E18000002","","E08000001","E05000651"
"BL2 4EH",10,374598,411828,"E92000001","E19000001","E18000002","","E08000001","E05000651"
"BL2 4EJ",10,374937,411565,"E92000001","E19000001","E18000002","","E08000001","E05000651"
"BL2 4EL",10,375043,411548,"E92000001","E19000001","E18000002","","E08000001","E05000651"
"BL2 4EN",10,375078,411484,"E92000001","E19000001","E18000002","","E08000001","E05000651"
"BL2 4EP",10,375116,411534,"E92000001","E19000001","E18000002","","E08000001","E05000651"
"BL2 4EQ",10,375061,411770,"E92000001","E19000001","E18000002","","E08000001","E05000651"
"BL2 4ER",10,375156,411554,"E92000001","E19000001","E18000002","","E08000001","E05000651"
"BL2 4ES",10,375167,411612,"E92000001","E19000001","E18000002","","E08000001","E05000651"
"BL2 4ET",10,375238,411576,"E92000001","E19000001","E18000002","","E08000001","E05000651"
"BL2 4EU",10,375259,411605,"E92000001","E19000001","E18000002","","E08000001","E05000651"
"BL2 4EW",10,375089,411526,"E92000001","E19000001","E18000002","","E08000001","E05000651"
"BL2 4EX",10,375335,411505,"E92000001","E19000001","E18000002","","E08000001","E05000651"
"BL2 4EY",10,375245,411508,"E92000001","E19000001","E18000002","","E08000001","E05000651"
"BL2 4EZ",10,375252,411479,"E92000001","E19000001","E18000002","","E08000001","E05000651"
"BL2 4FF",10,371936,410296,"E92000001","E19000001","E18000002","","E08000001","E05000654"
"BL2 4FN",10,374647,411753,"E92000001","E19000001","E18000002","","E08000001","E05000651"
"BL2 4HA",10,375169,411413,"E92000001","E19000001","E18000002","","E08000001","E05000651"
"BL2 4HB",10,375249,411379,"E92000001","E19000001","E18000002","","E08000001","E05000651"
"BL2 4HD",10,374707,410857,"E92000001","E19000001","E18000002","","E08000001","E05000652"
"BL2 4HH",10,374616,410977,"E92000001","E19000001","E18000002","","E08000001","E05000651"
"BL2 4HJ",10,374586,411029,"E92000001","E19000001","E18000002","","E08000001","E05000651"
"BL2 4HL",10,374674,411012,"E92000001","E19000001","E18000002","","E08000001","E05000651"
"BL2 4HN",10,374746,410977,"E92000001","E19000001","E18000002","","E08000001","E05000651"
"BL2 4HP",10,374662,411132,"E92000001","E19000001","E18000002","","E08000001","E05000651"
"BL2 4HQ",10,374419,411005,"E92000001","E19000001","E18000002","","E08000001","E05000651"
"BL2 4HR",10,374363,410965,"E92000001","E19000001","E18000002","","E08000001","E05000651"
"BL2 4HS",10,374298,410919,"E92000001","E19000001","E18000002","","E08000001","E05000651"
"BL2 4HT",10,374541,410942,"E92000001","E19000001","E18000002","","E08000001","E05000651"
"BL2 4HU",10,374542,410819,"E92000001","E19000001","E18000002","","E08000001","E05000652"
"BL2 4HW",10,374743,410947,"E92000001","E19000001","E18000002","","E08000001","E05000651"
"BL2 4HX",10,374678,410920,"E92000001","E19000001","E18000002","","E08000001","E05000651"
"BL2 4HY",10,374986,410815,"E92000001","E19000001","E18000002","","E08000001","E05000652"
"BL2 4HZ",10,374874,411057,"E92000001","E19000001","E18000002","","E08000001","E05000651"
"BL2 4JA",10,375041,411118,"E92000001","E19000001","E18000002","","E08000001","E05000651"
"BL2 4JB",10,375248,411292,"E92000001","E19000001","E18000002","","E08000001","E05000651"
"BL2 4JD",10,375750,412037,"E92000001","E19000001","E18000002","","E08000001","E05000651"
"BL2 4JF",10,375498,411117,"E92000001","E19000001","E18000002","","E08000001","E05000651"
"BL2 4JG",10,375435,411316,"E92000001","E19000001","E18000002","","E08000001","E05000651"
"BL2 4JH",10,373541,412876,"E92000001","E19000001","E18000002","","E08000001","E05000651"
"BL2 4JJ",10,373806,412995,"E92000001","E19000001","E18000002","","E08000001","E05000651"
"BL2 4JL",10,373942,413800,"E92000001","E19000001","E18000002","","E08000001","E05000651"
"BL2 4JN",10,374503,411015,"E92000001","E19000001","E18000002","","E08000001","E05000651"
"BL2 4JP",10,373976,413969,"E92000001","E19000001","E18000002","","E08000001","E05000651"
"BL2 4JQ",10,375590,411501,"E92000001","E19000001","E18000002","","E08000001","E05000651"
"BL2 4JR",10,374216,414220,"E92000001","E19000001","E18000002","","E08000001","E05000651"
"BL2 4JS",10,374324,413662,"E92000001","E19000001","E18000002","","E08000001","E05000651"
"BL2 4JT",10,375153,411267,"E92000001","E19000001","E18000002","","E08000001","E05000651"
"BL2 4JU",10,373936,411652,"E92000001","E19000001","E18000002","","E08000001","E05000651"
"BL2 4JW",10,373548,413365,"E92000001","E19000001","E18000002","","E08000001","E05000651"
"BL2 4JX",10,373740,411534,"E92000001","E19000001","E18000002","","E08000001","E05000651"
"BL2 4LA",10,373925,411210,"E92000001","E19000001","E18000002","","E08000001","E05000651"
"BL2 4LB",10,373866,411105,"E92000001","E19000001","E18000002","","E08000001","E05000651"
"BL2 4LD",10,373900,410962,"E92000001","E19000001","E18000002","","E08000001","E05000651"
"BL2 4LH",10,374134,410911,"E92000001","E19000001","E18000002","","E08000001","E05000651"
"BL2 4LJ",10,375473,412741,"E92000001","E19000001","E18000002","","E08000001","E05000651"
"BL2 4LL",10,374899,413107,"E92000001","E19000001","E18000002","","E08000001","E05000651"
"BL2 4LN",10,374191,411056,"E92000001","E19000001","E18000002","","E08000001","E05000651"
"BL2 4LP",10,375527,412570,"E92000001","E19000001","E18000002","","E08000001","E05000651"
"BL2 4LR",10,375690,412893,"E92000001","E19000001","E18000002","","E08000001","E05000651"
"BL2 4LS",10,375920,412289,"E92000001","E19000001","E18000002","","E08000001","E05000651"
"BL2 4LT",10,375189,412082,"E92000001","E19000001","E18000002","","E08000001","E05000651"
"BL2 4LU",10,373819,410921,"E92000001","E19000001","E18000002","","E08000001","E05000651"
"BL2 4LW",10,374052,410998,"E92000001","E19000001","E18000002","","E08000001","E05000651"
"BL2 4LX",10,373884,410939,"E92000001","E19000001","E18000002","","E08000001","E05000651"
"BL2 4LY",10,374149,411035,"E92000001","E19000001","E18000002","","E08000001","E05000651"
"BL2 4LZ",10,373973,411087,"E92000001","E19000001","E18000002","","E08000001","E05000651"
"BL2 4NA",10,373717,412621,"E92000001","E19000001","E18000002","","E08000001","E05000651"
"BL2 4NB",10,373831,412729,"E92000001","E19000001","E18000002","","E08000001","E05000651"
"BL2 4ND",10,373917,412830,"E92000001","E19000001","E18000002","","E08000001","E05000651"
"BL2 4NE",10,373804,412915,"E92000001","E19000001","E18000002","","E08000001","E05000651"
"BL2 4NF",10,373713,412767,"E92000001","E19000001","E18000002","","E08000001","E05000651"
"BL2 4NR",10,373345,412827,"E92000001","E19000001","E18000002","","E08000001","E05000651"
"BL2 4NS",10,374078,411171,"E92000001","E19000001","E18000002","","E08000001","E05000651"
"BL2 4NT",10,374035,411133,"E92000001","E19000001","E18000002","","E08000001","E05000651"
"BL2 4NU",10,374120,411109,"E92000001","E19000001","E18000002","","E08000001","E05000651"
"BL2 4NX",10,373482,412956,"E92000001","E19000001","E18000002","","E08000001","E05000651"
"BL2 4NY",10,373414,412920,"E92000001","E19000001","E18000002","","E08000001","E05000651"
"BL2 4NZ",10,373379,412820,"E92000001","E19000001","E18000002","","E08000001","E05000651"
"BL2 5AA",10,373776,410329,"E92000001","E19000001","E18000002","","E08000001","E05000652"
"BL2 5AB",10,373831,410228,"E92000001","E19000001","E18000002","","E08000001","E05000652"
"BL2 5AD",10,373994,410431,"E92000001","E19000001","E18000002","","E08000001","E05000651"
"BL2 5AE",10,373930,410203,"E92000001","E19000001","E18000002","","E08000001","E05000652"
"BL2 5AF",10,373989,410239,"E92000001","E19000001","E18000002","","E08000001","E05000651"
"BL2 5AG",10,374132,410087,"E92000001","E19000001","E18000002","","E08000001","E05000652"
"BL2 5AH",10,374095,409976,"E92000001","E19000001","E18000002","","E08000001","E05000652"
"BL2 5AJ",10,374119,409871,"E92000001","E19000001","E18000002","","E08000001","E05000652"
"BL2 5AL",10,374037,409973,"E92000001","E19000001","E18000002","","E08000001","E05000652"
"BL2 5AN",10,374018,409824,"E92000001","E19000001","E18000002","","E08000001","E05000652"
"BL2 5AP",10,374020,409729,"E92000001","E19000001","E18000002","","E08000001","E05000652"
"BL2 5AQ",10,374163,409978,"E92000001","E19000001","E18000002","","E08000001","E05000652"
"BL2 5AR",10,373961,409833,"E92000001","E19000001","E18000002","","E08000001","E05000652"
"BL2 5AS",10,374005,409982,"E92000001","E19000001","E18000002","","E08000001","E05000652"
"BL2 5AT",10,373914,409882,"E92000001","E19000001","E18000002","","E08000001","E05000652"
"BL2 5AU",10,373889,409872,"E92000001","E19000001","E18000002","","E08000001","E05000652"
"BL2 5AW",10,373931,409667,"E92000001","E19000001","E18000002","","E08000001","E05000652"
"BL2 5AX",10,373889,409642,"E92000001","E19000001","E18000002","","E08000001","E05000652"
"BL2 5AY",10,374001,409487,"E92000001","E19000001","E18000002","","E08000001","E05000652"
"BL2 5AZ",10,374070,409504,"E92000001","E19000001","E18000002","","E08000001","E05000652"
"BL2 5BA",60,374764,410203,"E92000001","","","","",""
"BL2 5BB",10,373965,410134,"E92000001","E19000001","E18000002","","E08000001","E05000652"
"BL2 5BD",50,373965,410134,"E92000001","E19000001","E18000002","","E08000001","E05000652"
"BL2 5BH",10,373842,410362,"E92000001","E19000001","E18000002","","E08000001","E05000651"
"BL2 5BJ",10,373781,410448,"E92000001","E19000001","E18000002","","E08000001","E05000651"
"BL2 5BL",10,373920,410318,"E92000001","E19000001","E18000002","","E08000001","E05000651"
"BL2 5BN",10,373894,410478,"E92000001","E19000001","E18000002","","E08000001","E05000651"
"BL2 5BP",10,373994,410638,"E92000001","E19000001","E18000002","","E08000001","E05000651"
"BL2 5BQ",10,374363,410163,"E92000001","E19000001","E18000002","","E08000001","E05000652"
"BL2 5BR",10,373785,410587,"E92000001","E19000001","E18000002","","E08000001","E05000651"
"BL2 5BS",10,373790,410499,"E92000001","E19000001","E18000002","","E08000001","E05000651"
"BL2 5BT",10,373877,410488,"E92000001","E19000001","E18000002","","E08000001","E05000651"
"BL2 5BU",10,373854,410576,"E92000001","E19000001","E18000002","","E08000001","E05000651"
"BL2 5BW",10,373848,410636,"E92000001","E19000001","E18000002","","E08000001","E05000651"
"BL2 5BX",10,373872,410724,"E92000001","E19000001","E18000002","","E08000001","E05000651"
"BL2 5BY",10,374062,410870,"E92000001","E19000001","E18000002","","E08000001","E05000651"
"BL2 5BZ",10,374082,410823,"E92000001","E19000001","E18000002","","E08000001","E05000651"
"BL2 5DA",10,374092,410789,"E92000001","E19000001","E18000002","","E08000001","E05000651"
"BL2 5DB",10,374125,410802,"E92000001","E19000001","E18000002","","E08000001","E05000651"
"BL2 5DD",10,374104,410658,"E92000001","E19000001","E18000002","","E08000001","E05000651"
"BL2 5DE",10,373956,410802,"E92000001","E19000001","E18000002","","E08000001","E05000651"
"BL2 5DF",10,373988,410826,"E92000001","E19000001","E18000002","","E08000001","E05000651"
"BL2 5DG",10,374199,410396,"E92000001","E19000001","E18000002","","E08000001","E05000652"
"BL2 5DH",10,374130,410409,"E92000001","E19000001","E18000002","","E08000001","E05000651"
"BL2 5DJ",10,374089,410458,"E92000001","E19000001","E18000002","","E08000001","E05000651"
"BL2 5DL",10,374015,410545,"E92000001","E19000001","E18000002","","E08000001","E05000651"
"BL2 5DN",10,374171,410709,"E92000001","E19000001","E18000002","","E08000001","E05000652"
"BL2 5DP",10,374277,410266,"E92000001","E19000001","E18000002","","E08000001","E05000652"
"BL2 5DQ",10,374049,410383,"E92000001","E19000001","E18000002","","E08000001","E05000651"
"BL2 5DR",10,373942,409482,"E92000001","E19000001","E18000002","","E08000001","E05000652"
"BL2 5DS",10,374082,409845,"E92000001","E19000001","E18000002","","E08000001","E05000652"
"BL2 5DT",10,373899,409458,"E92000001","E19000001","E18000002","","E08000001","E05000652"
"BL2 5DU",10,374008,409598,"E92000001","E19000001","E18000002","","E08000001","E05000652"
"BL2 5DW",10,374058,409619,"E92000001","E19000001","E18000002","","E08000001","E05000652"
"BL2 5DX",10,374073,409646,"E92000001","E19000001","E18000002","","E08000001","E05000652"
"BL2 5DY",10,374079,409781,"E92000001","E19000001","E18000002","","E08000001","E05000652"
"BL2 5DZ",10,374253,409913,"E92000001","E19000001","E18000002","","E08000001","E05000652"
"BL2 5EA",10,374213,409951,"E92000001","E19000001","E18000002","","E08000001","E05000652"
"BL2 5EB",10,374291,410119,"E92000001","E19000001","E18000002","","E08000001","E05000652"
"BL2 5ED",10,374151,410158,"E92000001","E19000001","E18000002","","E08000001","E05000652"
"BL2 5EE",10,374231,410127,"E92000001","E19000001","E18000002","","E08000001","E05000652"
"BL2 5EF",10,374193,410123,"E92000001","E19000001","E18000002","","E08000001","E05000652"
"BL2 5EG",10,374201,410257,"E92000001","E19000001","E18000002","","E08000001","E05000652"
"BL2 5EH",10,374079,410214,"E92000001","E19000001","E18000002","","E08000001","E05000651"
"BL2 5EJ",10,374260,410403,"E92000001","E19000001","E18000002","","E08000001","E05000652"
"BL2 5EL",10,374244,410202,"E92000001","E19000001","E18000002","","E08000001","E05000652"
"BL2 5EN",10,374342,410376,"E92000001","E19000001","E18000002","","E08000001","E05000652"
"BL2 5EP",10,374206,410357,"E92000001","E19000001","E18000002","","E08000001","E05000652"
"BL2 5EQ",10,374315,410376,"E92000001","E19000001","E18000002","","E08000001","E05000652"
"BL2 5ER",10,374455,410416,"E92000001","E19000001","E18000002","","E08000001","E05000652"
"BL2 5ES",10,374504,410363,"E92000001","E19000001","E18000002","","E08000001","E05000652"
"BL2 5ET",10,374662,410251,"E92000001","E19000001","E18000002","","E08000001","E05000652"
"BL2 5EU",10,374570,410348,"E92000001","E19000001","E18000002","","E08000001","E05000652"
"BL2 5EW",10,374426,410445,"E92000001","E19000001","E18000002","","E08000001","E05000652"
"BL2 5EX",10,374582,410253,"E92000001","E19000001","E18000002","","E08000001","E05000652"
"BL2 5EY",10,374693,410311,"E92000001","E19000001","E18000002","","E08000001","E05000652"
"BL2 5EZ",10,374728,410258,"E92000001","E19000001","E18000002","","E08000001","E05000652"
"BL2 5FA",10,374595,410301,"E92000001","E19000001","E18000002","","E08000001","E05000652"
"BL2 5HA",10,374654,410207,"E92000001","E19000001","E18000002","","E08000001","E05000652"
"BL2 5HB",10,374767,410217,"E92000001","E19000001","E18000002","","E08000001","E05000652"
"BL2 5HD",10,374791,410247,"E92000001","E19000001","E18000002","","E08000001","E05000652"
"BL2 5HE",10,374813,410145,"E92000001","E19000001","E18000002","","E08000001","E05000652"
"BL2 5HF",10,374845,410721,"E92000001","E19000001","E18000002","","E08000001","E05000652"
"BL2 5HH",10,374442,410262,"E92000001","E19000001","E18000002","","E08000001","E05000652"
"BL2 5HJ",10,374382,410240,"E92000001","E19000001","E18000002","","E08000001","E05000652"
"BL2 5HL",10,374356,410203,"E92000001","E19000001","E18000002","","E08000001","E05000652"
"BL2 5HN",10,374856,410077,"E92000001","E19000001","E18000002","","E08000001","E05000652"
"BL2 5HP",10,374614,410130,"E92000001","E19000001","E18000002","","E08000001","E05000652"
"BL2 5HR",10,374992,410154,"E92000001","E19000001","E18000002","","E08000001","E05000652"
"BL2 5HS",10,374906,410311,"E92000001","E19000001","E18000002","","E08000001","E05000652"
"BL2 5HT",10,374947,410555,"E92000001","E19000001","E18000002","","E08000001","E05000652"
"BL2 5HU",10,374895,410517,"E92000001","E19000001","E18000002","","E08000001","E05000652"
"BL2 5HW",10,374892,410213,"E92000001","E19000001","E18000002","","E08000001","E05000652"
"BL2 5HX",10,374848,410425,"E92000001","E19000001","E18000002","","E08000001","E05000652"
"BL2 5HY",10,374832,410476,"E92000001","E19000001","E18000002","","E08000001","E05000652"
"BL2 5HZ",10,374800,410658,"E92000001","E19000001","E18000002","","E08000001","E05000652"
"BL2 5JA",10,374675,410674,"E92000001","E19000001","E18000002","","E08000001","E05000652"
"BL2 5JE",10,374702,410563,"E92000001","E19000001","E18000002","","E08000001","E05000652"
"BL2 5JF",10,374739,410621,"E92000001","E19000001","E18000002","","E08000001","E05000652"
"BL2 5JG",10,374555,410469,"E92000001","E19000001","E18000002","","E08000001","E05000652"
"BL2 5JH",10,374534,410540,"E92000001","E19000001","E18000002","","E08000001","E05000652"
"BL2 5JJ",10,374692,410486,"E92000001","E19000001","E18000002","","E08000001","E05000652"
"BL2 5JL",10,374528,410450,"E92000001","E19000001","E18000002","","E08000001","E05000652"
"BL2 5JN",10,374725,410399,"E92000001","E19000001","E18000002","","E08000001","E05000652"
"BL2 5JP",10,374739,410361,"E92000001","E19000001","E18000002","","E08000001","E05000652"
"BL2 5JQ",10,374621,410540,"E92000001","E19000001","E18000002","","E08000001","E05000652"
"BL2 5JR",10,374597,410374,"E92000001","E19000001","E18000002","","E08000001","E05000652"
"BL2 5JW",10,374755,410489,"E92000001","E19000001","E18000002","","E08000001","E05000652"
"BL2 5LA",10,374234,409730,"E92000001","E19000001","E18000002","","E08000001","E05000652"
"BL2 5LB",10,374200,409704,"E92000001","E19000001","E18000002","","E08000001","E05000652"
"BL2 5LD",10,374366,409758,"E92000001","E19000001","E18000002","","E08000001","E05000652"
"BL2 5LE",10,374274,409756,"E92000001","E19000001","E18000002","","E08000001","E05000652"
"BL2 5LF",10,374236,409803,"E92000001","E19000001","E18000002","","E08000001","E05000652"
"BL2 5LG",10,374412,409936,"E92000001","E19000001","E18000002","","E08000001","E05000652"
"BL2 5LH",10,374371,410003,"E92000001","E19000001","E18000002","","E08000001","E05000652"
"BL2 5LJ",10,374346,410044,"E92000001","E19000001","E18000002","","E08000001","E05000652"
"BL2 5LL",10,374373,410080,"E92000001","E19000001","E18000002","","E08000001","E05000652"
"BL2 5LN",10,374490,409983,"E92000001","E19000001","E18000002","","E08000001","E05000652"
"BL2 5LP",10,374445,409835,"E92000001","E19000001","E18000002","","E08000001","E05000652"
"BL2 5LQ",10,374466,409957,"E92000001","E19000001","E18000002","","E08000001","E05000652"
"BL2 5LR",10,374623,409990,"E92000001","E19000001","E18000002","","E08000001","E05000652"
"BL2 5LS",10,374641,410063,"E92000001","E19000001","E18000002","","E08000001","E05000652"
"BL2 5LT",10,374717,410020,"E92000001","E19000001","E18000002","","E08000001","E05000652"
"BL2 5LU",10,374800,410032,"E92000001","E19000001","E18000002","","E08000001","E05000652"
"BL2 5LW",10,374516,409918,"E92000001","E19000001","E18000002","","E08000001","E05000652"
"BL2 5LX",10,374792,409905,"E92000001","E19000001","E18000002","","E08000001","E05000652"
"BL2 5LY",10,374853,409821,"E92000001","E19000001","E18000002","","E08000001","E05000652"
"BL2 5LZ",10,374871,409885,"E92000001","E19000001","E18000002","","E08000001","E05000652"
"BL2 5NA",10,374861,409982,"E92000001","E19000001","E18000002","","E08000001","E05000652"
"BL2 5NB",10,374951,410009,"E92000001","E19000001","E18000002","","E08000001","E05000652"
"BL2 5ND",10,374783,409786,"E92000001","E19000001","E18000002","","E08000001","E05000652"
"BL2 5NE",10,374747,409743,"E92000001","E19000001","E18000002","","E08000001","E05000652"
"BL2 5NF",10,374746,409678,"E92000001","E19000001","E18000002","","E08000001","E05000652"
"BL2 5NG",10,374763,409876,"E92000001","E19000001","E18000002","","E08000001","E05000652"
"BL2 5NH",10,374675,409931,"E92000001","E19000001","E18000002","","E08000001","E05000652"
"BL2 5NJ",10,374613,409892,"E92000001","E19000001","E18000002","","E08000001","E05000652"
"BL2 5NL",10,374619,409926,"E92000001","E19000001","E18000002","","E08000001","E05000652"
"BL2 5NN",10,374584,409835,"E92000001","E19000001","E18000002","","E08000001","E05000652"
"BL2 5NP",10,374989,409990,"E92000001","E19000001","E18000002","","E08000001","E05000652"
"BL2 5NQ",10,374770,409835,"E92000001","E19000001","E18000002","","E08000001","E05000652"
"BL2 5NR",10,375071,409999,"E92000001","E19000001","E18000002","","E08000001","E05000652"
"BL2 5NS",10,375076,409876,"E92000001","E19000001","E18000002","","E08000001","E05000652"
"BL2 5NT",10,375029,410053,"E92000001","E19000001","E18000002","","E08000001","E05000652"
"BL2 5NW",10,374561,409784,"E92000001","E19000001","E18000002","","E08000001","E05000652"
"BL2 5PA",10,375131,410094,"E92000001","E19000001","E18000002","","E08000001","E05000652"
"BL2 5PB",10,375156,410094,"E92000001","E19000001","E18000002","","E08000001","E05000652"
"BL2 5PD",10,375122,410001,"E92000001","E19000001","E18000002","","E08000001","E05000652"
"BL2 5PE",10,375520,410370,"E92000001","E19000001","E18000002","","E08000002","E05000679"
"BL2 5PF",10,375641,410381,"E92000001","E19000001","E18000002","","E08000002","E05000679"
"BL2 5PG",10,376009,410251,"E92000001","E19000001","E18000002","","E08000002","E05000679"
"BL2 5PH",10,375183,409883,"E92000001","E19000001","E18000002","","E08000001","E05000652"
"BL2 5PJ",10,375224,410129,"E92000001","E19000001","E18000002","","E08000002","E05000679"
"BL2 5PL",10,375820,410176,"E92000001","E19000001","E18000002","","E08000002","E05000679"
"BL2 5PN",10,375947,410467,"E92000001","E19000001","E18000002","","E08000002","E05000679"
"BL2 5PP",10,376071,410326,"E92000001","E19000001","E18000002","","E08000002","E05000679"
"BL2 5PQ",10,376143,410181,"E92000001","E19000001","E18000002","","E08000002","E05000679"
"BL2 5PR",10,375798,410844,"E92000001","E19000001","E18000002","","E08000002","E05000679"
"BL2 5PT",10,376500,410900,"E92000001","E19000001","E18000002","","E08000002","E05000679"
"BL2 5PU",10,376441,410668,"E92000001","E19000001","E18000002","","E08000002","E05000679"
"BL2 5PW",10,375853,410569,"E92000001","E19000001","E18000002","","E08000002","E05000679"
"BL2 5PX",10,376680,410795,"E92000001","E19000001","E18000002","","E08000002","E05000679"
"BL2 5PY",10,376370,410394,"E92000001","E19000001","E18000002","","E08000002","E05000679"
"BL2 5PZ",10,376369,410292,"E92000001","E19000001","E18000002","","E08000002","E05000679"
"BL2 5QA",10,376215,410486,"E92000001","E19000001","E18000002","","E08000002","E05000679"
"BL2 5QB",10,376295,410322,"E92000001","E19000001","E18000002","","E08000002","E05000679"
"BL2 5QD",10,376433,410122,"E92000001","E19000001","E18000002","","E08000002","E05000679"
"BL2 5QE",10,376495,410061,"E92000001","E19000001","E18000002","","E08000002","E05000679"
"BL2 5QF",10,376508,410104,"E92000001","E19000001","E18000002","","E08000002","E05000679"
"BL2 5QG",10,376519,410164,"E92000001","E19000001","E18000002","","E08000002","E05000679"
"BL2 5QH",10,376645,410022,"E92000001","E19000001","E18000002","","E08000002","E05000679"
"BL2 5QJ",10,376586,410077,"E92000001","E19000001","E18000002","","E08000002","E05000679"
"BL2 5QL",10,376580,410113,"E92000001","E19000001","E18000002","","E08000002","E05000679"
"BL2 5QN",10,376338,409719,"E92000001","E19000001","E18000002","","E08000002","E05000679"
"BL2 5QP",10,376420,409994,"E92000001","E19000001","E18000002","","E08000002","E05000679"
"BL2 5QQ",10,376642,410121,"E92000001","E19000001","E18000002","","E08000002","E05000679"
"BL2 5QR",10,376341,409585,"E92000001","E19000001","E18000002","","E08000002","E05000679"
"BL2 5QS",10,375983,409501,"E92000001","E19000001","E18000002","","E08000002","E05000679"
"BL2 5QT",10,375859,409712,"E92000001","E19000001","E18000002","","E08000002","E05000679"
"BL2 5QU",10,376348,410073,"E92000001","E19000001","E18000002","","E08000002","E05000679"
"BL2 5QW",10,376394,409822,"E92000001","E19000001","E18000002","","E08000002","E05000679"
"BL2 5QX",10,376376,410016,"E92000001","E19000001","E18000002","","E08000002","E05000679"
"BL2 5QY",10,376262,410002,"E92000001","E19000001","E18000002","","E08000002","E05000679"
"BL2 5QZ",10,376230,410076,"E92000001","E19000001","E18000002","","E08000002","E05000679"
"BL2 5RA",10,376420,410232,"E92000001","E19000001","E18000002","","E08000002","E05000679"
"BL2 5RB",10,376382,410262,"E92000001","E19000001","E18000002","","E08000002","E05000679"
"BL2 5RD",10,376720,410287,"E92000001","E19000001","E18000002","","E08000002","E05000679"
"BL2 5RE",10,376921,410285,"E92000001","E19000001","E18000002","","E08000002","E05000679"
"BL2 5RF",10,376913,410167,"E92000001","E19000001","E18000002","","E08000002","E05000679"
"BL2 5RH",10,376465,410304,"E92000001","E19000001","E18000002","","E08000002","E05000679"
"BL2 5RJ",10,376780,410220,"E92000001","E19000001","E18000002","","E08000002","E05000679"
"BL2 5RL",10,376802,410122,"E92000001","E19000001","E18000002","","E08000002","E05000679"
"BL2 5RN",10,376672,410181,"E92000001","E19000001","E18000002","","E08000002","E05000679"
"BL2 5RP",10,376813,410059,"E92000001","E19000001","E18000002","","E08000002","E05000679"
"BL2 5RQ",10,376879,410165,"E92000001","E19000001","E18000002","","E08000002","E05000679"
"BL2 5RR",10,376682,410128,"E92000001","E19000001","E18000002","","E08000002","E05000679"
"BL2 5RS",10,376598,410229,"E92000001","E19000001","E18000002","","E08000002","E05000679"
"BL2 5RT",10,376444,410206,"E92000001","E19000001","E18000002","","E08000002","E05000679"
"BL2 5RU",10,376296,410177,"E92000001","E19000001","E18000002","","E08000002","E05000679"
"BL2 5RX",10,376204,410119,"E92000001","E19000001","E18000002","","E08000002","E05000679"
"BL2 5RY",10,376170,410075,"E92000001","E19000001","E18000002","","E08000002","E05000679"
"BL2 5RZ",10,376133,410115,"E92000001","E19000001","E18000002","","E08000002","E05000679"
"BL2 5SA",10,376116,409980,"E92000001","E19000001","E18000002","","E08000002","E05000679"
"BL2 5SB",10,376103,410033,"E92000001","E19000001","E18000002","","E08000002","E05000679"
"BL2 5SD",10,376120,410221,"E92000001","E19000001","E18000002","","E08000002","E05000679"
"BL2 5SE",10,376084,410054,"E92000001","E19000001","E18000002","","E08000002","E05000679"
"BL2 5SF",10,376027,410123,"E92000001","E19000001","E18000002","","E08000002","E05000679"
"BL2 5SG",10,376151,410265,"E92000001","E19000001","E18000002","","E08000002","E05000679"
"BL2 5SH",10,376671,410325,"E92000001","E19000001","E18000002","","E08000002","E05000679"
"BL2 5SJ",10,376775,410260,"E92000001","E19000001","E18000002","","E08000002","E05000679"
"BL2 5SL",10,376722,410141,"E92000001","E19000001","E18000002","","E08000002","E05000679"
"BL2 5SN",10,376664,410195,"E92000001","E19000001","E18000002","","E08000002","E05000679"
"BL2 5SP",10,376667,410109,"E92000001","E19000001","E18000002","","E08000002","E05000679"
"BL2 5SQ",10,376241,410300,"E92000001","E19000001","E18000002","","E08000002","E05000679"
"BL2 5SR",10,376705,410288,"E92000001","E19000001","E18000002","","E08000002","E05000679"
"BL2 5SW",10,376666,410136,"E92000001","E19000001","E18000002","","E08000002","E05000679"
"BL2 6AA",10,372790,409583,"E92000001","E19000001","E18000002","","E08000001","E05000667"
"BL2 6AB",10,375065,409795,"E92000001","E19000001","E18000002","","E08000001","E05000652"
"BL2 6AD",10,372913,409370,"E92000001","E19000001","E18000002","","E08000001","E05000667"
"BL2 6AE",10,372780,409448,"E92000001","E19000001","E18000002","","E08000001","E05000667"
"BL2 6AF",10,375022,409769,"E92000001","E19000001","E18000002","","E08000001","E05000652"
"BL2 6AG",10,372938,409240,"E92000001","E19000001","E18000002","","E08000001","E05000667"
"BL2 6AH",10,372923,409394,"E92000001","E19000001","E18000002","","E08000001","E05000667"
"BL2 6AJ",10,372925,409327,"E92000001","E19000001","E18000002","","E08000001","E05000667"
"BL2 6AL",10,373197,409244,"E92000001","E19000001","E18000002","","E08000001","E05000667"
"BL2 6AN",10,373064,409230,"E92000001","E19000001","E18000002","","E08000001","E05000667"
"BL2 6AP",10,373042,409310,"E92000001","E19000001","E18000002","","E08000001","E05000667"
"BL2 6AQ",10,372953,409168,"E92000001","E19000001","E18000002","","E08000001","E05000667"
"BL2 6AR",10,373217,409315,"E92000001","E19000001","E18000002","","E08000001","E05000667"
"BL2 6AS",10,373298,409338,"E92000001","E19000001","E18000002","","E08000001","E05000667"
"BL2 6AT",10,373241,409333,"E92000001","E19000001","E18000002","","E08000001","E05000667"
"BL2 6AU",10,373157,409345,"E92000001","E19000001","E18000002","","E08000001","E05000667"
"BL2 6AW",10,373117,409334,"E92000001","E19000001","E18000002","","E08000001","E05000667"
"BL2 6AX",10,373103,409398,"E92000001","E19000001","E18000002","","E08000001","E05000667"
"BL2 6AY",10,373205,409381,"E92000001","E19000001","E18000002","","E08000001","E05000667"
"BL2 6AZ",10,374646,409458,"E92000001","E19000001","E18000002","","E08000001","E05000652"
"BL2 6BB",10,373255,409422,"E92000001","E19000001","E18000002","","E08000001","E05000667"
"BL2 6BD",10,372641,409596,"E92000001","E19000001","E18000002","","E08000001","E05000667"
"BL2 6BE",10,373425,409361,"E92000001","E19000001","E18000002","","E08000001","E05000667"
"BL2 6BF",10,372773,409392,"E92000001","E19000001","E18000002","","E08000001","E05000667"
"BL2 6BG",10,373346,409313,"E92000001","E19000001","E18000002","","E08000001","E05000667"
"BL2 6BH",10,373285,409374,"E92000001","E19000001","E18000002","","E08000001","E05000667"
"BL2 6BJ",10,373364,409213,"E92000001","E19000001","E18000002","","E08000001","E05000667"
"BL2 6BL",10,373381,409179,"E92000001","E19000001","E18000002","","E08000001","E05000667"
"BL2 6BN",10,373483,409264,"E92000001","E19000001","E18000002","","E08000001","E05000667"
"BL2 6BP",10,373434,409156,"E92000001","E19000001","E18000002","","E08000001","E05000667"
"BL2 6BQ",10,372767,409512,"E92000001","E19000001","E18000002","","E08000001","E05000667"
"BL2 6BR",10,373404,409179,"E92000001","E19000001","E18000002","","E08000001","E05000667"
"BL2 6BS",10,373464,409185,"E92000001","E19000001","E18000002","","E08000001","E05000667"
"BL2 6BT",10,373445,409230,"E92000001","E19000001","E18000002","","E08000001","E05000667"
"BL2 6BU",10,373432,409276,"E92000001","E19000001","E18000002","","E08000001","E05000667"
"BL2 6BW",10,373517,409279,"E92000001","E19000001","E18000002","","E08000001","E05000667"
"BL2 6BX",10,373371,409307,"E92000001","E19000001","E18000002","","E08000001","E05000667"
"BL2 6BY",10,373456,409323,"E92000001","E19000001","E18000002","","E08000001","E05000667"
"BL2 6BZ",10,373799,408730,"E92000001","E19000001","E18000002","","E08000001","E05000652"
"BL2 6DA",10,373514,409357,"E92000001","E19000001","E18000002","","E08000001","E05000667"
"BL2 6DB",10,373574,409373,"E92000001","E19000001","E18000002","","E08000001","E05000667"
"BL2 6DD",10,373443,409391,"E92000001","E19000001","E18000002","","E08000001","E05000667"
"BL2 6DE",10,373442,409427,"E92000001","E19000001","E18000002","","E08000001","E05000667"
"BL2 6DF",10,373596,409431,"E92000001","E19000001","E18000002","","E08000001","E05000667"
"BL2 6DG",10,373799,409363,"E92000001","E19000001","E18000002","","E08000001","E05000652"
"BL2 6DH",10,373864,409439,"E92000001","E19000001","E18000002","","E08000001","E05000652"
"BL2 6DJ",10,373855,409269,"E92000001","E19000001","E18000002","","E08000001","E05000652"
"BL2 6DL",10,373864,409206,"E92000001","E19000001","E18000002","","E08000001","E05000652"
"BL2 6DN",10,373759,409110,"E92000001","E19000001","E18000002","","E08000001","E05000652"
"BL2 6DP",10,373632,408963,"E92000001","E19000001","E18000002","","E08000001","E05000652"
"BL2 6DQ",10,373767,409228,"E92000001","E19000001","E18000002","","E08000001","E05000652"
"BL2 6DR",10,373740,409378,"E92000001","E19000001","E18000002","","E08000001","E05000652"
"BL2 6DS",10,373750,409402,"E92000001","E19000001","E18000002","","E08000001","E05000652"
"BL2 6DT",10,373589,409395,"E92000001","E19000001","E18000002","","E08000001","E05000667"
"BL2 6DX",10,373221,409482,"E92000001","E19000001","E18000002","","E08000001","E05000667"
"BL2 6DY",10,373231,409246,"E92000001","E19000001","E18000002","","E08000001","E05000667"
"BL2 6DZ",10,374262,408858,"E92000001","E19000001","E18000002","","E08000001","E05000652"
"BL2 6EA",10,374018,409331,"E92000001","E19000001","E18000002","","E08000001","E05000652"
"BL2 6EB",10,374090,409306,"E92000001","E19000001","E18000002","","E08000001","E05000652"
"BL2 6ED",10,374092,409321,"E92000001","E19000001","E18000002","","E08000001","E05000652"
"BL2 6EE",10,374275,409248,"E92000001","E19000001","E18000002","","E08000001","E05000652"
"BL2 6EF",10,374428,409089,"E92000001","E19000001","E18000002","","E08000001","E05000652"
"BL2 6EG",10,374232,409387,"E92000001","E19000001","E18000002","","E08000001","E05000652"
"BL2 6EH",10,374301,409164,"E92000001","E19000001","E18000002","","E08000001","E05000652"
"BL2 6EJ",10,374235,409184,"E92000001","E19000001","E18000002","","E08000001","E05000652"
"BL2 6EL",10,374254,409062,"E92000001","E19000001","E18000002","","E08000001","E05000652"
"BL2 6EN",10,374291,409062,"E92000001","E19000001","E18000002","","E08000001","E05000652"
"BL2 6EP",10,374398,409007,"E92000001","E19000001","E18000002","","E08000001","E05000652"
"BL2 6EQ",10,374243,409358,"E92000001","E19000001","E18000002","","E08000001","E05000652"
"BL2 6ER",10,374355,408970,"E92000001","E19000001","E18000002","","E08000001","E05000652"
"BL2 6ES",10,374378,408828,"E92000001","E19000001","E18000002","","E08000001","E05000652"
"BL2 6ET",10,374195,409056,"E92000001","E19000001","E18000002","","E08000001","E05000652"
"BL2 6EU",10,374088,408980,"E92000001","E19000001","E18000002","","E08000001","E05000652"
"BL2 6EW",10,374456,408910,"E92000001","E19000001","E18000002","","E08000001","E05000652"
"BL2 6EX",10,373972,408555,"E92000001","E19000001","E18000002","","E08000001","E05000652"
"BL2 6EY",10,373996,408479,"E92000001","E19000001","E18000002","","E08000001","E05000652"
"BL2 6EZ",10,374035,408579,"E92000001","E19000001","E18000002","","E08000001","E05000652"
"BL2 6FZ",10,371936,410296,"E92000001","E19000001","E18000002","","E08000001","E05000654"
"BL2 6GA",10,373485,409348,"E92000001","E19000001","E18000002","","E08000001","E05000667"
"BL2 6GB",10,373357,409393,"E92000001","E19000001","E18000002","","E08000001","E05000667"
"BL2 6GD",10,373932,408610,"E92000001","E19000001","E18000002","","E08000001","E05000652"
"BL2 6GE",10,374610,409690,"E92000001","E19000001","E18000002","","E08000001","E05000652"
"BL2 6GF",10,373172,409296,"E92000001","E19000001","E18000002","","E08000001","E05000667"
"BL2 6GJ",10,373995,408418,"E92000001","E19000001","E18000002","","E08000001","E05000652"
"BL2 6GY",10,374496,409185,"E92000001","E19000001","E18000002","","E08000001","E05000652"
"BL2 6HA",10,374060,408631,"E92000001","E19000001","E18000002","","E08000001","E05000652"
"BL2 6HB",10,374092,408617,"E92000001","E19000001","E18000002","","E08000001","E05000652"
"BL2 6HE",10,374094,408424,"E92000001","E19000001","E18000002","","E08000001","E05000652"
"BL2 6HF",10,374117,408388,"E92000001","E19000001","E18000002","","E08000001","E05000652"
"BL2 6HG",10,374202,408953,"E92000001","E19000001","E18000002","","E08000001","E05000652"
"BL2 6HH",10,374171,408903,"E92000001","E19000001","E18000002","","E08000001","E05000652"
"BL2 6HJ",10,374132,409033,"E92000001","E19000001","E18000002","","E08000001","E05000652"
"BL2 6HL",10,374316,408810,"E92000001","E19000001","E18000002","","E08000001","E05000652"
"BL2 6HN",10,374217,408831,"E92000001","E19000001","E18000002","","E08000001","E05000652"
"BL2 6HP",10,374265,409486,"E92000001","E19000001","E18000002","","E08000001","E05000652"
"BL2 6HQ",10,374258,408939,"E92000001","E19000001","E18000002","","E08000001","E05000652"
"BL2 6HR",10,374206,409473,"E92000001","E19000001","E18000002","","E08000001","E05000652"
"BL2 6HS",10,374199,409555,"E92000001","E19000001","E18000002","","E08000001","E05000652"
"BL2 6HT",10,374199,409667,"E92000001","E19000001","E18000002","","E08000001","E05000652"
"BL2 6HU",10,374167,409590,"E92000001","E19000001","E18000002","","E08000001","E05000652"
"BL2 6HW",10,374181,408759,"E92000001","E19000001","E18000002","","E08000001","E05000652"
"BL2 6HX",10,374107,409457,"E92000001","E19000001","E18000002","","E08000001","E05000652"
"BL2 6HY",10,374130,409518,"E92000001","E19000001","E18000002","","E08000001","E05000652"
"BL2 6HZ",10,373970,409445,"E92000001","E19000001","E18000002","","E08000001","E05000652"
"BL2 6JA",10,373998,409402,"E92000001","E19000001","E18000002","","E08000001","E05000652"
"BL2 6JD",10,374295,409441,"E92000001","E19000001","E18000002","","E08000001","E05000652"
"BL2 6JE",10,374459,409283,"E92000001","E19000001","E18000002","","E08000001","E05000652"
"BL2 6JF",10,374429,409278,"E92000001","E19000001","E18000002","","E08000001","E05000652"
"BL2 6JG",10,374529,409283,"E92000001","E19000001","E18000002","","E08000001","E05000652"
"BL2 6JH",10,374391,409395,"E92000001","E19000001","E18000002","","E08000001","E05000652"
"BL2 6JJ",10,374502,409325,"E92000001","E19000001","E18000002","","E08000001","E05000652"
"BL2 6JL",10,374704,409256,"E92000001","E19000001","E18000002","","E08000001","E05000652"
"BL2 6JN",10,374585,409228,"E92000001","E19000001","E18000002","","E08000001","E05000652"
"BL2 6JP",10,374669,409229,"E92000001","E19000001","E18000002","","E08000001","E05000652"
"BL2 6JQ",10,374586,409374,"E92000001","E19000001","E18000002","","E08000001","E05000652"
"BL2 6JR",10,374635,409174,"E92000001","E19000001","E18000002","","E08000001","E05000652"
"BL2 6JS",10,374617,409115,"E92000001","E19000001","E18000002","","E08000001","E05000652"
"BL2 6JT",10,374594,409106,"E92000001","E19000001","E18000002","","E08000001","E05000652"
"BL2 6JU",10,374628,409075,"E92000001","E19000001","E18000002","","E08000001","E05000652"
"BL2 6JW",10,374621,409225,"E92000001","E19000001","E18000002","","E08000001","E05000652"
"BL2 6JX",10,374714,409130,"E92000001","E19000001","E18000002","","E08000001","E05000652"
"BL2 6JY",10,374493,409157,"E92000001","E19000001","E18000002","","E08000001","E05000652"
"BL2 6JZ",10,374359,409064,"E92000001","E19000001","E18000002","","E08000001","E05000652"
"BL2 6LA",10,374515,409035,"E92000001","E19000001","E18000002","","E08000001","E05000652"
"BL2 6LB",10,374403,409057,"E92000001","E19000001","E18000002","","E08000001","E05000652"
"BL2 6LD",10,374513,409002,"E92000001","E19000001","E18000002","","E08000001","E05000652"
"BL2 6LE",10,375194,409161,"E92000001","E19000001","E18000002","","E08000001","E05000652"
"BL2 6LF",10,375189,409090,"E92000001","E19000001","E18000002","","E08000001","E05000652"
"BL2 6LG",10,375197,409057,"E92000001","E19000001","E18000002","","E08000001","E05000652"
"BL2 6LH",10,374485,408967,"E92000001","E19000001","E18000002","","E08000001","E05000652"
"BL2 6LJ",10,375218,409120,"E92000001","E19000001","E18000002","","E08000001","E05000652"
"BL2 6LL",10,375255,408881,"E92000001","E19000001","E18000002","","E08000001","E05000652"
"BL2 6LN",10,375249,408687,"E92000001","E19000001","E18000002","","E08000001","E05000652"
"BL2 6LP",10,375025,409229,"E92000001","E19000001","E18000002","","E08000001","E05000652"
"BL2 6LQ",10,375189,408958,"E92000001","E19000001","E18000002","","E08000001","E05000652"
"BL2 6LR",10,374966,409169,"E92000001","E19000001","E18000002","","E08000001","E05000652"
"BL2 6LS",10,374905,409173,"E92000001","E19000001","E18000002","","E08000001","E05000652"
"BL2 6LT",10,374772,409086,"E92000001","E19000001","E18000002","","E08000001","E05000652"
"BL2 6LU",10,374820,409078,"E92000001","E19000001","E18000002","","E08000001","E05000652"
"BL2 6LW",10,375093,408486,"E92000001","E19000001","E18000002","","E08000001","E05000652"
"BL2 6LX",10,374915,408989,"E92000001","E19000001","E18000002","","E08000001","E05000652"
"BL2 6LY",10,374987,409063,"E92000001","E19000001","E18000002","","E08000001","E05000652"
"BL2 6LZ",10,375024,409027,"E92000001","E19000001","E18000002","","E08000001","E05000652"
"BL2 6NA",10,375058,409019,"E92000001","E19000001","E18000002","","E08000001","E05000652"
"BL2 6NB",10,375107,409096,"E92000001","E19000001","E18000002","","E08000001","E05000652"
"BL2 6ND",10,375142,409129,"E92000001","E19000001","E18000002","","E08000001","E05000652"
"BL2 6NE",10,374604,408982,"E92000001","E19000001","E18000002","","E08000001","E05000652"
"BL2 6NF",10,374523,408889,"E92000001","E19000001","E18000002","","E08000001","E05000652"
"BL2 6NG",10,374484,408810,"E92000001","E19000001","E18000002","","E08000001","E05000652"
"BL2 6NH",10,375054,409137,"E92000001","E19000001","E18000002","","E08000001","E05000652"
"BL2 6NJ",10,374552,408805,"E92000001","E19000001","E18000002","","E08000001","E05000652"
"BL2 6NL",10,374575,408734,"E92000001","E19000001","E18000002","","E08000001","E05000652"
"BL2 6NN",10,374656,408782,"E92000001","E19000001","E18000002","","E08000001","E05000652"
"BL2 6NP",10,374679,408949,"E92000001","E19000001","E18000002","","E08000001","E05000652"
"BL2 6NQ",10,374531,408825,"E92000001","E19000001","E18000002","","E08000001","E05000652"
"BL2 6NR",10,374721,408898,"E92000001","E19000001","E18000002","","E08000001","E05000652"
"BL2 6NS",10,374460,409108,"E92000001","E19000001","E18000002","","E08000001","E05000652"
"BL2 6NT",10,374656,409598,"E92000001","E19000001","E18000002","","E08000001","E05000652"
"BL2 6NU",10,375024,409280,"E92000001","E19000001","E18000002","","E08000001","E05000652"
"BL2 6NW",10,374702,408808,"E92000001","E19000001","E18000002","","E08000001","E05000652"
"BL2 6NX",10,374896,409316,"E92000001","E19000001","E18000002","","E08000001","E05000652"
"BL2 6NY",10,374731,409364,"E92000001","E19000001","E18000002","","E08000001","E05000652"
"BL2 6NZ",10,374762,409280,"E92000001","E19000001","E18000002","","E08000001","E05000652"
"BL2 6PA",10,374564,409412,"E92000001","E19000001","E18000002","","E08000001","E05000652"
"BL2 6PB",10,374426,409484,"E92000001","E19000001","E18000002","","E08000001","E05000652"
"BL2 6PD",10,374514,409512,"E92000001","E19000001","E18000002","","E08000001","E05000652"
"BL2 6PE",10,374413,409513,"E92000001","E19000001","E18000002","","E08000001","E05000652"
"BL2 6PF",10,374301,409546,"E92000001","E19000001","E18000002","","E08000001","E05000652"
"BL2 6PG",10,374253,409569,"E92000001","E19000001","E18000002","","E08000001","E05000652"
"BL2 6PH",10,374461,409814,"E92000001","E19000001","E18000002","","E08000001","E05000652"
"BL2 6PJ",10,374496,409791,"E92000001","E19000001","E18000002","","E08000001","E05000652"
"BL2 6PL",10,374529,409756,"E92000001","E19000001","E18000002","","E08000001","E05000652"
"BL2 6PN",10,374499,409700,"E92000001","E19000001","E18000002","","E08000001","E05000652"
"BL2 6PP",10,374786,409609,"E92000001","E19000001","E18000002","","E08000001","E05000652"
"BL2 6PQ",10,374279,409610,"E92000001","E19000001","E18000002","","E08000001","E05000652"
"BL2 6PR",10,374865,409673,"E92000001","E19000001","E18000002","","E08000001","E05000652"
"BL2 6PS",10,374999,409736,"E92000001","E19000001","E18000002","","E08000001","E05000652"
"BL2 6PT",10,375054,409521,"E92000001","E19000001","E18000002","","E08000001","E05000652"
"BL2 6PU",10,375060,409687,"E92000001","E19000001","E18000002","","E08000001","E05000652"
"BL2 6PX",10,375084,409377,"E92000001","E19000001","E18000002","","E08000001","E05000652"
"BL2 6PY",10,375164,409284,"E92000001","E19000001","E18000002","","E08000001","E05000652"
"BL2 6PZ",10,375143,409246,"E92000001","E19000001","E18000002","","E08000001","E05000652"
"BL2 6QA",10,375219,409225,"E92000001","E19000001","E18000002","","E08000001","E05000652"
"BL2 6QB",10,375544,409104,"E92000001","E19000001","E18000002","","E08000002","E05000679"
"BL2 6QD",10,375329,409171,"E92000001","E19000001","E18000002","","E08000002","E05000679"
"BL2 6QE",10,375497,409178,"E92000001","E19000001","E18000002","","E08000002","E05000679"
"BL2 6QF",10,375319,409372,"E92000001","E19000001","E18000002","","E08000002","E05000679"
"BL2 6QG",10,375678,409096,"E92000001","E19000001","E18000002","","E08000002","E05000679"
"BL2 6QP",10,376216,409162,"E92000001","E19000001","E18000002","","E08000002","E05000679"
"BL2 6QQ",10,376024,409066,"E92000001","E19000001","E18000002","","E08000002","E05000679"
"BL2 6QR",10,375807,409253,"E92000001","E19000001","E18000002","","E08000002","E05000679"
"BL2 6QS",10,375695,409311,"E92000001","E19000001","E18000002","","E08000002","E05000679"
"BL2 6QT",10,374900,409472,"E92000001","E19000001","E18000002","","E08000001","E05000652"
"BL2 6QU",10,375765,409045,"E92000001","E19000001","E18000002","","E08000002","E05000679"
"BL2 6QY",10,375206,409338,"E92000001","E19000001","E18000002","","E08000001","E05000652"
"BL2 6RA",10,375804,408469,"E92000001","E19000001","E18000002","","E08000002","E05000679"
"BL2 6RB",10,375844,408449,"E92000001","E19000001","E18000002","","E08000002","E05000679"
"BL2 6RD",10,375843,408473,"E92000001","E19000001","E18000002","","E08000002","E05000679"
"BL2 6RE",10,375837,408719,"E92000001","E19000001","E18000002","","E08000002","E05000679"
"BL2 6RF",10,375799,408652,"E92000001","E19000001","E18000002","","E08000002","E05000679"
"BL2 6RG",10,375495,408610,"E92000001","E19000001","E18000002","","E08000002","E05000679"
"BL2 6RH",10,375836,408527,"E92000001","E19000001","E18000002","","E08000002","E05000679"
"BL2 6RL",10,376245,408761,"E92000001","E19000001","E18000002","","E08000002","E05000679"
"BL2 6RN",10,375580,408554,"E92000001","E19000001","E18000002","","E08000002","E05000679"
"BL2 6RQ",10,375563,408460,"E92000001","E19000001","E18000002","","E08000002","E05000679"
"BL2 6RS",10,376271,408438,"E92000001","E19000001","E18000002","","E08000002","E05000679"
"BL2 6RT",10,376054,408569,"E92000001","E19000001","E18000002","","E08000002","E05000679"
"BL2 6RU",10,375572,408401,"E92000001","E19000001","E18000002","","E08000002","E05000679"
"BL2 6RW",10,375639,408466,"E92000001","E19000001","E18000002","","E08000002","E05000679"
"BL2 6RX",10,375871,408530,"E92000001","E19000001","E18000002","","E08000002","E05000679"
"BL2 6RY",10,375911,408435,"E92000001","E19000001","E18000002","","E08000002","E05000679"
"BL2 6RZ",10,375966,408424,"E92000001","E19000001","E18000002","","E08000002","E05000679"
"BL2 6SA",10,374103,408924,"E92000001","E19000001","E18000002","","E08000001","E05000652"
"BL2 6SB",10,374088,408803,"E92000001","E19000001","E18000002","","E08000001","E05000652"
"BL2 6SD",10,374175,408826,"E92000001","E19000001","E18000002","","E08000001","E05000652"
"BL2 6SE",10,375454,408428,"E92000001","E19000001","E18000002","","E08000002","E05000679"
"BL2 6SF",10,375661,408302,"E92000001","E19000001","E18000002","","E08000002","E05000679"
"BL2 6SG",10,375631,408313,"E92000001","E19000001","E18000002","","E08000002","E05000679"
"BL2 6SH",10,375553,408315,"E92000001","E19000001","E18000002","","E08000002","E05000679"
"BL2 6SJ",10,375476,408316,"E92000001","E19000001","E18000002","","E08000002","E05000679"
"BL2 6TA",10,375193,408914,"E92000001","E19000001","E18000002","","E08000001","E05000652"
"BL2 6TB",10,375285,408753,"E92000001","E19000001","E18000002","","E08000001","E05000652"
"BL2 6TD",10,375177,408602,"E92000001","E19000001","E18000002","","E08000001","E05000652"
"BL2 6TE",10,375175,408697,"E92000001","E19000001","E18000002","","E08000001","E05000652"
"BL2 6TF",10,375190,408789,"E92000001","E19000001","E18000002","","E08000001","E05000652"
"BL2 6TG",10,375265,408493,"E92000001","E19000001","E18000002","","E08000001","E05000652"
"BL2 6TH",10,375002,408427,"E92000001","E19000001","E18000002","","E08000001","E05000652"
"BL2 6TJ",10,374917,408445,"E92000001","E19000001","E18000002","","E08000001","E05000652"
"BL2 6TL",10,375017,408559,"E92000001","E19000001","E18000002","","E08000001","E05000652"
"BL2 6TN",10,375191,408406,"E92000001","E19000001","E18000002","","E08000001","E05000652"
"BL2 6TP",10,375102,408517,"E92000001","E19000001","E18000002","","E08000001","E05000652"
"BL2 6TQ",10,375268,408603,"E92000001","E19000001","E18000002","","E08000001","E05000652"
"BL2 6TR",10,375066,408553,"E92000001","E19000001","E18000002","","E08000001","E05000652"
"BL2 6TS",10,374835,408459,"E92000001","E19000001","E18000002","","E08000001","E05000652"
"BL2 6TT",10,374843,408611,"E92000001","E19000001","E18000002","","E08000001","E05000652"
"BL2 6TU",10,374852,408531,"E92000001","E19000001","E18000002","","E08000001","E05000652"
"BL2 6TW",10,375102,408421,"E92000001","E19000001","E18000002","","E08000001","E05000652"
"BL2 6TX",10,374919,408633,"E92000001","E19000001","E18000002","","E08000001","E05000652"
"BL2 6TY",10,374986,408627,"E92000001","E19000001","E18000002","","E08000001","E05000652"
"BL2 6TZ",10,374882,408678,"E92000001","E19000001","E18000002","","E08000001","E05000652"
"BL2 6UA",10,374801,408868,"E92000001","E19000001","E18000002","","E08000001","E05000652"
"BL2 6UB",10,374880,408896,"E92000001","E19000001","E18000002","","E08000001","E05000652"
"BL2 6UD",10,374912,408894,"E92000001","E19000001","E18000002","","E08000001","E05000652"
"BL2 6UE",10,374984,408834,"E92000001","E19000001","E18000002","","E08000001","E05000652"
"BL2 6UF",10,374895,408960,"E92000001","E19000001","E18000002","","E08000001","E05000652"
"BL2 6UG",10,374914,408777,"E92000001","E19000001","E18000002","","E08000001","E05000652"
"BL2 6UQ",10,374841,408770,"E92000001","E19000001","E18000002","","E08000001","E05000652"
"BL2 6US",10,374707,409308,"E92000001","E19000001","E18000002","","E08000001","E05000652"
"BL3 1AA",10,375400,407601,"E92000001","E19000001","E18000002","","E08000001","E05000664"
"BL3 1AB",10,375306,406592,"E92000001","E19000001","E18000002","","E08000001","E05000664"
"BL3 1AD",10,375158,406437,"E92000001","E19000001","E18000002","","E08000001","E05000664"
"BL3 1AF",10,374183,408252,"E92000001","E19000001","E18000002","","E08000001","E05000664"
"BL3 1AH",10,375388,406595,"E92000001","E19000001","E18000002","","E08000001","E05000664"
"BL3 1AJ",10,374851,407897,"E92000001","E19000001","E18000002","","E08000001","E05000664"
"BL3 1AL",10,374969,408304,"E92000001","E19000001","E18000002","","E08000001","E05000664"
"BL3 1AN",10,374583,408307,"E92000001","E19000001","E18000002","","E08000001","E05000664"
"BL3 1AP",10,374297,408098,"E92000001","E19000001","E18000002","","E08000001","E05000664"
"BL3 1AS",10,374135,408127,"E92000001","E19000001","E18000002","","E08000001","E05000664"
"BL3 1AT",10,374183,408189,"E92000001","E19000001","E18000002","","E08000001","E05000664"
"BL3 1AW",10,374388,407773,"E92000001","E19000001","E18000002","","E08000001","E05000664"
"BL3 1AY",10,374273,408131,"E92000001","E19000001","E18000002","","E08000001","E05000664"
"BL3 1AZ",10,374276,408247,"E92000001","E19000001","E18000002","","E08000001","E05000664"
"BL3 1BA",10,375304,407582,"E92000001","E19000001","E18000002","","E08000001","E05000664"
"BL3 1BB",10,375132,407301,"E92000001","E19000001","E18000002","","E08000001","E05000664"
"BL3 1BD",10,375311,407391,"E92000001","E19000001","E18000002","","E08000001","E05000664"
"BL3 1BE",10,375295,407425,"E92000001","E19000001","E18000002","","E08000001","E05000664"
"BL3 1BF",10,375104,407356,"E92000001","E19000001","E18000002","","E08000001","E05000664"
"BL3 1BG",10,375211,407346,"E92000001","E19000001","E18000002","","E08000001","E05000664"
"BL3 1BH",10,375288,407554,"E92000001","E19000001","E18000002","","E08000001","E05000664"
"BL3 1BJ",10,375137,407341,"E92000001","E19000001","E18000002","","E08000001","E05000664"
"BL3 1BL",10,375198,407402,"E92000001","E19000001","E18000002","","E08000001","E05000664"
"BL3 1BN",10,375073,407387,"E92000001","E19000001","E18000002","","E08000001","E05000664"
"BL3 1BQ",10,375232,407292,"E92000001","E19000001","E18000002","","E08000001","E05000664"
"BL3 1BS",10,374710,407225,"E92000001","E19000001","E18000002","","E08000001","E05000664"
"BL3 1BT",10,374739,407336,"E92000001","E19000001","E18000002","","E08000001","E05000664"
"BL3 1BU",10,374966,407491,"E92000001","E19000001","E18000002","","E08000001","E05000664"
"BL3 1BW",10,374846,407325,"E92000001","E19000001","E18000002","","E08000001","E05000664"
"BL3 1BX",10,375156,407395,"E92000001","E19000001","E18000002","","E08000001","E05000664"
"BL3 1BY",10,375230,407406,"E92000001","E19000001","E18000002","","E08000001","E05000664"
"BL3 1BZ",10,375241,407485,"E92000001","E19000001","E18000002","","E08000001","E05000664"
"BL3 1DA",10,375252,407685,"E92000001","E19000001","E18000002","","E08000001","E05000664"
"BL3 1DB",10,375099,407758,"E92000001","E19000001","E18000002","","E08000001","E05000664"
"BL3 1DD",10,375125,407789,"E92000001","E19000001","E18000002","","E08000001","E05000664"
"BL3 1DE",10,374948,407692,"E92000001","E19000001","E18000002","","E08000001","E05000664"
"BL3 1DF",10,374852,407649,"E92000001","E19000001","E18000002","","E08000001","E05000664"
"BL3 1DG",10,375019,407642,"E92000001","E19000001","E18000002","","E08000001","E05000664"
"BL3 1DH",10,374971,407765,"E92000001","E19000001","E18000002","","E08000001","E05000664"
"BL3 1DJ",10,374948,407597,"E92000001","E19000001","E18000002","","E08000001","E05000664"
"BL3 1DL",10,374843,407601,"E92000001","E19000001","E18000002","","E08000001","E05000664"
"BL3 1DN",10,374831,407684,"E92000001","E19000001","E18000002","","E08000001","E05000664"
"BL3 1DP",10,374862,407748,"E92000001","E19000001","E18000002","","E08000001","E05000664"
"BL3 1DQ",10,375036,407822,"E92000001","E19000001","E18000002","","E08000001","E05000664"
"BL3 1DR",10,375035,407510,"E92000001","E19000001","E18000002","","E08000001","E05000664"
"BL3 1DS",10,375133,407522,"E92000001","E19000001","E18000002","","E08000001","E05000664"
"BL3 1DT",10,375113,407423,"E92000001","E19000001","E18000002","","E08000001","E05000664"
"BL3 1DU",10,375154,407563,"E92000001","E19000001","E18000002","","E08000001","E05000664"
"BL3 1DW",10,374803,407728,"E92000001","E19000001","E18000002","","E08000001","E05000664"
"BL3 1DX",10,374866,407203,"E92000001","E19000001","E18000002","","E08000001","E05000664"
"BL3 1DY",10,374921,407250,"E92000001","E19000001","E18000002","","E08000001","E05000664"
"BL3 1DZ",10,374836,407082,"E92000001","E19000001","E18000002","","E08000001","E05000664"
"BL3 1EA",10,374757,407176,"E92000001","E19000001","E18000002","","E08000001","E05000664"
"BL3 1EB",10,374754,407142,"E92000001","E19000001","E18000002","","E08000001","E05000664"
"BL3 1ED",10,374734,407079,"E92000001","E19000001","E18000002","","E08000001","E05000664"
"BL3 1EE",10,374852,406978,"E92000001","E19000001","E18000002","","E08000001","E05000664"
"BL3 1EF",10,375027,407383,"E92000001","E19000001","E18000002","","E08000001","E05000664"
"BL3 1EG",10,375003,407095,"E92000001","E19000001","E18000002","","E08000001","E05000664"
"BL3 1EH",10,374881,407109,"E92000001","E19000001","E18000002","","E08000001","E05000664"
"BL3 1EJ",10,374945,407149,"E92000001","E19000001","E18000002","","E08000001","E05000664"
"BL3 1EL",10,375140,407109,"E92000001","E19000001","E18000002","","E08000001","E05000664"
"BL3 1EN",10,375026,407254,"E92000001","E19000001","E18000002","","E08000001","E05000664"
"BL3 1EP",10,375223,406997,"E92000001","E19000001","E18000002","","E08000001","E05000664"
"BL3 1EQ",10,374943,407225,"E92000001","E19000001","E18000002","","E08000001","E05000664"
"BL3 1ER",10,375141,406888,"E92000001","E19000001","E18000002","","E08000001","E05000664"
"BL3 1ES",10,375150,406933,"E92000001","E19000001","E18000002","","E08000001","E05000664"
"BL3 1ET",10,375190,406981,"E92000001","E19000001","E18000002","","E08000001","E05000664"
"BL3 1EU",10,375260,407150,"E92000001","E19000001","E18000002","","E08000001","E05000664"
"BL3 1EW",10,375077,407091,"E92000001","E19000001","E18000002","","E08000001","E05000664"
"BL3 1EX",10,375351,406912,"E92000001","E19000001","E18000002","","E08000001","E05000664"
"BL3 1EY",10,375307,407104,"E92000001","E19000001","E18000002","","E08000001","E05000664"
"BL3 1EZ",10,375488,407117,"E92000001","E19000001","E18000002","","E08000001","E05000664"
"BL3 1FQ",10,374794,408319,"E92000001","E19000001","E18000002","","E08000001","E05000664"
"BL3 1FR",10,374900,407559,"E92000001","E19000001","E18000002","","E08000001","E05000664"
"BL3 1FS",10,374797,407788,"E92000001","E19000001","E18000002","","E08000001","E05000664"
"BL3 1FT",10,374769,407793,"E92000001","E19000001","E18000002","","E08000001","E05000664"
"BL3 1FU",50,375191,407566,"E92000001","E19000001","E18000002","","E08000001","E05000664"
"BL3 1FW",50,374900,407559,"E92000001","E19000001","E18000002","","E08000001","E05000664"
"BL3 1FX",10,375612,407338,"E92000001","E19000001","E18000002","","E08000001","E05000664"
"BL3 1FY",10,375597,407368,"E92000001","E19000001","E18000002","","E08000001","E05000664"
"BL3 1FZ",10,375583,407356,"E92000001","E19000001","E18000002","","E08000001","E05000664"
"BL3 1HA",10,375396,407142,"E92000001","E19000001","E18000002","","E08000001","E05000664"
"BL3 1HB",10,374899,407061,"E92000001","E19000001","E18000002","","E08000001","E05000664"
"BL3 1HE",10,375307,406904,"E92000001","E19000001","E18000002","","E08000001","E05000664"
"BL3 1HF",10,375396,406924,"E92000001","E19000001","E18000002","","E08000001","E05000664"
"BL3 1HG",10,375403,407296,"E92000001","E19000001","E18000002","","E08000001","E05000664"
"BL3 1HH",10,375460,407357,"E92000001","E19000001","E18000002","","E08000001","E05000664"
"BL3 1HL",10,375425,407275,"E92000001","E19000001","E18000002","","E08000001","E05000664"
"BL3 1HN",10,375561,407323,"E92000001","E19000001","E18000002","","E08000001","E05000664"
"BL3 1HP",10,375523,407377,"E92000001","E19000001","E18000002","","E08000001","E05000664"
"BL3 1HQ",10,375606,407199,"E92000001","E19000001","E18000002","","E08000001","E05000664"
"BL3 1HR",10,375551,407397,"E92000001","E19000001","E18000002","","E08000001","E05000664"
"BL3 1HS",10,375512,407458,"E92000001","E19000001","E18000002","","E08000001","E05000664"
"BL3 1HT",10,375566,407452,"E92000001","E19000001","E18000002","","E08000001","E05000664"
"BL3 1HW",10,375558,407229,"E92000001","E19000001","E18000002","","E08000001","E05000664"
"BL3 1HX",10,375607,407390,"E92000001","E19000001","E18000002","","E08000001","E05000664"
"BL3 1HY",10,375599,407521,"E92000001","E19000001","E18000002","","E08000001","E05000664"
"BL3 1HZ",10,375660,407410,"E92000001","E19000001","E18000002","","E08000001","E05000664"
"BL3 1JA",10,375708,407366,"E92000001","E19000001","E18000002","","E08000001","E05000664"
"BL3 1JB",10,375732,407558,"E92000001","E19000001","E18000002","","E08000001","E05000664"
"BL3 1JD",10,375676,406841,"E92000001","E19000001","E18000002","","E08000001","E05000664"
"BL3 1JE",10,375644,407168,"E92000001","E19000001","E18000002","","E08000001","E05000664"
"BL3 1JF",10,375547,407086,"E92000001","E19000001","E18000002","","E08000001","E05000664"
"BL3 1JG",10,375622,407034,"E92000001","E19000001","E18000002","","E08000001","E05000664"
"BL3 1JH",10,375647,407304,"E92000001","E19000001","E18000002","","E08000001","E05000664"
"BL3 1JJ",10,375626,407150,"E92000001","E19000001","E18000002","","E08000001","E05000664"
"BL3 1JL",10,375754,406967,"E92000001","E19000001","E18000002","","E08000001","E05000664"
"BL3 1JN",10,375692,406694,"E92000001","E19000001","E18000002","","E08000001","E05000664"
"BL3 1JP",10,375675,406773,"E92000001","E19000001","E18000002","","E08000001","E05000664"
"BL3 1JQ",10,375628,406838,"E92000001","E19000001","E18000002","","E08000001","E05000664"
"BL3 1JR",10,375853,406872,"E92000001","E19000001","E18000002","","E08000001","E05000664"
"BL3 1JS",10,375868,407023,"E92000001","E19000001","E18000002","","E08000001","E05000664"
"BL3 1JT",10,375828,406941,"E92000001","E19000001","E18000002","","E08000001","E05000664"
"BL3 1JU",10,375836,407133,"E92000001","E19000001","E18000002","","E08000001","E05000664"
"BL3 1JW",10,375739,406824,"E92000001","E19000001","E18000002","","E08000001","E05000664"
"BL3 1JX",10,375649,407318,"E92000001","E19000001","E18000002","","E08000001","E05000664"
"BL3 1JY",10,375985,407063,"E92000001","E19000001","E18000002","","E08000001","E05000664"
"BL3 1JZ",10,376096,406954,"E92000001","E19000001","E18000002","","E08000001","E05000664"
"BL3 1LA",10,376252,406873,"E92000001","E19000001","E18000002","","E08000001","E05000664"
"BL3 1LB",10,376296,406779,"E92000001","E19000001","E18000002","","E08000001","E05000664"
"BL3 1LD",10,376149,407010,"E92000001","E19000001","E18000002","","E08000001","E05000664"
"BL3 1LE",10,376020,407113,"E92000001","E19000001","E18000002","","E08000001","E05000664"
"BL3 1LF",10,376059,407149,"E92000001","E19000001","E18000002","","E08000001","E05000664"
"BL3 1LG",10,375905,406824,"E92000001","E19000001","E18000002","","E08000001","E05000664"
"BL3 1LH",10,375308,407480,"E92000001","E19000001","E18000002","","E08000001","E05000664"
"BL3 1LL",10,375999,407182,"E92000001","E19000001","E18000002","","E08000001","E05000664"
"BL3 1LP",10,375647,407272,"E92000001","E19000001","E18000002","","E08000001","E05000664"
"BL3 1LQ",10,375775,407354,"E92000001","E19000001","E18000002","","E08000001","E05000664"
"BL3 1LR",10,375665,407223,"E92000001","E19000001","E18000002","","E08000001","E05000664"
"BL3 1LS",10,375657,407164,"E92000001","E19000001","E18000002","","E08000001","E05000664"
"BL3 1LT",10,375715,407192,"E92000001","E19000001","E18000002","","E08000001","E05000664"
"BL3 1LU",10,375667,407145,"E92000001","E19000001","E18000002","","E08000001","E05000664"
"BL3 1LW",10,375707,407091,"E92000001","E19000001","E18000002","","E08000001","E05000664"
"BL3 1LX",10,375717,407257,"E92000001","E19000001","E18000002","","E08000001","E05000664"
"BL3 1LY",10,375804,407554,"E92000001","E19000001","E18000002","","E08000001","E05000664"
"BL3 1LZ",10,375785,407484,"E92000001","E19000001","E18000002","","E08000001","E05000664"
"BL3 1NA",10,375898,407256,"E92000001","E19000001","E18000002","","E08000001","E05000664"
"BL3 1NB",10,375955,407222,"E92000001","E19000001","E18000002","","E08000001","E05000664"
"BL3 1ND",10,375899,407277,"E92000001","E19000001","E18000002","","E08000001","E05000664"
"BL3 1NF",10,375881,407170,"E92000001","E19000001","E18000002","","E08000001","E05000664"
"BL3 1NG",10,375895,407606,"E92000001","E19000001","E18000002","","E08000001","E05000664"
"BL3 1NH",10,375874,407371,"E92000001","E19000001","E18000002","","E08000001","E05000664"
"BL3 1NJ",10,375918,407371,"E92000001","E19000001","E18000002","","E08000001","E05000664"
"BL3 1NL",10,376007,407328,"E92000001","E19000001","E18000002","","E08000001","E05000664"
"BL3 1NN",10,376246,407385,"E92000001","E19000001","E18000002","","E08000001","E05000664"
"BL3 1NP",10,376445,407453,"E92000001","E19000001","E18000002","","E08000002","E05000680"
"BL3 1NQ",10,375952,407386,"E92000001","E19000001","E18000002","","E08000001","E05000664"
"BL3 1NR",10,376321,407599,"E92000001","E19000001","E18000002","","E08000001","E05000664"
"BL3 1NS",10,376268,407265,"E92000001","E19000001","E18000002","","E08000001","E05000664"
"BL3 1NT",10,376168,407288,"E92000001","E19000001","E18000002","","E08000001","E05000664"
"BL3 1NU",10,376178,407272,"E92000001","E19000001","E18000002","","E08000001","E05000664"
"BL3 1NW",10,376235,407430,"E92000001","E19000001","E18000002","","E08000001","E05000664"
"BL3 1NX",10,376142,407111,"E92000001","E19000001","E18000002","","E08000001","E05000664"
"BL3 1NY",10,376271,407068,"E92000001","E19000001","E18000002","","E08000001","E05000664"
"BL3 1NZ",10,376318,407023,"E92000001","E19000001","E18000002","","E08000001","E05000664"
"BL3 1PA",10,376317,407124,"E92000001","E19000001","E18000002","","E08000001","E05000664"
"BL3 1PB",10,376365,407158,"E92000001","E19000001","E18000002","","E08000001","E05000664"
"BL3 1PD",10,376391,407224,"E92000001","E19000001","E18000002","","E08000001","E05000664"
"BL3 1PE",10,376354,407283,"E92000001","E19000001","E18000002","","E08000001","E05000664"
"BL3 1PF",10,376456,407001,"E92000001","E19000001","E18000002","","E08000001","E05000664"
"BL3 1PG",10,376456,407346,"E92000001","E19000001","E18000002","","E08000001","E05000664"
"BL3 1PH",10,376391,407331,"E92000001","E19000001","E18000002","","E08000001","E05000664"
"BL3 1PJ",10,376421,407091,"E92000001","E19000001","E18000002","","E08000001","E05000664"
"BL3 1PL",10,376257,407461,"E92000001","E19000001","E18000002","","E08000001","E05000664"
"BL3 1PN",10,376178,407132,"E92000001","E19000001","E18000002","","E08000001","E05000664"
"BL3 1PP",10,376077,407253,"E92000001","E19000001","E18000002","","E08000001","E05000664"
"BL3 1PQ",10,376413,407019,"E92000001","E19000001","E18000002","","E08000001","E05000664"
"BL3 1PR",10,376059,407119,"E92000001","E19000001","E18000002","","E08000001","E05000664"
"BL3 1PS",10,375747,408120,"E92000001","E19000001","E18000002","","E08000001","E05000664"
"BL3 1PU",10,375572,408103,"E92000001","E19000001","E18000002","","E08000001","E05000664"
"BL3 1PW",10,376176,407193,"E92000001","E19000001","E18000002","","E08000001","E05000664"
"BL3 1PX",10,375457,408248,"E92000001","E19000001","E18000002","","E08000001","E05000664"
"BL3 1PY",10,375480,408220,"E92000001","E19000001","E18000002","","E08000001","E05000664"
"BL3 1PZ",10,375507,408166,"E92000001","E19000001","E18000002","","E08000001","E05000664"
"BL3 1QA",10,375346,408146,"E92000001","E19000001","E18000002","","E08000001","E05000664"
"BL3 1QB",10,375286,407753,"E92000001","E19000001","E18000002","","E08000001","E05000664"
"BL3 1QD",10,375197,407802,"E92000001","E19000001","E18000002","","E08000001","E05000664"
"BL3 1QE",10,375538,408117,"E92000001","E19000001","E18000002","","E08000001","E05000664"
"BL3 1QF",10,375504,408130,"E92000001","E19000001","E18000002","","E08000001","E05000664"
"BL3 1QG",10,375432,407895,"E92000001","E19000001","E18000002","","E08000001","E05000664"
"BL3 1QH",10,375259,407954,"E92000001","E19000001","E18000002","","E08000001","E05000664"
"BL3 1QJ",10,375345,407963,"E92000001","E19000001","E18000002","","E08000001","E05000664"
"BL3 1QL",10,375379,407943,"E92000001","E19000001","E18000002","","E08000001","E05000664"
"BL3 1QN",10,375300,407995,"E92000001","E19000001","E18000002","","E08000001","E05000664"
"BL3 1QP",10,375224,408090,"E92000001","E19000001","E18000002","","E08000001","E05000664"
"BL3 1QR",10,375192,407943,"E92000001","E19000001","E18000002","","E08000001","E05000664"
"BL3 1QS",10,375288,407702,"E92000001","E19000001","E18000002","","E08000001","E05000664"
"BL3 1QU",10,375311,407639,"E92000001","E19000001","E18000002","","E08000001","E05000664"
"BL3 1QW",10,375282,407912,"E92000001","E19000001","E18000002","","E08000001","E05000664"
"BL3 1QX",10,375357,407692,"E92000001","E19000001","E18000002","","E08000001","E05000664"
"BL3 1QY",10,375426,407663,"E92000001","E19000001","E18000002","","E08000001","E05000664"
"BL3 1QZ",10,375499,407731,"E92000001","E19000001","E18000002","","E08000001","E05000664"
"BL3 1RA",10,375544,407684,"E92000001","E19000001","E18000002","","E08000001","E05000664"
"BL3 1RB",10,375591,407683,"E92000001","E19000001","E18000002","","E08000001","E05000664"
"BL3 1RD",10,375686,407646,"E92000001","E19000001","E18000002","","E08000001","E05000664"
"BL3 1RE",10,375480,407756,"E92000001","E19000001","E18000002","","E08000001","E05000664"
"BL3 1RF",10,375727,407701,"E92000001","E19000001","E18000002","","E08000001","E05000664"
"BL3 1RG",10,375488,407505,"E92000001","E19000001","E18000002","","E08000001","E05000664"
"BL3 1RH",10,375629,407588,"E92000001","E19000001","E18000002","","E08000001","E05000664"
"BL3 1RJ",10,373653,408267,"E92000001","E19000001","E18000002","","E08000001","E05000664"
"BL3 1RL",10,373716,408264,"E92000001","E19000001","E18000002","","E08000001","E05000664"
"BL3 1RN",10,373518,408263,"E92000001","E19000001","E18000002","","E08000001","E05000664"
"BL3 1RP",10,373290,407905,"E92000001","E19000001","E18000002","","E08000001","E05000656"
"BL3 1RR",10,373387,408062,"E92000001","E19000001","E18000002","","E08000001","E05000664"
"BL3 1RS",10,373421,408082,"E92000001","E19000001","E18000002","","E08000001","E05000664"
"BL3 1RU",10,373415,408121,"E92000001","E19000001","E18000002","","E08000001","E05000664"
"BL3 1RW",10,373574,408189,"E92000001","E19000001","E18000002","","E08000001","E05000664"
"BL3 1RX",10,373391,408143,"E92000001","E19000001","E18000002","","E08000001","E05000664"
"BL3 1RY",10,373459,408141,"E92000001","E19000001","E18000002","","E08000001","E05000664"
"BL3 1RZ",10,373484,408152,"E92000001","E19000001","E18000002","","E08000001","E05000664"
"BL3 1SA",10,373511,408126,"E92000001","E19000001","E18000002","","E08000001","E05000664"
"BL3 1SB",10,373514,408066,"E92000001","E19000001","E18000002","","E08000001","E05000664"
"BL3 1SD",10,373446,407965,"E92000001","E19000001","E18000002","","E08000001","E05000664"
"BL3 1SF",10,373794,408241,"E92000001","E19000001","E18000002","","E08000001","E05000664"
"BL3 1SG",10,373797,408173,"E92000001","E19000001","E18000002","","E08000001","E05000664"
"BL3 1SH",10,374060,408313,"E92000001","E19000001","E18000002","","E08000001","E05000664"
"BL3 1SJ",10,373418,408034,"E92000001","E19000001","E18000002","","E08000001","E05000664"
"BL3 1SL",10,373669,408121,"E92000001","E19000001","E18000002","","E08000001","E05000664"
"BL3 1SN",10,373860,408160,"E92000001","E19000001","E18000002","","E08000001","E05000664"
"BL3 1SQ",10,373815,408233,"E92000001","E19000001","E18000002","","E08000001","E05000664"
"BL3 1SR",10,373827,408170,"E92000001","E19000001","E18000002","","E08000001","E05000664"
"BL3 1SS",10,373772,408257,"E92000001","E19000001","E18000002","","E08000001","E05000664"
"BL3 1ST",10,373985,408193,"E92000001","E19000001","E18000002","","E08000001","E05000664"
"BL3 1SU",10,373769,408130,"E92000001","E19000001","E18000002","","E08000001","E05000664"
"BL3 1SW",10,373896,408158,"E92000001","E19000001","E18000002","","E08000001","E05000664"
"BL3 1SX",10,373947,408316,"E92000001","E19000001","E18000002","","E08000001","E05000664"
"BL3 1SY",10,373914,408285,"E92000001","E19000001","E18000002","","E08000001","E05000664"
"BL3 1SZ",10,373495,408233,"E92000001","E19000001","E18000002","","E08000001","E05000664"
"BL3 1TA",10,375471,406792,"E92000001","E19000001","E18000002","","E08000001","E05000664"
"BL3 1TB",10,375331,406767,"E92000001","E19000001","E18000002","","E08000001","E05000664"
"BL3 1TD",10,375207,406671,"E92000001","E19000001","E18000002","","E08000001","E05000664"
"BL3 1TE",10,375230,406724,"E92000001","E19000001","E18000002","","E08000001","E05000664"
"BL3 1TF",10,375108,406677,"E92000001","E19000001","E18000002","","E08000001","E05000664"
"BL3 1TG",10,375452,406710,"E92000001","E19000001","E18000002","","E08000001","E05000664"
"BL3 1TH",10,375592,406825,"E92000001","E19000001","E18000002","","E08000001","E05000664"
"BL3 1TJ",10,375490,406689,"E92000001","E19000001","E18000002","","E08000001","E05000664"
"BL3 1TL",10,375607,406666,"E92000001","E19000001","E18000002","","E08000001","E05000664"
"BL3 1TP",10,375594,406721,"E92000001","E19000001","E18000002","","E08000001","E05000664"
"BL3 1TQ",10,375263,406618,"E92000001","E19000001","E18000002","","E08000001","E05000664"
"BL3 1TR",10,375582,406749,"E92000001","E19000001","E18000002","","E08000001","E05000664"
"BL3 1UA",10,374242,408299,"E92000001","E19000001","E18000002","","E08000001","E05000664"
"BL3 1UB",10,374785,407532,"E92000001","E19000001","E18000002","","E08000001","E05000664"
"BL3 1UD",10,374905,407438,"E92000001","E19000001","E18000002","","E08000001","E05000664"
"BL3 1UE",10,374896,407517,"E92000001","E19000001","E18000002","","E08000001","E05000664"
"BL3 1UF",10,374773,407603,"E92000001","E19000001","E18000002","","E08000001","E05000664"
"BL3 1UG",10,374754,407449,"E92000001","E19000001","E18000002","","E08000001","E05000664"
"BL3 1UJ",10,374197,408341,"E92000001","E19000001","E18000002","","E08000001","E05000664"
"BL3 1UQ",10,374802,407385,"E92000001","E19000001","E18000002","","E08000001","E05000664"
"BL3 1XA",10,375796,407755,"E92000001","E19000001","E18000002","","E08000001","E05000664"
"BL3 1XB",10,375737,407765,"E92000001","E19000001","E18000002","","E08000001","E05000664"
"BL3 1XD",10,375682,407785,"E92000001","E19000001","E18000002","","E08000001","E05000664"
"BL3 1XE",10,375755,407897,"E92000001","E19000001","E18000002","","E08000001","E05000664"
"BL3 1XF",10,375634,407942,"E92000001","E19000001","E18000002","","E08000001","E05000664"
"BL3 1XG",10,375694,407889,"E92000001","E19000001","E18000002","","E08000001","E05000664"
"BL3 1XH",10,375583,407978,"E92000001","E19000001","E18000002","","E08000001","E05000664"
"BL3 1XJ",10,375662,408079,"E92000001","E19000001","E18000002","","E08000001","E05000664"
"BL3 1XL",10,375723,407883,"E92000001","E19000001","E18000002","","E08000001","E05000664"
"BL3 1XN",10,375801,407948,"E92000001","E19000001","E18000002","","E08000001","E05000664"
"BL3 1XQ",10,375511,407854,"E92000001","E19000001","E18000002","","E08000001","E05000664"
"BL3 2AB",10,371993,408165,"E92000001","E19000001","E18000002","","E08000001","E05000656"
"BL3 2AD",10,372083,408215,"E92000001","E19000001","E18000002","","E08000001","E05000656"
"BL3 2AF",10,372049,407915,"E92000001","E19000001","E18000002","","E08000001","E05000656"
"BL3 2AG",10,372073,407930,"E92000001","E19000001","E18000002","","E08000001","E05000656"
"BL3 2AH",10,372188,407913,"E92000001","E19000001","E18000002","","E08000001","E05000656"
"BL3 2AN",10,372154,407853,"E92000001","E19000001","E18000002","","E08000001","E05000656"
"BL3 2AP",10,372054,408172,"E92000001","E19000001","E18000002","","E08000001","E05000656"
"BL3 2AQ",10,372125,407941,"E92000001","E19000001","E18000002","","E08000001","E05000656"
"BL3 2AS",10,372053,407652,"E92000001","E19000001","E18000002","","E08000001","E05000656"
"BL3 2AU",10,372039,407675,"E92000001","E19000001","E18000002","","E08000001","E05000656"
"BL3 2AW",10,372041,407702,"E92000001","E19000001","E18000002","","E08000001","E05000656"
"BL3 2AX",10,372076,407639,"E92000001","E19000001","E18000002","","E08000001","E05000656"
"BL3 2AY",10,372048,407593,"E92000001","E19000001","E18000002","","E08000001","E05000656"
"BL3 2AZ",10,372055,407575,"E92000001","E19000001","E18000002","","E08000001","E05000656"
"BL3 2BA",10,372135,407502,"E92000001","E19000001","E18000002","","E08000001","E05000656"
"BL3 2BB",10,372055,407528,"E92000001","E19000001","E18000002","","E08000001","E05000656"
"BL3 2BD",10,371774,407452,"E92000001","E19000001","E18000002","","E08000001","E05000656"
"BL3 2BE",10,372044,407447,"E92000001","E19000001","E18000002","","E08000001","E05000656"
"BL3 2BF",10,372928,407248,"E92000001","E19000001","E18000002","","E08000001","E05000656"
"BL3 2BG",10,372146,407449,"E92000001","E19000001","E18000002","","E08000001","E05000656"
"BL3 2BH",10,371789,407399,"E92000001","E19000001","E18000002","","E08000001","E05000656"
"BL3 2BJ",10,371816,407379,"E92000001","E19000001","E18000002","","E08000001","E05000656"
"BL3 2BL",10,371756,407278,"E92000001","E19000001","E18000002","","E08000001","E05000656"
"BL3 2BN",10,371747,407440,"E92000001","E19000001","E18000002","","E08000001","E05000656"
"BL3 2BP",10,371726,407297,"E92000001","E19000001","E18000002","","E08000001","E05000656"
"BL3 2BQ",10,371874,407461,"E92000001","E19000001","E18000002","","E08000001","E05000656"
"BL3 2BR",10,371730,407259,"E92000001","E19000001","E18000002","","E08000001","E05000656"
"BL3 2BS",10,371783,407550,"E92000001","E19000001","E18000002","","E08000001","E05000656"
"BL3 2BT",10,371930,406835,"E92000001","E19000001","E18000002","","E08000001","E05000658"
"BL3 2BU",10,371730,407504,"E92000001","E19000001","E18000002","","E08000001","E05000656"
"BL3 2BX",10,371699,407383,"E92000001","E19000001","E18000002","","E08000001","E05000656"
"BL3 2BZ",10,372114,407793,"E92000001","E19000001","E18000002","","E08000001","E05000656"
"BL3 2DA",10,371646,407289,"E92000001","E19000001","E18000002","","E08000001","E05000656"
"BL3 2DB",10,371607,407340,"E92000001","E19000001","E18000002","","E08000001","E05000656"
"BL3 2DD",10,371645,407316,"E92000001","E19000001","E18000002","","E08000001","E05000656"
"BL3 2DE",10,371637,407382,"E92000001","E19000001","E18000002","","E08000001","E05000656"
"BL3 2DF",10,371637,407426,"E92000001","E19000001","E18000002","","E08000001","E05000656"
"BL3 2DG",10,371645,407476,"E92000001","E19000001","E18000002","","E08000001","E05000656"
"BL3 2DJ",10,371847,407273,"E92000001","E19000001","E18000002","","E08000001","E05000656"
"BL3 2DN",10,371819,407264,"E92000001","E19000001","E18000002","","E08000001","E05000656"
"BL3 2DP",10,372146,407425,"E92000001","E19000001","E18000002","","E08000001","E05000656"
"BL3 2DQ",10,371627,407528,"E92000001","E19000001","E18000002","","E08000001","E05000656"
"BL3 2DR",10,372153,407297,"E92000001","E19000001","E18000002","","E08000001","E05000656"
"BL3 2DS",10,372146,407261,"E92000001","E19000001","E18000002","","E08000001","E05000656"
"BL3 2DT",10,372064,407233,"E92000001","E19000001","E18000002","","E08000001","E05000656"
"BL3 2DU",10,372143,407205,"E92000001","E19000001","E18000002","","E08000001","E05000656"
"BL3 2DW",10,372187,407885,"E92000001","E19000001","E18000002","","E08000001","E05000656"
"BL3 2DX",10,372129,407112,"E92000001","E19000001","E18000002","","E08000001","E05000656"
"BL3 2DY",10,371991,407221,"E92000001","E19000001","E18000002","","E08000001","E05000656"
"BL3 2DZ",10,372003,407254,"E92000001","E19000001","E18000002","","E08000001","E05000656"
"BL3 2EA",10,372032,407144,"E92000001","E19000001","E18000002","","E08000001","E05000656"
"BL3 2EB",10,371944,407265,"E92000001","E19000001","E18000002","","E08000001","E05000656"
"BL3 2ED",10,371815,407203,"E92000001","E19000001","E18000002","","E08000001","E05000656"
"BL3 2EE",10,371930,407124,"E92000001","E19000001","E18000002","","E08000001","E05000656"
"BL3 2EF",10,371880,407081,"E92000001","E19000001","E18000002","","E08000001","E05000658"
"BL3 2EG",10,371937,406966,"E92000001","E19000001","E18000002","","E08000001","E05000658"
"BL3 2EH",10,371692,407201,"E92000001","E19000001","E18000002","","E08000001","E05000656"
"BL3 2EJ",10,371834,406913,"E92000001","E19000001","E18000002","","E08000001","E05000658"
"BL3 2EL",10,371857,406881,"E92000001","E19000001","E18000002","","E08000001","E05000658"
"BL3 2EN",10,371723,407050,"E92000001","E19000001","E18000002","","E08000001","E05000658"
"BL3 2EP",10,372124,406685,"E92000001","E19000001","E18000002","","E08000001","E05000658"
"BL3 2EQ",10,371854,407060,"E92000001","E19000001","E18000002","","E08000001","E05000658"
"BL3 2ER",10,372148,407084,"E92000001","E19000001","E18000002","","E08000001","E05000656"
"BL3 2ES",10,372123,406968,"E92000001","E19000001","E18000002","","E08000001","E05000658"
"BL3 2ET",10,372068,406896,"E92000001","E19000001","E18000002","","E08000001","E05000658"
"BL3 2EW",10,371827,407010,"E92000001","E19000001","E18000002","","E08000001","E05000658"
"BL3 2EZ",10,371988,407153,"E92000001","E19000001","E18000002","","E08000001","E05000656"
"BL3 2GQ",10,372382,407380,"E92000001","E19000001","E18000002","","E08000001","E05000656"
"BL3 2GR",10,372447,407400,"E92000001","E19000001","E18000002","","E08000001","E05000656"
"BL3 2HB",10,372328,407551,"E92000001","E19000001","E18000002","","E08000001","E05000656"
"BL3 2HD",10,372320,407398,"E92000001","E19000001","E18000002","","E08000001","E05000656"
"BL3 2HE",10,372264,407407,"E92000001","E19000001","E18000002","","E08000001","E05000656"
"BL3 2HF",10,372223,407491,"E92000001","E19000001","E18000002","","E08000001","E05000656"
"BL3 2HG",10,372326,407532,"E92000001","E19000001","E18000002","","E08000001","E05000656"
"BL3 2HH",10,372320,407349,"E92000001","E19000001","E18000002","","E08000001","E05000656"
"BL3 2HJ",10,372450,407330,"E92000001","E19000001","E18000002","","E08000001","E05000656"
"BL3 2HL",10,372451,407360,"E92000001","E19000001","E18000002","","E08000001","E05000656"
"BL3 2HN",10,372459,407307,"E92000001","E19000001","E18000002","","E08000001","E05000656"
"BL3 2HP",10,372410,407171,"E92000001","E19000001","E18000002","","E08000001","E05000656"
"BL3 2HQ",10,372352,407499,"E92000001","E19000001","E18000002","","E08000001","E05000656"
"BL3 2HR",10,372213,407296,"E92000001","E19000001","E18000002","","E08000001","E05000656"
"BL3 2HS",10,372192,407132,"E92000001","E19000001","E18000002","","E08000001","E05000656"
"BL3 2HT",10,372150,406761,"E92000001","E19000001","E18000002","","E08000001","E05000658"
"BL3 2HU",10,372198,406837,"E92000001","E19000001","E18000002","","E08000001","E05000656"
"BL3 2HW",10,372318,407299,"E92000001","E19000001","E18000002","","E08000001","E05000656"
"BL3 2HX",10,372341,406987,"E92000001","E19000001","E18000002","","E08000001","E05000656"
"BL3 2HY",10,372337,406955,"E92000001","E19000001","E18000002","","E08000001","E05000656"
"BL3 2HZ",10,372291,406908,"E92000001","E19000001","E18000002","","E08000001","E05000656"
"BL3 2JA",10,372267,406775,"E92000001","E19000001","E18000002","","E08000001","E05000658"
"BL3 2JB",10,372475,406893,"E92000001","E19000001","E18000002","","E08000001","E05000656"
"BL3 2JD",10,372370,407056,"E92000001","E19000001","E18000002","","E08000001","E05000656"
"BL3 2JE",10,372336,406888,"E92000001","E19000001","E18000002","","E08000001","E05000656"
"BL3 2JF",10,372435,406847,"E92000001","E19000001","E18000002","","E08000001","E05000656"
"BL3 2JG",10,372263,407225,"E92000001","E19000001","E18000002","","E08000001","E05000656"
"BL3 2JH",10,372315,407218,"E92000001","E19000001","E18000002","","E08000001","E05000656"
"BL3 2JJ",10,371880,408013,"E92000001","E19000001","E18000002","","E08000001","E05000656"
"BL3 2JN",10,372451,407585,"E92000001","E19000001","E18000002","","E08000001","E05000656"
"BL3 2JP",10,372326,407731,"E92000001","E19000001","E18000002","","E08000001","E05000656"
"BL3 2JR",10,372334,407587,"E92000001","E19000001","E18000002","","E08000001","E05000656"
"BL3 2JS",10,372420,407510,"E92000001","E19000001","E18000002","","E08000001","E05000656"
"BL3 2JU",10,372525,407335,"E92000001","E19000001","E18000002","","E08000001","E05000656"
"BL3 2JW",10,372104,408033,"E92000001","E19000001","E18000002","","E08000001","E05000656"
"BL3 2JX",10,372571,407118,"E92000001","E19000001","E18000002","","E08000001","E05000656"
"BL3 2JY",10,372469,407255,"E92000001","E19000001","E18000002","","E08000001","E05000656"
"BL3 2JZ",10,372312,407277,"E92000001","E19000001","E18000002","","E08000001","E05000656"
"BL3 2LA",10,372469,407134,"E92000001","E19000001","E18000002","","E08000001","E05000656"
"BL3 2LB",10,372527,407151,"E92000001","E19000001","E18000002","","E08000001","E05000656"
"BL3 2LD",10,372507,407067,"E92000001","E19000001","E18000002","","E08000001","E05000656"
"BL3 2LE",10,372421,407015,"E92000001","E19000001","E18000002","","E08000001","E05000656"
"BL3 2LF",10,372666,406977,"E92000001","E19000001","E18000002","","E08000001","E05000656"
"BL3 2LH",10,372628,407057,"E92000001","E19000001","E18000002","","E08000001","E05000656"
"BL3 2LJ",10,372668,407110,"E92000001","E19000001","E18000002","","E08000001","E05000656"
"BL3 2LL",10,372649,407041,"E92000001","E19000001","E18000002","","E08000001","E05000656"
"BL3 2LN",10,372663,406863,"E92000001","E19000001","E18000002","","E08000001","E05000656"
"BL3 2LP",10,372766,406872,"E92000001","E19000001","E18000002","","E08000001","E05000656"
"BL3 2LQ",10,372287,407615,"E92000001","E19000001","E18000002","","E08000001","E05000656"
"BL3 2LR",10,372832,406871,"E92000001","E19000001","E18000002","","E08000001","E05000656"
"BL3 2LS",10,372859,406926,"E92000001","E19000001","E18000002","","E08000001","E05000656"
"BL3 2LT",10,372917,406980,"E92000001","E19000001","E18000002","","E08000001","E05000656"
"BL3 2LU",10,372782,407015,"E92000001","E19000001","E18000002","","E08000001","E05000656"
"BL3 2LW",10,372689,406823,"E92000001","E19000001","E18000002","","E08000001","E05000656"
"BL3 2LX",10,372814,406974,"E92000001","E19000001","E18000002","","E08000001","E05000656"
"BL3 2LY",10,372869,407055,"E92000001","E19000001","E18000002","","E08000001","E05000656"
"BL3 2LZ",10,372690,407170,"E92000001","E19000001","E18000002","","E08000001","E05000656"
"BL3 2NA",10,372769,407144,"E92000001","E19000001","E18000002","","E08000001","E05000656"
"BL3 2NB",10,372734,407909,"E92000001","E19000001","E18000002","","E08000001","E05000656"
"BL3 2ND",10,372798,407651,"E92000001","E19000001","E18000002","","E08000001","E05000656"
"BL3 2NE",10,372577,408128,"E92000001","E19000001","E18000002","","E08000001","E05000656"
"BL3 2NF",10,372774,407198,"E92000001","E19000001","E18000002","","E08000001","E05000656"
"BL3 2NG",10,372752,407741,"E92000001","E19000001","E18000002","","E08000001","E05000656"
"BL3 2NH",10,373026,407736,"E92000001","E19000001","E18000002","","E08000001","E05000656"
"BL3 2NL",10,372810,407207,"E92000001","E19000001","E18000002","","E08000001","E05000656"
"BL3 2NP",10,373004,407860,"E92000001","E19000001","E18000002","","E08000001","E05000656"
"BL3 2NQ",10,372690,407512,"E92000001","E19000001","E18000002","","E08000001","E05000656"
"BL3 2NR",10,373411,406885,"E92000001","E19000001","E18000002","","E08000001","E05000655"
"BL3 2NT",10,372565,407607,"E92000001","E19000001","E18000002","","E08000001","E05000656"
"BL3 2NU",10,372691,407573,"E92000001","E19000001","E18000002","","E08000001","E05000656"
"BL3 2NY",10,372822,407564,"E92000001","E19000001","E18000002","","E08000001","E05000656"
"BL3 2NZ",10,372931,407474,"E92000001","E19000001","E18000002","","E08000001","E05000656"
"BL3 2PA",10,373447,406768,"E92000001","E19000001","E18000002","","E08000001","E05000655"
"BL3 2PB",10,373407,406805,"E92000001","E19000001","E18000002","","E08000001","E05000655"
"BL3 2PD",10,373201,406984,"E92000001","E19000001","E18000002","","E08000001","E05000655"
"BL3 2PE",10,372712,407457,"E92000001","E19000001","E18000002","","E08000001","E05000656"
"BL3 2PF",10,372732,407430,"E92000001","E19000001","E18000002","","E08000001","E05000656"
"BL3 2PG",10,372893,407278,"E92000001","E19000001","E18000002","","E08000001","E05000656"
"BL3 2PH",10,373014,407250,"E92000001","E19000001","E18000002","","E08000001","E05000656"
"BL3 2PJ",10,373162,407153,"E92000001","E19000001","E18000002","","E08000001","E05000656"
"BL3 2PL",10,372997,407204,"E92000001","E19000001","E18000002","","E08000001","E05000656"
"BL3 2PN",10,373328,406936,"E92000001","E19000001","E18000002","","E08000001","E05000655"
"BL3 2PP",10,373584,407343,"E92000001","E19000001","E18000002","","E08000001","E05000655"
"BL3 2PQ",10,372936,407327,"E92000001","E19000001","E18000002","","E08000001","E05000656"
"BL3 2PR",10,373389,406948,"E92000001","E19000001","E18000002","","E08000001","E05000655"
"BL3 2PS",10,373329,406871,"E92000001","E19000001","E18000002","","E08000001","E05000655"
"BL3 2PT",10,373682,406895,"E92000001","E19000001","E18000002","","E08000001","E05000655"
"BL3 2PU",10,373726,406873,"E92000001","E19000001","E18000002","","E08000001","E05000655"
"BL3 2PW",10,373286,406966,"E92000001","E19000001","E18000002","","E08000001","E05000655"
"BL3 2PX",10,373797,406880,"E92000001","E19000001","E18000002","","E08000001","E05000655"
"BL3 2PZ",10,373750,406820,"E92000001","E19000001","E18000002","","E08000001","E05000655"
"BL3 2QA",10,373774,406776,"E92000001","E19000001","E18000002","","E08000001","E05000655"
"BL3 2QB",10,373583,406770,"E92000001","E19000001","E18000002","","E08000001","E05000655"
"BL3 2QE",10,373789,406745,"E92000001","E19000001","E18000002","","E08000001","E05000655"
"BL3 2QF",10,373609,406712,"E92000001","E19000001","E18000002","","E08000001","E05000655"
"BL3 2QG",10,373535,406779,"E92000001","E19000001","E18000002","","E08000001","E05000655"
"BL3 2QH",10,373481,406787,"E92000001","E19000001","E18000002","","E08000001","E05000655"
"BL3 2QJ",10,373537,407495,"E92000001","E19000001","E18000002","","E08000001","E05000655"
"BL3 2QP",10,372519,407953,"E92000001","E19000001","E18000002","","E08000001","E05000656"
"BL3 2QS",10,372444,407995,"E92000001","E19000001","E18000002","","E08000001","E05000656"
"BL3 2QT",10,372382,407996,"E92000001","E19000001","E18000002","","E08000001","E05000656"
"BL3 2QU",10,372381,407969,"E92000001","E19000001","E18000002","","E08000001","E05000656"
"BL3 2QX",10,372547,407998,"E92000001","E19000001","E18000002","","E08000001","E05000656"
"BL3 2QY",10,372584,408017,"E92000001","E19000001","E18000002","","E08000001","E05000656"
"BL3 2QZ",10,372623,408034,"E92000001","E19000001","E18000002","","E08000001","E05000656"
"BL3 2RA",10,372639,408043,"E92000001","E19000001","E18000002","","E08000001","E05000656"
"BL3 2RB",10,372789,408090,"E92000001","E19000001","E18000002","","E08000001","E05000656"
"BL3 2RG",10,372612,407733,"E92000001","E19000001","E18000002","","E08000001","E05000656"
"BL3 2RJ",10,372597,407872,"E92000001","E19000001","E18000002","","E08000001","E05000656"
"BL3 2RN",10,372559,407692,"E92000001","E19000001","E18000002","","E08000001","E05000656"
"BL3 2RP",10,372587,407730,"E92000001","E19000001","E18000002","","E08000001","E05000656"
"BL3 2RQ",10,372561,407810,"E92000001","E19000001","E18000002","","E08000001","E05000656"
"BL3 2RR",10,372412,407818,"E92000001","E19000001","E18000002","","E08000001","E05000656"
"BL3 2RS",10,372583,408201,"E92000001","E19000001","E18000002","","E08000001","E05000656"
"BL3 2RT",10,372535,407776,"E92000001","E19000001","E18000002","","E08000001","E05000656"
"BL3 2RU",10,372513,407809,"E92000001","E19000001","E18000002","","E08000001","E05000656"
"BL3 2RW",10,372229,407980,"E92000001","E19000001","E18000002","","E08000001","E05000656"
"BL3 2RX",10,372387,407904,"E92000001","E19000001","E18000002","","E08000001","E05000656"
"BL3 2RY",10,372503,407895,"E92000001","E19000001","E18000002","","E08000001","E05000656"
"BL3 2SA",10,372726,407747,"E92000001","E19000001","E18000002","","E08000001","E05000656"
"BL3 2SB",10,372052,407791,"E92000001","E19000001","E18000002","","E08000001","E05000656"
"BL3 2SD",10,372015,407536,"E92000001","E19000001","E18000002","","E08000001","E05000656"
"BL3 2SE",10,371921,407587,"E92000001","E19000001","E18000002","","E08000001","E05000656"
"BL3 2SF",10,371923,407523,"E92000001","E19000001","E18000002","","E08000001","E05000656"
"BL3 2SG",10,371944,407636,"E92000001","E19000001","E18000002","","E08000001","E05000656"
"BL3 2SH",10,372513,407684,"E92000001","E19000001","E18000002","","E08000001","E05000656"
"BL3 2SJ",10,372480,407736,"E92000001","E19000001","E18000002","","E08000001","E05000656"
"BL3 2SN",10,371753,407371,"E92000001","E19000001","E18000002","","E08000001","E05000656"
"BL3 2SQ",10,371964,407516,"E92000001","E19000001","E18000002","","E08000001","E05000656"
"BL3 2TA",10,371434,407442,"E92000001","E19000001","E18000002","","E08000001","E05000656"
"BL3 2TB",10,371350,407464,"E92000001","E19000001","E18000002","","E08000001","E05000656"
"BL3 2TD",10,371386,407480,"E92000001","E19000001","E18000002","","E08000001","E05000656"
"BL3 2TE",10,371398,407509,"E92000001","E19000001","E18000002","","E08000001","E05000656"
"BL3 2TF",10,371432,407513,"E92000001","E19000001","E18000002","","E08000001","E05000656"
"BL3 2TG",10,371466,407474,"E92000001","E19000001","E18000002","","E08000001","E05000656"
"BL3 2TQ",10,371402,407453,"E92000001","E19000001","E18000002","","E08000001","E05000656"
"BL3 2UA",10,371711,407607,"E92000001","E19000001","E18000002","","E08000001","E05000656"
"BL3 2UB",10,371616,407587,"E92000001","E19000001","E18000002","","E08000001","E05000656"
"BL3 2UD",10,371549,407539,"E92000001","E19000001","E18000002","","E08000001","E05000656"
"BL3 2UE",10,372011,407666,"E92000001","E19000001","E18000002","","E08000001","E05000656"
"BL3 3AA",10,370987,407661,"E92000001","E19000001","E18000002","","E08000001","E05000656"
"BL3 3AB",10,370955,407680,"E92000001","E19000001","E18000002","","E08000001","E05000656"
"BL3 3AD",10,370912,407678,"E92000001","E19000001","E18000002","","E08000001","E05000656"
"BL3 3AF",10,370924,407498,"E92000001","E19000001","E18000002","","E08000001","E05000656"
"BL3 3AG",10,370867,407598,"E92000001","E19000001","E18000002","","E08000001","E05000656"
"BL3 3AH",10,371673,406977,"E92000001","E19000001","E18000002","","E08000001","E05000658"
"BL3 3AJ",10,370868,407324,"E92000001","E19000001","E18000002","","E08000001","E05000658"
"BL3 3AL",10,370963,407167,"E92000001","E19000001","E18000002","","E08000001","E05000658"
"BL3 3AN",10,371068,407163,"E92000001","E19000001","E18000002","","E08000001","E05000656"
"BL3 3AP",10,371172,407220,"E92000001","E19000001","E18000002","","E08000001","E05000656"
"BL3 3AQ",10,370740,407548,"E92000001","E19000001","E18000002","","E08000001","E05000656"
"BL3 3AR",10,371011,407089,"E92000001","E19000001","E18000002","","E08000001","E05000658"
"BL3 3AS",10,370905,407144,"E92000001","E19000001","E18000002","","E08000001","E05000658"
"BL3 3AT",10,370871,407149,"E92000001","E19000001","E18000002","","E08000001","E05000658"
"BL3 3AU",10,370845,407070,"E92000001","E19000001","E18000002","","E08000001","E05000658"
"BL3 3AW",10,371092,407179,"E92000001","E19000001","E18000002","","E08000001","E05000656"
"BL3 3AX",10,370685,407023,"E92000001","E19000001","E18000002","","E08000001","E05000658"
"BL3 3AY",10,370776,406999,"E92000001","E19000001","E18000002","","E08000001","E05000658"
"BL3 3AZ",10,370647,407013,"E92000001","E19000001","E18000002","","E08000001","E05000658"
"BL3 3BA",10,370682,407078,"E92000001","E19000001","E18000002","","E08000001","E05000658"
"BL3 3BB",10,370502,407024,"E92000001","E19000001","E18000002","","E08000001","E05000658"
"BL3 3BD",10,370454,406937,"E92000001","E19000001","E18000002","","E08000001","E05000658"
"BL3 3BE",10,370605,407001,"E92000001","E19000001","E18000002","","E08000001","E05000658"
"BL3 3BG",10,370592,406939,"E92000001","E19000001","E18000002","","E08000001","E05000658"
"BL3 3BJ",10,370740,407548,"E92000001","E19000001","E18000002","","E08000001","E05000656"
"BL3 3BP",10,371648,407057,"E92000001","E19000001","E18000002","","E08000001","E05000658"
"BL3 3BQ",10,370784,406945,"E92000001","E19000001","E18000002","","E08000001","E05000658"
"BL3 3BR",10,371558,407263,"E92000001","E19000001","E18000002","","E08000001","E05000656"
"BL3 3BS",10,371468,407387,"E92000001","E19000001","E18000002","","E08000001","E05000656"
"BL3 3BT",10,371543,407243,"E92000001","E19000001","E18000002","","E08000001","E05000656"
"BL3 3BU",10,371616,407134,"E92000001","E19000001","E18000002","","E08000001","E05000656"
"BL3 3BW",10,371449,406915,"E92000001","E19000001","E18000002","","E08000001","E05000658"
"BL3 3BX",10,371595,407081,"E92000001","E19000001","E18000002","","E08000001","E05000658"
"BL3 3BY",10,371493,407046,"E92000001","E19000001","E18000002","","E08000001","E05000658"
"BL3 3DA",10,371488,406918,"E92000001","E19000001","E18000002","","E08000001","E05000658"
"BL3 3DB",10,371622,406832,"E92000001","E19000001","E18000002","","E08000001","E05000658"
"BL3 3DD",10,371710,406879,"E92000001","E19000001","E18000002","","E08000001","E05000658"
"BL3 3DE",10,371425,407196,"E92000001","E19000001","E18000002","","E08000001","E05000656"
"BL3 3DF",10,371481,407252,"E92000001","E19000001","E18000002","","E08000001","E05000656"
"BL3 3DG",10,371474,407276,"E92000001","E19000001","E18000002","","E08000001","E05000656"
"BL3 3DH",10,371481,407184,"E92000001","E19000001","E18000002","","E08000001","E05000656"
"BL3 3DJ",10,371471,407416,"E92000001","E19000001","E18000002","","E08000001","E05000656"
"BL3 3DN",10,371255,407396,"E92000001","E19000001","E18000002","","E08000001","E05000656"
"BL3 3DP",10,371122,407468,"E92000001","E19000001","E18000002","","E08000001","E05000656"
"BL3 3DQ",10,371461,407320,"E92000001","E19000001","E18000002","","E08000001","E05000656"
"BL3 3DR",10,371312,407347,"E92000001","E19000001","E18000002","","E08000001","E05000656"
"BL3 3DS",10,371280,407335,"E92000001","E19000001","E18000002","","E08000001","E05000656"
"BL3 3DT",10,371226,407268,"E92000001","E19000001","E18000002","","E08000001","E05000656"
"BL3 3DU",10,371225,407324,"E92000001","E19000001","E18000002","","E08000001","E05000656"
"BL3 3DW",10,371103,407384,"E92000001","E19000001","E18000002","","E08000001","E05000656"
"BL3 3DX",10,371008,407289,"E92000001","E19000001","E18000002","","E08000001","E05000656"
"BL3 3DY",10,371012,407208,"E92000001","E19000001","E18000002","","E08000001","E05000658"
"BL3 3DZ",10,370924,407330,"E92000001","E19000001","E18000002","","E08000001","E05000656"
"BL3 3EA",10,370991,407346,"E92000001","E19000001","E18000002","","E08000001","E05000656"
"BL3 3EB",10,370975,407403,"E92000001","E19000001","E18000002","","E08000001","E05000656"
"BL3 3ED",10,371272,407477,"E92000001","E19000001","E18000002","","E08000001","E05000656"
"BL3 3EE",10,371216,407510,"E92000001","E19000001","E18000002","","E08000001","E05000656"
"BL3 3EF",10,370813,407313,"E92000001","E19000001","E18000002","","E08000001","E05000658"
"BL3 3EG",10,370727,407295,"E92000001","E19000001","E18000002","","E08000001","E05000658"
"BL3 3EH",10,370620,407286,"E92000001","E19000001","E18000002","","E08000001","E05000658"
"BL3 3EJ",10,370633,407258,"E92000001","E19000001","E18000002","","E08000001","E05000658"
"BL3 3EL",10,371258,407086,"E92000001","E19000001","E18000002","","E08000001","E05000656"
"BL3 3EN",10,371245,407035,"E92000001","E19000001","E18000002","","E08000001","E05000658"
"BL3 3EP",10,370988,407018,"E92000001","E19000001","E18000002","","E08000001","E05000658"
"BL3 3EQ",10,370767,407323,"E92000001","E19000001","E18000002","","E08000001","E05000658"
"BL3 3ER",10,371256,407005,"E92000001","E19000001","E18000002","","E08000001","E05000658"
"BL3 3ES",10,371337,406854,"E92000001","E19000001","E18000002","","E08000001","E05000658"
"BL3 3ET",10,371260,406943,"E92000001","E19000001","E18000002","","E08000001","E05000658"
"BL3 3EU",10,371199,406888,"E92000001","E19000001","E18000002","","E08000001","E05000658"
"BL3 3EW",10,371274,407143,"E92000001","E19000001","E18000002","","E08000001","E05000656"
"BL3 3EX",10,371199,406837,"E92000001","E19000001","E18000002","","E08000001","E05000658"
"BL3 3EY",10,371313,406841,"E92000001","E19000001","E18000002","","E08000001","E05000658"
"BL3 3EZ",10,371217,406742,"E92000001","E19000001","E18000002","","E08000001","E05000658"
"BL3 3FB",10,371460,406790,"E92000001","E19000001","E18000002","","E08000001","E05000658"
"BL3 3FD",10,371381,406941,"E92000001","E19000001","E18000002","","E08000001","E05000658"
"BL3 3FE",10,371423,406882,"E92000001","E19000001","E18000002","","E08000001","E05000658"
"BL3 3FG",10,371369,406906,"E92000001","E19000001","E18000002","","E08000001","E05000658"
"BL3 3GA",10,370531,407428,"E92000001","E19000001","E18000002","","E08000001","E05000665"
"BL3 3GB",10,370509,407390,"E92000001","E19000001","E18000002","","E08000001","E05000665"
"BL3 3GJ",10,369068,406644,"E92000001","E19000001","E18000002","","E08000001","E05000662"
"BL3 3GW",10,370636,407345,"E92000001","E19000001","E18000002","","E08000001","E05000656"
"BL3 3GY",10,369815,406904,"E92000001","E19000001","E18000002","","E08000001","E05000662"
"BL3 3HA",10,371199,406773,"E92000001","E19000001","E18000002","","E08000001","E05000658"
"BL3 3HB",10,371114,406798,"E92000001","E19000001","E18000002","","E08000001","E05000658"
"BL3 3HD",10,371014,406747,"E92000001","E19000001","E18000002","","E08000001","E05000658"
"BL3 3HE",10,370711,406824,"E92000001","E19000001","E18000002","","E08000001","E05000658"
"BL3 3HF",10,370748,406723,"E92000001","E19000001","E18000002","","E08000001","E05000658"
"BL3 3HG",10,370797,406808,"E92000001","E19000001","E18000002","","E08000001","E05000658"
"BL3 3HH",10,370454,406669,"E92000001","E19000001","E18000002","","E08000001","E05000658"
"BL3 3HJ",10,370622,406828,"E92000001","E19000001","E18000002","","E08000001","E05000658"
"BL3 3HL",10,370767,406692,"E92000001","E19000001","E18000002","","E08000001","E05000658"
"BL3 3HN",10,370975,406805,"E92000001","E19000001","E18000002","","E08000001","E05000658"
"BL3 3HP",10,371068,406958,"E92000001","E19000001","E18000002","","E08000001","E05000658"
"BL3 3HQ",10,370837,406802,"E92000001","E19000001","E18000002","","E08000001","E05000658"
"BL3 3HR",10,370918,406892,"E92000001","E19000001","E18000002","","E08000001","E05000658"
"BL3 3HS",10,370849,406931,"E92000001","E19000001","E18000002","","E08000001","E05000658"
"BL3 3HT",10,370689,406900,"E92000001","E19000001","E18000002","","E08000001","E05000658"
"BL3 3HU",10,371507,407081,"E92000001","E19000001","E18000002","","E08000001","E05000658"
"BL3 3HW",10,370973,406923,"E92000001","E19000001","E18000002","","E08000001","E05000658"
"BL3 3HX",10,370463,407055,"E92000001","E19000001","E18000002","","E08000001","E05000658"
"BL3 3HY",10,370470,407026,"E92000001","E19000001","E18000002","","E08000001","E05000658"
"BL3 3HZ",10,370349,406773,"E92000001","E19000001","E18000002","","E08000001","E05000658"
"BL3 3JA",10,370465,407216,"E92000001","E19000001","E18000002","","E08000001","E05000662"
"BL3 3JB",10,370211,407207,"E92000001","E19000001","E18000002","","E08000001","E05000662"
"BL3 3JD",10,370119,407178,"E92000001","E19000001","E18000002","","E08000001","E05000662"
"BL3 3JE",10,370222,407043,"E92000001","E19000001","E18000002","","E08000001","E05000662"
"BL3 3JF",10,370279,407075,"E92000001","E19000001","E18000002","","E08000001","E05000662"
"BL3 3JG",10,370170,407162,"E92000001","E19000001","E18000002","","E08000001","E05000662"
"BL3 3JH",10,370141,407250,"E92000001","E19000001","E18000002","","E08000001","E05000662"
"BL3 3JL",10,370206,407122,"E92000001","E19000001","E18000002","","E08000001","E05000662"
"BL3 3JN",10,370410,407344,"E92000001","E19000001","E18000002","","E08000001","E05000665"
"BL3 3JP",10,370429,407152,"E92000001","E19000001","E18000002","","E08000001","E05000662"
"BL3 3JQ",10,370202,407133,"E92000001","E19000001","E18000002","","E08000001","E05000662"
"BL3 3JR",10,370526,407186,"E92000001","E19000001","E18000002","","E08000001","E05000658"
"BL3 3JS",10,370488,407128,"E92000001","E19000001","E18000002","","E08000001","E05000658"
"BL3 3JT",10,370316,407059,"E92000001","E19000001","E18000002","","E08000001","E05000662"
"BL3 3JU",10,370281,406939,"E92000001","E19000001","E18000002","","E08000001","E05000658"
"BL3 3JW",10,370409,407173,"E92000001","E19000001","E18000002","","E08000001","E05000662"
"BL3 3JX",10,370326,406963,"E92000001","E19000001","E18000002","","E08000001","E05000658"
"BL3 3JY",10,370338,406942,"E92000001","E19000001","E18000002","","E08000001","E05000658"
"BL3 3JZ",10,370377,406894,"E92000001","E19000001","E18000002","","E08000001","E05000658"
"BL3 3LA",10,370479,406884,"E92000001","E19000001","E18000002","","E08000001","E05000658"
"BL3 3LB",10,370287,406831,"E92000001","E19000001","E18000002","","E08000001","E05000662"
"BL3 3LD",10,370238,406873,"E92000001","E19000001","E18000002","","E08000001","E05000662"
"BL3 3LE",10,370249,406841,"E92000001","E19000001","E18000002","","E08000001","E05000662"
"BL3 3LF",10,370236,406796,"E92000001","E19000001","E18000002","","E08000001","E05000662"
"BL3 3LG",10,370195,406816,"E92000001","E19000001","E18000002","","E08000001","E05000662"
"BL3 3LJ",10,370187,407035,"E92000001","E19000001","E18000002","","E08000001","E05000662"
"BL3 3LL",10,370103,407046,"E92000001","E19000001","E18000002","","E08000001","E05000662"
"BL3 3LN",10,370084,407060,"E92000001","E19000001","E18000002","","E08000001","E05000662"
"BL3 3LP",10,369970,407055,"E92000001","E19000001","E18000002","","E08000001","E05000662"
"BL3 3LQ",10,370174,406865,"E92000001","E19000001","E18000002","","E08000001","E05000662"
"BL3 3LR",10,370031,407127,"E92000001","E19000001","E18000002","","E08000001","E05000662"
"BL3 3LS",10,370112,407133,"E92000001","E19000001","E18000002","","E08000001","E05000662"
"BL3 3LT",10,370021,407150,"E92000001","E19000001","E18000002","","E08000001","E05000662"
"BL3 3LU",10,369960,407086,"E92000001","E19000001","E18000002","","E08000001","E05000662"
"BL3 3LW",10,370026,407037,"E92000001","E19000001","E18000002","","E08000001","E05000662"
"BL3 3LX",10,370022,407195,"E92000001","E19000001","E18000002","","E08000001","E05000662"
"BL3 3LY",10,369978,407205,"E92000001","E19000001","E18000002","","E08000001","E05000662"
"BL3 3LZ",10,370261,407578,"E92000001","E19000001","E18000002","","E08000001","E05000665"
"BL3 3NA",10,370363,407249,"E92000001","E19000001","E18000002","","E08000001","E05000662"
"BL3 3NB",10,370431,407225,"E92000001","E19000001","E18000002","","E08000001","E05000662"
"BL3 3ND",10,370462,407285,"E92000001","E19000001","E18000002","","E08000001","E05000665"
"BL3 3NE",10,370363,406990,"E92000001","E19000001","E18000002","","E08000001","E05000658"
"BL3 3NF",10,370398,406986,"E92000001","E19000001","E18000002","","E08000001","E05000658"
"BL3 3NG",10,370425,406994,"E92000001","E19000001","E18000002","","E08000001","E05000658"
"BL3 3NH",10,370523,407776,"E92000001","E19000001","E18000002","","E08000001","E05000665"
"BL3 3NJ",10,370477,407737,"E92000001","E19000001","E18000002","","E08000001","E05000665"
"BL3 3NL",10,370528,407733,"E92000001","E19000001","E18000002","","E08000001","E05000665"
"BL3 3NN",10,370598,407714,"E92000001","E19000001","E18000002","","E08000001","E05000665"
"BL3 3NP",10,370410,407685,"E92000001","E19000001","E18000002","","E08000001","E05000665"
"BL3 3NQ",10,370470,406993,"E92000001","E19000001","E18000002","","E08000001","E05000658"
"BL3 3NU",10,370349,407216,"E92000001","E19000001","E18000002","","E08000001","E05000662"
"BL3 3NW",10,370583,407706,"E92000001","E19000001","E18000002","","E08000001","E05000665"
"BL3 3NX",10,370318,407207,"E92000001","E19000001","E18000002","","E08000001","E05000662"
"BL3 3NY",10,370588,407584,"E92000001","E19000001","E18000002","","E08000001","E05000665"
"BL3 3PA",10,370259,407513,"E92000001","E19000001","E18000002","","E08000001","E05000665"
"BL3 3PB",10,370038,407223,"E92000001","E19000001","E18000002","","E08000001","E05000662"
"BL3 3PD",10,370633,407598,"E92000001","E19000001","E18000002","","E08000001","E05000665"
"BL3 3PE",10,370176,407578,"E92000001","E19000001","E18000002","","E08000001","E05000665"
"BL3 3PG",10,369909,407127,"E92000001","E19000001","E18000002","","E08000001","E05000662"
"BL3 3PH",10,370195,407512,"E92000001","E19000001","E18000002","","E08000001","E05000665"
"BL3 3PJ",10,370334,407623,"E92000001","E19000001","E18000002","","E08000001","E05000665"
"BL3 3PL",10,370224,407551,"E92000001","E19000001","E18000002","","E08000001","E05000665"
"BL3 3PN",10,370166,407352,"E92000001","E19000001","E18000002","","E08000001","E05000665"
"BL3 3PQ",10,369965,407149,"E92000001","E19000001","E18000002","","E08000001","E05000662"
"BL3 3PR",10,370354,407572,"E92000001","E19000001","E18000002","","E08000001","E05000665"
"BL3 3PS",10,370203,407473,"E92000001","E19000001","E18000002","","E08000001","E05000665"
"BL3 3PT",10,370230,407472,"E92000001","E19000001","E18000002","","E08000001","E05000665"
"BL3 3PU",10,370208,407416,"E92000001","E19000001","E18000002","","E08000001","E05000665"
"BL3 3PW",10,370131,407371,"E92000001","E19000001","E18000002","","E08000001","E05000665"
"BL3 3PX",10,370197,407384,"E92000001","E19000001","E18000002","","E08000001","E05000665"
"BL3 3PY",10,370104,407379,"E92000001","E19000001","E18000002","","E08000001","E05000665"
"BL3 3PZ",10,369959,407277,"E92000001","E19000001","E18000002","","E08000001","E05000662"
"BL3 3QA",10,370002,407264,"E92000001","E19000001","E18000002","","E08000001","E05000662"
"BL3 3QB",10,369966,407231,"E92000001","E19000001","E18000002","","E08000001","E05000662"
"BL3 3QD",10,369785,407048,"E92000001","E19000001","E18000002","","E08000001","E05000662"
"BL3 3QE",10,369769,406848,"E92000001","E19000001","E18000002","","E08000001","E05000662"
"BL3 3QF",10,369766,406986,"E92000001","E19000001","E18000002","","E08000001","E05000662"
"BL3 3QG",10,369967,406753,"E92000001","E19000001","E18000002","","E08000001","E05000662"
"BL3 3QJ",10,369914,406692,"E92000001","E19000001","E18000002","","E08000001","E05000662"
"BL3 3QL",10,370136,406910,"E92000001","E19000001","E18000002","","E08000001","E05000662"
"BL3 3QN",10,370171,406930,"E92000001","E19000001","E18000002","","E08000001","E05000662"
"BL3 3QP",10,370019,406933,"E92000001","E19000001","E18000002","","E08000001","E05000662"
"BL3 3QQ",10,370034,406838,"E92000001","E19000001","E18000002","","E08000001","E05000662"
"BL3 3QR",10,370000,406848,"E92000001","E19000001","E18000002","","E08000001","E05000662"
"BL3 3QS",10,369879,406793,"E92000001","E19000001","E18000002","","E08000001","E05000662"
"BL3 3QT",10,369843,406920,"E92000001","E19000001","E18000002","","E08000001","E05000662"
"BL3 3QU",10,369885,406876,"E92000001","E19000001","E18000002","","E08000001","E05000662"
"BL3 3QW",10,370098,406919,"E92000001","E19000001","E18000002","","E08000001","E05000662"
"BL3 3QX",10,369852,406947,"E92000001","E19000001","E18000002","","E08000001","E05000662"
"BL3 3QY",10,369839,407055,"E92000001","E19000001","E18000002","","E08000001","E05000662"
"BL3 3QZ",10,369899,407085,"E92000001","E19000001","E18000002","","E08000001","E05000662"
"BL3 3RA",10,369086,406820,"E92000001","E19000001","E18000002","","E08000001","E05000662"
"BL3 3RB",10,369950,406956,"E92000001","E19000001","E18000002","","E08000001","E05000662"
"BL3 3RD",10,369914,407004,"E92000001","E19000001","E18000002","","E08000001","E05000662"
"BL3 3RE",10,369140,406846,"E92000001","E19000001","E18000002","","E08000001","E05000662"
"BL3 3RF",10,368986,406902,"E92000001","E19000001","E18000002","","E08000001","E05000662"
"BL3 3RG",10,368906,406880,"E92000001","E19000001","E18000002","","E08000001","E05000662"
"BL3 3RH",10,369836,406868,"E92000001","E19000001","E18000002","","E08000001","E05000662"
"BL3 3RJ",10,369729,406837,"E92000001","E19000001","E18000002","","E08000001","E05000662"
"BL3 3RL",10,368870,406820,"E92000001","E19000001","E18000002","","E08000001","E05000662"
"BL3 3RN",10,369681,406861,"E92000001","E19000001","E18000002","","E08000001","E05000662"
"BL3 3RP",10,369877,407192,"E92000001","E19000001","E18000002","","E08000001","E05000662"
"BL3 3RQ",10,369011,406698,"E92000001","E19000001","E18000002","","E08000001","E05000662"
"BL3 3RR",10,369769,407090,"E92000001","E19000001","E18000002","","E08000001","E05000662"
"BL3 3RS",10,369606,406947,"E92000001","E19000001","E18000002","","E08000001","E05000662"
"BL3 3RT",10,369616,406902,"E92000001","E19000001","E18000002","","E08000001","E05000662"
"BL3 3RU",10,369764,406717,"E92000001","E19000001","E18000002","","E08000001","E05000662"
"BL3 3RW",10,369662,406767,"E92000001","E19000001","E18000002","","E08000001","E05000662"
"BL3 3RX",10,369825,406668,"E92000001","E19000001","E18000002","","E08000001","E05000662"
"BL3 3RY",10,369797,406654,"E92000001","E19000001","E18000002","","E08000001","E05000662"
"BL3 3RZ",10,369765,406569,"E92000001","E19000001","E18000002","","E08000001","E05000662"
"BL3 3SA",10,369672,406683,"E92000001","E19000001","E18000002","","E08000001","E05000662"
"BL3 3SB",10,369558,406638,"E92000001","E19000001","E18000002","","E08000001","E05000662"
"BL3 3SE",10,369408,406808,"E92000001","E19000001","E18000002","","E08000001","E05000662"
"BL3 3SG",10,369275,406754,"E92000001","E19000001","E18000002","","E08000001","E05000662"
"BL3 3SJ",10,369427,406861,"E92000001","E19000001","E18000002","","E08000001","E05000662"
"BL3 3SN",10,369427,406890,"E92000001","E19000001","E18000002","","E08000001","E05000662"
"BL3 3SP",10,369578,406788,"E92000001","E19000001","E18000002","","E08000001","E05000662"
"BL3 3SQ",10,369164,406704,"E92000001","E19000001","E18000002","","E08000001","E05000662"
"BL3 3SR",10,369052,406584,"E92000001","E19000001","E18000002","","E08000001","E05000662"
"BL3 3SS",10,368994,406634,"E92000001","E19000001","E18000002","","E08000001","E05000662"
"BL3 3SU",10,369251,406796,"E92000001","E19000001","E18000002","","E08000001","E05000662"
"BL3 3SW",10,369417,406977,"E92000001","E19000001","E18000002","","E08000001","E05000662"
"BL3 3SX",10,369482,406988,"E92000001","E19000001","E18000002","","E08000001","E05000662"
"BL3 3SY",10,369613,406973,"E92000001","E19000001","E18000002","","E08000001","E05000662"
"BL3 3SZ",10,369746,407111,"E92000001","E19000001","E18000002","","E08000001","E05000662"
"BL3 3TA",10,369889,407248,"E92000001","E19000001","E18000002","","E08000001","E05000662"
"BL3 3TB",10,369862,407259,"E92000001","E19000001","E18000002","","E08000001","E05000662"
"BL3 3TD",10,369898,407330,"E92000001","E19000001","E18000002","","E08000001","E05000662"
"BL3 3TE",10,369730,407179,"E92000001","E19000001","E18000002","","E08000001","E05000662"
"BL3 3TF",10,369687,407260,"E92000001","E19000001","E18000002","","E08000001","E05000662"
"BL3 3TG",10,369782,407300,"E92000001","E19000001","E18000002","","E08000001","E05000662"
"BL3 3TH",10,369842,407267,"E92000001","E19000001","E18000002","","E08000001","E05000662"
"BL3 3TJ",10,369610,406724,"E92000001","E19000001","E18000002","","E08000001","E05000662"
"BL3 3TL",10,369993,407076,"E92000001","E19000001","E18000002","","E08000001","E05000662"
"BL3 3TN",10,369330,406669,"E92000001","E19000001","E18000002","","E08000001","E05000662"
"BL3 3TP",10,369441,406713,"E92000001","E19000001","E18000002","","E08000001","E05000662"
"BL3 3TQ",10,369715,407347,"E92000001","E19000001","E18000002","","E08000001","E05000662"
"BL3 3TS",10,370704,406862,"E92000001","E19000001","E18000002","","E08000001","E05000658"
"BL3 3TW",10,369334,406625,"E92000001","E19000001","E18000002","","E08000001","E05000662"
"BL3 3TY",10,369182,406671,"E92000001","E19000001","E18000002","","E08000001","E05000662"
"BL3 3TZ",10,369159,406667,"E92000001","E19000001","E18000002","","E08000001","E05000662"
"BL3 3WG",10,371936,410296,"E92000001","E19000001","E18000002","","E08000001","E05000654"
"BL3 3WW",10,371936,410296,"E92000001","E19000001","E18000002","","E08000001","E05000654"
"BL3 4AA",10,370532,407887,"E92000001","E19000001","E18000002","","E08000001","E05000665"
"BL3 4AB",10,370413,407937,"E92000001","E19000001","E18000002","","E08000001","E05000665"
"BL3 4AD",10,370492,407848,"E92000001","E19000001","E18000002","","E08000001","E05000665"
"BL3 4AE",10,370445,407830,"E92000001","E19000001","E18000002","","E08000001","E05000665"
"BL3 4AG",10,370362,407871,"E92000001","E19000001","E18000002","","E08000001","E05000665"
"BL3 4AH",10,370535,407834,"E92000001","E19000001","E18000002","","E08000001","E05000665"
"BL3 4AL",10,370376,407685,"E92000001","E19000001","E18000002","","E08000001","E05000665"
"BL3 4AN",10,370396,407790,"E92000001","E19000001","E18000002","","E08000001","E05000665"
"BL3 4AP",10,370303,407730,"E92000001","E19000001","E18000002","","E08000001","E05000665"
"BL3 4AR",10,370364,407737,"E92000001","E19000001","E18000002","","E08000001","E05000665"
"BL3 4AS",10,370308,407713,"E92000001","E19000001","E18000002","","E08000001","E05000665"
"BL3 4AT",10,370317,407773,"E92000001","E19000001","E18000002","","E08000001","E05000665"
"BL3 4AU",10,370261,407843,"E92000001","E19000001","E18000002","","E08000001","E05000665"
"BL3 4AW",10,370318,407882,"E92000001","E19000001","E18000002","","E08000001","E05000665"
"BL3 4AX",10,370398,407875,"E92000001","E19000001","E18000002","","E08000001","E05000665"
"BL3 4AY",10,370211,407918,"E92000001","E19000001","E18000002","","E08000001","E05000665"
"BL3 4AZ",10,370086,407907,"E92000001","E19000001","E18000002","","E08000001","E05000665"
"BL3 4BA",10,370138,407891,"E92000001","E19000001","E18000002","","E08000001","E05000665"
"BL3 4BB",10,370241,407837,"E92000001","E19000001","E18000002","","E08000001","E05000665"
"BL3 4BD",10,370178,407810,"E92000001","E19000001","E18000002","","E08000001","E05000665"
"BL3 4BE",10,370053,407815,"E92000001","E19000001","E18000002","","E08000001","E05000665"
"BL3 4BG",10,370174,407787,"E92000001","E19000001","E18000002","","E08000001","E05000665"
"BL3 4BJ",10,370196,407692,"E92000001","E19000001","E18000002","","E08000001","E05000665"
"BL3 4BL",10,370146,407750,"E92000001","E19000001","E18000002","","E08000001","E05000665"
"BL3 4BN",10,370052,407948,"E92000001","E19000001","E18000002","","E08000001","E05000665"
"BL3 4BP",10,369868,407759,"E92000001","E19000001","E18000002","","E08000001","E05000665"
"BL3 4BQ",10,370251,407663,"E92000001","E19000001","E18000002","","E08000001","E05000665"
"BL3 4BR",10,369903,407712,"E92000001","E19000001","E18000002","","E08000001","E05000665"
"BL3 4BS",10,369833,407831,"E92000001","E19000001","E18000002","","E08000001","E05000665"
"BL3 4BT",10,369941,407928,"E92000001","E19000001","E18000002","","E08000001","E05000665"
"BL3 4BU",10,370171,407946,"E92000001","E19000001","E18000002","","E08000001","E05000665"
"BL3 4BW",10,370166,407668,"E92000001","E19000001","E18000002","","E08000001","E05000665"
"BL3 4BX",10,370379,407974,"E92000001","E19000001","E18000002","","E08000001","E05000665"
"BL3 4BY",10,370423,407997,"E92000001","E19000001","E18000002","","E08000001","E05000665"
"BL3 4BZ",10,370306,408029,"E92000001","E19000001","E18000002","","E08000001","E05000665"
"BL3 4DA",10,370226,407997,"E92000001","E19000001","E18000002","","E08000001","E05000665"
"BL3 4DB",10,370206,407995,"E92000001","E19000001","E18000002","","E08000001","E05000665"
"BL3 4DD",10,370107,408054,"E92000001","E19000001","E18000002","","E08000001","E05000665"
"BL3 4DE",10,370289,408032,"E92000001","E19000001","E18000002","","E08000001","E05000665"
"BL3 4DF",10,370262,408023,"E92000001","E19000001","E18000002","","E08000001","E05000665"
"BL3 4DG",10,370150,407998,"E92000001","E19000001","E18000002","","E08000001","E05000665"
"BL3 4DH",10,370045,407993,"E92000001","E19000001","E18000002","","E08000001","E05000665"
"BL3 4DJ",10,370127,407680,"E92000001","E19000001","E18000002","","E08000001","E05000665"
"BL3 4DL",10,370102,407710,"E92000001","E19000001","E18000002","","E08000001","E05000665"
"BL3 4DN",10,370082,407773,"E92000001","E19000001","E18000002","","E08000001","E05000665"
"BL3 4DP",10,369990,407719,"E92000001","E19000001","E18000002","","E08000001","E05000665"
"BL3 4DQ",10,370101,407964,"E92000001","E19000001","E18000002","","E08000001","E05000665"
"BL3 4DR",10,369936,407700,"E92000001","E19000001","E18000002","","E08000001","E05000665"
"BL3 4DS",10,369945,407770,"E92000001","E19000001","E18000002","","E08000001","E05000665"
"BL3 4DT",10,369668,407631,"E92000001","E19000001","E18000002","","E08000001","E05000662"
"BL3 4DU",10,370019,407569,"E92000001","E19000001","E18000002","","E08000001","E05000665"
"BL3 4DW",10,369896,407579,"E92000001","E19000001","E18000002","","E08000001","E05000665"
"BL3 4DZ",10,369648,407613,"E92000001","E19000001","E18000002","","E08000001","E05000662"
"BL3 4EA",10,368734,407495,"E92000001","E19000001","E18000002","","E08000001","E05000659"
"BL3 4EB",10,370032,407373,"E92000001","E19000001","E18000002","","E08000001","E05000665"
"BL3 4ED",10,369946,407396,"E92000001","E19000001","E18000002","","E08000001","E05000662"
"BL3 4EE",10,369989,407451,"E92000001","E19000001","E18000002","","E08000001","E05000665"
"BL3 4EF",10,369972,407482,"E92000001","E19000001","E18000002","","E08000001","E05000665"
"BL3 4EG",10,369891,407539,"E92000001","E19000001","E18000002","","E08000001","E05000665"
"BL3 4EH",10,369945,407538,"E92000001","E19000001","E18000002","","E08000001","E05000665"
"BL3 4EL",10,369780,407554,"E92000001","E19000001","E18000002","","E08000001","E05000662"
"BL3 4EN",10,369759,407632,"E92000001","E19000001","E18000002","","E08000001","E05000662"
"BL3 4EP",10,369767,407570,"E92000001","E19000001","E18000002","","E08000001","E05000662"
"BL3 4EQ",10,369857,407534,"E92000001","E19000001","E18000002","","E08000001","E05000662"
"BL3 4ER",10,369885,407633,"E92000001","E19000001","E18000002","","E08000001","E05000665"
"BL3 4ES",10,369515,407896,"E92000001","E19000001","E18000002","","E08000001","E05000662"
"BL3 4ET",10,369563,407694,"E92000001","E19000001","E18000002","","E08000001","E05000662"
"BL3 4EU",10,369535,407925,"E92000001","E19000001","E18000002","","E08000001","E05000665"
"BL3 4EW",10,369663,407741,"E92000001","E19000001","E18000002","","E08000001","E05000662"
"BL3 4EX",10,369476,407898,"E92000001","E19000001","E18000002","","E08000001","E05000662"
"BL3 4EY",10,369454,407981,"E92000001","E19000001","E18000002","","E08000001","E05000662"
"BL3 4EZ",10,369550,407987,"E92000001","E19000001","E18000002","","E08000001","E05000665"
"BL3 4FP",10,369829,407459,"E92000001","E19000001","E18000002","","E08000001","E05000662"
"BL3 4FQ",10,368796,407987,"E92000001","E19000001","E18000002","","E08000001","E05000659"
"BL3 4FT",10,368892,407647,"E92000001","E19000001","E18000002","","E08000001","E05000659"
"BL3 4HA",10,369571,407983,"E92000001","E19000001","E18000002","","E08000001","E05000665"
"BL3 4HB",10,369626,408006,"E92000001","E19000001","E18000002","","E08000001","E05000665"
"BL3 4HD",10,369701,407961,"E92000001","E19000001","E18000002","","E08000001","E05000665"
"BL3 4HE",10,369749,407897,"E92000001","E19000001","E18000002","","E08000001","E05000665"
"BL3 4HG",10,369619,407887,"E92000001","E19000001","E18000002","","E08000001","E05000665"
"BL3 4HH",10,369618,407920,"E92000001","E19000001","E18000002","","E08000001","E05000665"
"BL3 4HJ",10,369704,407837,"E92000001","E19000001","E18000002","","E08000001","E05000665"
"BL3 4HL",10,369727,407832,"E92000001","E19000001","E18000002","","E08000001","E05000665"
"BL3 4HN",10,369809,407805,"E92000001","E19000001","E18000002","","E08000001","E05000665"
"BL3 4HP",10,369767,407736,"E92000001","E19000001","E18000002","","E08000001","E05000665"
"BL3 4HQ",10,369663,407860,"E92000001","E19000001","E18000002","","E08000001","E05000665"
"BL3 4HR",10,369795,407679,"E92000001","E19000001","E18000002","","E08000001","E05000665"
"BL3 4HS",10,369820,407738,"E92000001","E19000001","E18000002","","E08000001","E05000665"
"BL3 4HU",10,369883,407496,"E92000001","E19000001","E18000002","","E08000001","E05000662"
"BL3 4HW",10,369744,407780,"E92000001","E19000001","E18000002","","E08000001","E05000665"
"BL3 4HY",10,369710,407599,"E92000001","E19000001","E18000002","","E08000001","E05000662"
"BL3 4JA",10,369389,407933,"E92000001","E19000001","E18000002","","E08000001","E05000662"
"BL3 4JB",10,369308,407836,"E92000001","E19000001","E18000002","","E08000001","E05000662"
"BL3 4JD",10,369309,407682,"E92000001","E19000001","E18000002","","E08000001","E05000662"
"BL3 4JE",10,369423,407812,"E92000001","E19000001","E18000002","","E08000001","E05000662"
"BL3 4JG",10,369496,407801,"E92000001","E19000001","E18000002","","E08000001","E05000662"
"BL3 4JH",10,369433,407644,"E92000001","E19000001","E18000002","","E08000001","E05000662"
"BL3 4JJ",10,369372,407558,"E92000001","E19000001","E18000002","","E08000001","E05000662"
"BL3 4JL",10,369387,407629,"E92000001","E19000001","E18000002","","E08000001","E05000662"
"BL3 4JN",10,369248,407678,"E92000001","E19000001","E18000002","","E08000001","E05000662"
"BL3 4JP",10,369144,407591,"E92000001","E19000001","E18000002","","E08000001","E05000662"
"BL3 4JQ",10,369433,407728,"E92000001","E19000001","E18000002","","E08000001","E05000662"
"BL3 4JR",10,369169,407750,"E92000001","E19000001","E18000002","","E08000001","E05000662"
"BL3 4JS",10,369210,407681,"E92000001","E19000001","E18000002","","E08000001","E05000662"
"BL3 4JT",10,369104,407642,"E92000001","E19000001","E18000002","","E08000001","E05000662"
"BL3 4JU",10,369027,407655,"E92000001","E19000001","E18000002","","E08000001","E05000662"
"BL3 4JW",10,369251,407835,"E92000001","E19000001","E18000002","","E08000001","E05000662"
"BL3 4JX",10,369070,407556,"E92000001","E19000001","E18000002","","E08000001","E05000662"
"BL3 4JY",10,369385,407420,"E92000001","E19000001","E18000002","","E08000001","E05000662"
"BL3 4LA",10,369285,407084,"E92000001","E19000001","E18000002","","E08000001","E05000662"
"BL3 4LB",10,369423,407025,"E92000001","E19000001","E18000002","","E08000001","E05000662"
"BL3 4LD",10,369250,406987,"E92000001","E19000001","E18000002","","E08000001","E05000662"
"BL3 4LE",10,369295,407258,"E92000001","E19000001","E18000002","","E08000001","E05000662"
"BL3 4LF",10,369327,407121,"E92000001","E19000001","E18000002","","E08000001","E05000662"
"BL3 4LG",10,369356,407100,"E92000001","E19000001","E18000002","","E08000001","E05000662"
"BL3 4LH",10,369319,406955,"E92000001","E19000001","E18000002","","E08000001","E05000662"
"BL3 4LJ",10,369281,406828,"E92000001","E19000001","E18000002","","E08000001","E05000662"
"BL3 4LL",10,369342,407512,"E92000001","E19000001","E18000002","","E08000001","E05000662"
"BL3 4LN",10,369387,407521,"E92000001","E19000001","E18000002","","E08000001","E05000662"
"BL3 4LP",10,369206,406913,"E92000001","E19000001","E18000002","","E08000001","E05000662"
"BL3 4LQ",10,369352,406964,"E92000001","E19000001","E18000002","","E08000001","E05000662"
"BL3 4LR",10,369229,406851,"E92000001","E19000001","E18000002","","E08000001","E05000662"
"BL3 4LS",10,369259,407949,"E92000001","E19000001","E18000002","","E08000001","E05000659"
"BL3 4LT",10,369402,408044,"E92000001","E19000001","E18000002","","E08000001","E05000659"
"BL3 4LU",10,369332,408020,"E92000001","E19000001","E18000002","","E08000001","E05000659"
"BL3 4LW",10,369358,407498,"E92000001","E19000001","E18000002","","E08000001","E05000662"
"BL3 4LX",10,369261,407982,"E92000001","E19000001","E18000002","","E08000001","E05000659"
"BL3 4LY",10,369229,407970,"E92000001","E19000001","E18000002","","E08000001","E05000659"
"BL3 4LZ",10,369208,408003,"E92000001","E19000001","E18000002","","E08000001","E05000659"
"BL3 4NA",10,369214,408051,"E92000001","E19000001","E18000002","","E08000001","E05000659"
"BL3 4NB",10,368613,408244,"E92000001","E19000001","E18000002","","E08000001","E05000659"
"BL3 4ND",10,368665,408194,"E92000001","E19000001","E18000002","","E08000001","E05000659"
"BL3 4NE",10,368918,408069,"E92000001","E19000001","E18000002","","E08000001","E05000659"
"BL3 4NF",10,368970,408015,"E92000001","E19000001","E18000002","","E08000001","E05000659"
"BL3 4NG",10,368692,407992,"E92000001","E19000001","E18000002","","E08000001","E05000659"
"BL3 4NH",10,368755,408170,"E92000001","E19000001","E18000002","","E08000001","E05000659"
"BL3 4NJ",10,368883,408184,"E92000001","E19000001","E18000002","","E08000001","E05000659"
"BL3 4NL",10,368956,408131,"E92000001","E19000001","E18000002","","E08000001","E05000659"
"BL3 4NN",10,368861,408335,"E92000001","E19000001","E18000002","","E08000001","E05000659"
"BL3 4NP",10,368812,408230,"E92000001","E19000001","E18000002","","E08000001","E05000659"
"BL3 4NQ",10,368687,408120,"E92000001","E19000001","E18000002","","E08000001","E05000659"
"BL3 4NR",10,368779,408236,"E92000001","E19000001","E18000002","","E08000001","E05000659"
"BL3 4NS",10,369073,408121,"E92000001","E19000001","E18000002","","E08000001","E05000659"
"BL3 4NT",10,368688,408449,"E92000001","E19000001","E18000002","","E08000001","E05000659"
"BL3 4NU",10,368592,408483,"E92000001","E19000001","E18000002","","E08000001","E05000659"
"BL3 4NW",10,368779,408307,"E92000001","E19000001","E18000002","","E08000001","E05000659"
"BL3 4NX",10,368707,408394,"E92000001","E19000001","E18000002","","E08000001","E05000659"
"BL3 4NY",10,368681,408526,"E92000001","E19000001","E18000002","","E08000001","E05000659"
"BL3 4NZ",10,368745,408557,"E92000001","E19000001","E18000002","","E08000001","E05000659"
"BL3 4PA",10,368641,408568,"E92000001","E19000001","E18000002","","E08000001","E05000659"
"BL3 4PB",10,368708,408630,"E92000001","E19000001","E18000002","","E08000001","E05000659"
"BL3 4PD",10,368594,408630,"E92000001","E19000001","E18000002","","E08000001","E05000659"
"BL3 4PE",10,368470,408490,"E92000001","E19000001","E18000002","","E08000001","E05000659"
"BL3 4PF",10,368525,408454,"E92000001","E19000001","E18000002","","E08000001","E05000659"
"BL3 4PG",10,368445,408503,"E92000001","E19000001","E18000002","","E08000001","E05000659"
"BL3 4PH",10,368485,408409,"E92000001","E19000001","E18000002","","E08000001","E05000659"
"BL3 4PJ",10,368395,408446,"E92000001","E19000001","E18000002","","E08000001","E05000659"
"BL3 4PL",10,368314,408534,"E92000001","E19000001","E18000002","","E08000001","E05000659"
"BL3 4PN",10,368539,408636,"E92000001","E19000001","E18000002","","E08000001","E05000659"
"BL3 4PP",10,368254,408553,"E92000001","E19000001","E18000002","","E08000001","E05000659"
"BL3 4PQ",10,368381,408517,"E92000001","E19000001","E18000002","","E08000001","E05000659"
"BL3 4PR",10,368238,408674,"E92000001","E19000001","E18000002","","E08000001","E05000659"
"BL3 4PS",10,368401,408716,"E92000001","E19000001","E18000002","","E08000001","E05000659"
"BL3 4PT",10,368330,408672,"E92000001","E19000001","E18000002","","E08000001","E05000659"
"BL3 4PU",10,368300,408659,"E92000001","E19000001","E18000002","","E08000001","E05000659"
"BL3 4PW",10,368467,408662,"E92000001","E19000001","E18000002","","E08000001","E05000659"
"BL3 4PX",10,368178,408704,"E92000001","E19000001","E18000002","","E08000001","E05000659"
"BL3 4PY",10,368877,408461,"E92000001","E19000001","E18000002","","E08000001","E05000659"
"BL3 4PZ",10,368541,408304,"E92000001","E19000001","E18000002","","E08000001","E05000659"
"BL3 4QA",10,368891,408434,"E92000001","E19000001","E18000002","","E08000001","E05000659"
"BL3 4QB",10,368976,408499,"E92000001","E19000001","E18000002","","E08000001","E05000659"
"BL3 4QD",10,368974,408430,"E92000001","E19000001","E18000002","","E08000001","E05000659"
"BL3 4QE",10,369113,408336,"E92000001","E19000001","E18000002","","E08000001","E05000659"
"BL3 4QF",10,369043,408421,"E92000001","E19000001","E18000002","","E08000001","E05000659"
"BL3 4QG",10,369005,408263,"E92000001","E19000001","E18000002","","E08000001","E05000659"
"BL3 4QH",10,369139,407865,"E92000001","E19000001","E18000002","","E08000001","E05000659"
"BL3 4QJ",10,369159,407834,"E92000001","E19000001","E18000002","","E08000001","E05000662"
"BL3 4QL",10,369083,407857,"E92000001","E19000001","E18000002","","E08000001","E05000659"
"BL3 4QN",10,369008,407691,"E92000001","E19000001","E18000002","","E08000001","E05000662"
"BL3 4QP",10,369010,407820,"E92000001","E19000001","E18000002","","E08000001","E05000659"
"BL3 4QQ",10,369077,408303,"E92000001","E19000001","E18000002","","E08000001","E05000659"
"BL3 4QR",10,368914,407491,"E92000001","E19000001","E18000002","","E08000001","E05000662"
"BL3 4QS",10,369108,407521,"E92000001","E19000001","E18000002","","E08000001","E05000662"
"BL3 4QT",10,369082,407492,"E92000001","E19000001","E18000002","","E08000001","E05000662"
"BL3 4QU",10,369086,407413,"E92000001","E19000001","E18000002","","E08000001","E05000662"
"BL3 4QW",10,368992,407727,"E92000001","E19000001","E18000002","","E08000001","E05000659"
"BL3 4QX",10,369139,407448,"E92000001","E19000001","E18000002","","E08000001","E05000662"
"BL3 4QY",10,369102,407347,"E92000001","E19000001","E18000002","","E08000001","E05000662"
"BL3 4QZ",10,368852,407408,"E92000001","E19000001","E18000002","","E08000001","E05000662"
"BL3 4RA",10,368834,407494,"E92000001","E19000001","E18000002","","E08000001","E05000662"
"BL3 4RB",10,368606,407398,"E92000001","E19000001","E18000002","","E08000001","E05000659"
"BL3 4RD",10,368371,407328,"E92000001","E19000001","E18000002","","E08000001","E05000668"
"BL3 4RE",10,368857,407378,"E92000001","E19000001","E18000002","","E08000001","E05000662"
"BL3 4RF",10,368913,407326,"E92000001","E19000001","E18000002","","E08000001","E05000662"
"BL3 4RG",10,368737,407427,"E92000001","E19000001","E18000002","","E08000001","E05000662"
"BL3 4RH",10,368247,407121,"E92000001","E19000001","E18000002","","E08000001","E05000668"
"BL3 4RJ",10,368012,407013,"E92000001","E19000001","E18000002","","E08000001","E05000668"
"BL3 4RL",10,367952,407086,"E92000001","E19000001","E18000002","","E08000001","E05000668"
"BL3 4RN",10,368077,407113,"E92000001","E19000001","E18000002","","E08000001","E05000668"
"BL3 4RP",10,367875,406987,"E92000001","E19000001","E18000002","","E08000001","E05000668"
"BL3 4RQ",10,368634,407001,"E92000001","E19000001","E18000002","","E08000001","E05000662"
"BL3 4RR",10,367904,406978,"E92000001","E19000001","E18000002","","E08000001","E05000668"
"BL3 4RT",10,368276,408365,"E92000001","E19000001","E18000002","","E08000001","E05000659"
"BL3 4RU",10,368261,408303,"E92000001","E19000001","E18000002","","E08000001","E05000659"
"BL3 4RW",10,369136,407327,"E92000001","E19000001","E18000002","","E08000001","E05000662"
"BL3 4RX",10,368264,408273,"E92000001","E19000001","E18000002","","E08000001","E05000659"
"BL3 4RY",10,368358,408356,"E92000001","E19000001","E18000002","","E08000001","E05000659"
"BL3 4RZ",10,368335,408424,"E92000001","E19000001","E18000002","","E08000001","E05000659"
"BL3 4SA",10,368165,406989,"E92000001","E19000001","E18000002","","E08000001","E05000668"
"BL3 4SB",10,368013,406953,"E92000001","E19000001","E18000002","","E08000001","E05000668"
"BL3 4SD",10,368014,406958,"E92000001","E19000001","E18000002","","E08000001","E05000668"
"BL3 4SE",10,367895,406837,"E92000001","E19000001","E18000002","","E08000001","E05000668"
"BL3 4SF",10,368035,406746,"E92000001","E19000001","E18000002","","E08000001","E05000668"
"BL3 4SG",10,367671,406817,"E92000001","E19000001","E18000002","","E08000001","E05000668"
"BL3 4SH",10,367944,406847,"E92000001","E19000001","E18000002","","E08000001","E05000668"
"BL3 4SJ",10,367527,406935,"E92000001","E19000001","E18000002","","E08000001","E05000668"
"BL3 4SL",10,367598,406944,"E92000001","E19000001","E18000002","","E08000001","E05000668"
"BL3 4SN",10,368983,407428,"E92000001","E19000001","E18000002","","E08000001","E05000662"
"BL3 4SP",10,367664,406981,"E92000001","E19000001","E18000002","","E08000001","E05000668"
"BL3 4SQ",10,367680,406868,"E92000001","E19000001","E18000002","","E08000001","E05000668"
"BL3 4SR",10,367641,406951,"E92000001","E19000001","E18000002","","E08000001","E05000668"
"BL3 4SS",10,367714,406908,"E92000001","E19000001","E18000002","","E08000001","E05000668"
"BL3 4ST",10,367461,406921,"E92000001","E19000001","E18000002","","E08000001","E05000668"
"BL3 4SU",10,367393,406940,"E92000001","E19000001","E18000002","","E08000001","E05000668"
"BL3 4SW",10,368961,407483,"E92000001","E19000001","E18000002","","E08000001","E05000662"
"BL3 4SX",10,367321,406942,"E92000001","E19000001","E18000002","","E08000001","E05000668"
"BL3 4SY",10,367346,407038,"E92000001","E19000001","E18000002","","E08000001","E05000668"
"BL3 4SZ",10,367350,406995,"E92000001","E19000001","E18000002","","E08000001","E05000668"
"BL3 4TA",10,368428,407678,"E92000001","E19000001","E18000002","","E08000001","E05000659"
"BL3 4TB",10,368792,407617,"E92000001","E19000001","E18000002","","E08000001","E05000659"
"BL3 4TD",10,368700,407564,"E92000001","E19000001","E18000002","","E08000001","E05000659"
"BL3 4TE",10,369222,407226,"E92000001","E19000001","E18000002","","E08000001","E05000662"
"BL3 4TF",10,369049,407107,"E92000001","E19000001","E18000002","","E08000001","E05000662"
"BL3 4TG",10,369073,407214,"E92000001","E19000001","E18000002","","E08000001","E05000662"
"BL3 4TH",10,369148,407117,"E92000001","E19000001","E18000002","","E08000001","E05000662"
"BL3 4TL",10,369229,407108,"E92000001","E19000001","E18000002","","E08000001","E05000662"
"BL3 4TN",10,369131,407065,"E92000001","E19000001","E18000002","","E08000001","E05000662"
"BL3 4TP",10,368571,408088,"E92000001","E19000001","E18000002","","E08000001","E05000659"
"BL3 4TQ",10,368710,407638,"E92000001","E19000001","E18000002","","E08000001","E05000659"
"BL3 4TR",10,368584,408170,"E92000001","E19000001","E18000002","","E08000001","E05000659"
"BL3 4TS",10,368397,408174,"E92000001","E19000001","E18000002","","E08000001","E05000659"
"BL3 4TT",10,368499,408239,"E92000001","E19000001","E18000002","","E08000001","E05000659"
"BL3 4TU",10,368448,408187,"E92000001","E19000001","E18000002","","E08000001","E05000659"
"BL3 4TW",10,368975,407741,"E92000001","E19000001","E18000002","","E08000001","E05000659"
"BL3 4TX",10,368468,408129,"E92000001","E19000001","E18000002","","E08000001","E05000659"
"BL3 4TY",10,368485,408100,"E92000001","E19000001","E18000002","","E08000001","E05000659"
"BL3 4TZ",10,368514,408038,"E92000001","E19000001","E18000002","","E08000001","E05000659"
"BL3 4UA",10,368465,407960,"E92000001","E19000001","E18000002","","E08000001","E05000659"
"BL3 4UB",10,368240,408067,"E92000001","E19000001","E18000002","","E08000001","E05000659"
"BL3 4UD",10,368196,408114,"E92000001","E19000001","E18000002","","E08000001","E05000659"
"BL3 4UE",10,368262,408033,"E92000001","E19000001","E18000002","","E08000001","E05000659"
"BL3 4UF",10,368325,408014,"E92000001","E19000001","E18000002","","E08000001","E05000659"
"BL3 4UG",10,368347,408038,"E92000001","E19000001","E18000002","","E08000001","E05000659"
"BL3 4UH",10,368171,408061,"E92000001","E19000001","E18000002","","E08000001","E05000659"
"BL3 4UJ",10,368256,407918,"E92000001","E19000001","E18000002","","E08000001","E05000659"
"BL3 4UL",10,368259,407856,"E92000001","E19000001","E18000002","","E08000001","E05000659"
"BL3 4UN",10,368259,407822,"E92000001","E19000001","E18000002","","E08000001","E05000659"
"BL3 4UP",10,368349,407774,"E92000001","E19000001","E18000002","","E08000001","E05000659"
"BL3 4UQ",10,368349,408109,"E92000001","E19000001","E18000002","","E08000001","E05000659"
"BL3 4UR",10,368414,407783,"E92000001","E19000001","E18000002","","E08000001","E05000659"
"BL3 4US",10,368441,407796,"E92000001","E19000001","E18000002","","E08000001","E05000659"
"BL3 4UT",10,368391,407865,"E92000001","E19000001","E18000002","","E08000001","E05000659"
"BL3 4UU",10,368889,407077,"E92000001","E19000001","E18000002","","E08000001","E05000662"
"BL3 4UW",10,368944,407044,"E92000001","E19000001","E18000002","","E08000001","E05000662"
"BL3 4UX",10,368428,407963,"E92000001","E19000001","E18000002","","E08000001","E05000659"
"BL3 4UY",10,368374,407886,"E92000001","E19000001","E18000002","","E08000001","E05000659"
"BL3 4UZ",10,369365,407362,"E92000001","E19000001","E18000002","","E08000001","E05000662"
"BL3 4WE",10,369300,407435,"E92000001","E19000001","E18000002","","E08000001","E05000662"
"BL3 4WF",10,369299,407450,"E92000001","E19000001","E18000002","","E08000001","E05000662"
"BL3 4WG",10,369304,407488,"E92000001","E19000001","E18000002","","E08000001","E05000662"
"BL3 4WH",10,369234,407462,"E92000001","E19000001","E18000002","","E08000001","E05000662"
"BL3 4WJ",10,369268,407527,"E92000001","E19000001","E18000002","","E08000001","E05000662"
"BL3 4WL",10,369254,407395,"E92000001","E19000001","E18000002","","E08000001","E05000662"
"BL3 4XA",10,368176,408415,"E92000001","E19000001","E18000002","","E08000001","E05000659"
"BL3 4XB",10,368573,408275,"E92000001","E19000001","E18000002","","E08000001","E05000659"
"BL3 4XD",10,368508,408285,"E92000001","E19000001","E18000002","","E08000001","E05000659"
"BL3 4XE",10,368411,408314,"E92000001","E19000001","E18000002","","E08000001","E05000659"
"BL3 4XG",10,368771,407242,"E92000001","E19000001","E18000002","","E08000001","E05000662"
"BL3 4XH",10,368796,407179,"E92000001","E19000001","E18000002","","E08000001","E05000662"
"BL3 4XJ",10,368674,407073,"E92000001","E19000001","E18000002","","E08000001","E05000662"
"BL3 4XL",10,368952,407252,"E92000001","E19000001","E18000002","","E08000001","E05000662"
"BL3 4XN",10,368616,407633,"E92000001","E19000001","E18000002","","E08000001","E05000659"
"BL3 4XP",10,368576,407636,"E92000001","E19000001","E18000002","","E08000001","E05000659"
"BL3 4XR",10,368487,407569,"E92000001","E19000001","E18000002","","E08000001","E05000659"
"BL3 4XS",10,368509,407644,"E92000001","E19000001","E18000002","","E08000001","E05000659"
"BL3 4XT",10,368497,407587,"E92000001","E19000001","E18000002","","E08000001","E05000659"
"BL3 4XU",10,368566,407679,"E92000001","E19000001","E18000002","","E08000001","E05000659"
"BL3 4XW",10,368626,407498,"E92000001","E19000001","E18000002","","E08000001","E05000659"
"BL3 4XX",10,368923,407147,"E92000001","E19000001","E18000002","","E08000001","E05000662"
"BL3 4YA",10,368768,407122,"E92000001","E19000001","E18000002","","E08000001","E05000662"
"BL3 4YQ",10,371936,410296,"E92000001","E19000001","E18000002","","E08000001","E05000654"
"BL3 5AB",10,371210,408634,"E92000001","E19000001","E18000002","","E08000001","E05000656"
"BL3 5AG",10,370929,408612,"E92000001","E19000001","E18000002","","E08000001","E05000665"
"BL3 5AH",10,370829,408546,"E92000001","E19000001","E18000002","","E08000001","E05000665"
"BL3 5AJ",10,370886,408556,"E92000001","E19000001","E18000002","","E08000001","E05000665"
"BL3 5AL",10,370936,408520,"E92000001","E19000001","E18000002","","E08000001","E05000665"
"BL3 5AN",10,370974,408453,"E92000001","E19000001","E18000002","","E08000001","E05000665"
"BL3 5AP",10,370803,408419,"E92000001","E19000001","E18000002","","E08000001","E05000665"
"BL3 5AS",10,370762,408462,"E92000001","E19000001","E18000002","","E08000001","E05000665"
"BL3 5AT",10,370747,408459,"E92000001","E19000001","E18000002","","E08000001","E05000665"
"BL3 5AU",10,370860,408516,"E92000001","E19000001","E18000002","","E08000001","E05000665"
"BL3 5AW",10,370773,408493,"E92000001","E19000001","E18000002","","E08000001","E05000665"
"BL3 5AY",10,370827,408485,"E92000001","E19000001","E18000002","","E08000001","E05000665"
"BL3 5AZ",10,370871,408480,"E92000001","E19000001","E18000002","","E08000001","E05000665"
"BL3 5BA",10,370868,408376,"E92000001","E19000001","E18000002","","E08000001","E05000665"
"BL3 5BB",10,370881,408410,"E92000001","E19000001","E18000002","","E08000001","E05000665"
"BL3 5BD",10,370909,408409,"E92000001","E19000001","E18000002","","E08000001","E05000665"
"BL3 5BE",10,370933,408404,"E92000001","E19000001","E18000002","","E08000001","E05000665"
"BL3 5BG",10,371154,408769,"E92000001","E19000001","E18000002","","E08000001","E05000656"
"BL3 5BH",10,370816,408258,"E92000001","E19000001","E18000002","","E08000001","E05000665"
"BL3 5BJ",10,370919,408589,"E92000001","E19000001","E18000002","","E08000001","E05000665"
"BL3 5BN",10,371276,408680,"E92000001","E19000001","E18000002","","E08000001","E05000656"
"BL3 5BP",10,370770,408376,"E92000001","E19000001","E18000002","","E08000001","E05000665"
"BL3 5BQ",10,370928,408339,"E92000001","E19000001","E18000002","","E08000001","E05000665"
"BL3 5BS",10,371104,408405,"E92000001","E19000001","E18000002","","E08000001","E05000665"
"BL3 5BT",10,370273,408425,"E92000001","E19000001","E18000002","","E08000001","E05000665"
"BL3 5BU",10,371232,408782,"E92000001","E19000001","E18000002","","E08000001","E05000656"
"BL3 5BW",10,370989,408386,"E92000001","E19000001","E18000002","","E08000001","E05000665"
"BL3 5BZ",10,371091,408420,"E92000001","E19000001","E18000002","","E08000001","E05000665"
"BL3 5DB",10,371293,408841,"E92000001","E19000001","E18000002","","E08000001","E05000656"
"BL3 5DJ",10,371399,408827,"E92000001","E19000001","E18000002","","E08000001","E05000656"
"BL3 5DL",10,370862,408626,"E92000001","E19000001","E18000002","","E08000001","E05000665"
"BL3 5DN",10,370761,408656,"E92000001","E19000001","E18000002","","E08000001","E05000665"
"BL3 5DP",10,370695,408585,"E92000001","E19000001","E18000002","","E08000001","E05000665"
"BL3 5DR",10,370857,408722,"E92000001","E19000001","E18000002","","E08000001","E05000665"
"BL3 5DT",10,370731,408751,"E92000001","E19000001","E18000002","","E08000001","E05000665"
"BL3 5DU",10,370932,408665,"E92000001","E19000001","E18000002","","E08000001","E05000665"
"BL3 5DW",10,370829,408664,"E92000001","E19000001","E18000002","","E08000001","E05000665"
"BL3 5DX",10,371047,408835,"E92000001","E19000001","E18000002","","E08000001","E05000656"
"BL3 5DY",10,370814,408683,"E92000001","E19000001","E18000002","","E08000001","E05000665"
"BL3 5DZ",10,370829,408745,"E92000001","E19000001","E18000002","","E08000001","E05000665"
"BL3 5EA",10,370739,408732,"E92000001","E19000001","E18000002","","E08000001","E05000665"
"BL3 5EB",10,370698,408607,"E92000001","E19000001","E18000002","","E08000001","E05000665"
"BL3 5ED",10,370698,408655,"E92000001","E19000001","E18000002","","E08000001","E05000665"
"BL3 5EF",10,370877,408778,"E92000001","E19000001","E18000002","","E08000001","E05000665"
"BL3 5EH",10,370642,408710,"E92000001","E19000001","E18000002","","E08000001","E05000665"
"BL3 5EL",10,370493,408624,"E92000001","E19000001","E18000002","","E08000001","E05000665"
"BL3 5EN",10,370461,408763,"E92000001","E19000001","E18000002","","E08000001","E05000665"
"BL3 5ER",10,370442,408636,"E92000001","E19000001","E18000002","","E08000001","E05000665"
"BL3 5ES",10,370803,408140,"E92000001","E19000001","E18000002","","E08000001","E05000665"
"BL3 5ET",10,370669,408146,"E92000001","E19000001","E18000002","","E08000001","E05000665"
"BL3 5EU",10,370813,408203,"E92000001","E19000001","E18000002","","E08000001","E05000665"
"BL3 5EX",10,370721,408163,"E92000001","E19000001","E18000002","","E08000001","E05000665"
"BL3 5EY",10,370350,408674,"E92000001","E19000001","E18000002","","E08000001","E05000665"
"BL3 5EZ",10,370444,408580,"E92000001","E19000001","E18000002","","E08000001","E05000665"
"BL3 5HH",10,370416,408498,"E92000001","E19000001","E18000002","","E08000001","E05000665"
"BL3 5HJ",10,370274,408439,"E92000001","E19000001","E18000002","","E08000001","E05000665"
"BL3 5HL",10,370256,408390,"E92000001","E19000001","E18000002","","E08000001","E05000665"
"BL3 5HN",10,370414,408458,"E92000001","E19000001","E18000002","","E08000001","E05000665"
"BL3 5HP",10,370540,408551,"E92000001","E19000001","E18000002","","E08000001","E05000665"
"BL3 5HT",10,370943,408719,"E92000001","E19000001","E18000002","","E08000001","E05000665"
"BL3 5HU",10,370567,408687,"E92000001","E19000001","E18000002","","E08000001","E05000665"
"BL3 5HX",10,370701,408333,"E92000001","E19000001","E18000002","","E08000001","E05000665"
"BL3 5JA",10,370638,408534,"E92000001","E19000001","E18000002","","E08000001","E05000665"
"BL3 5JB",10,370633,408478,"E92000001","E19000001","E18000002","","E08000001","E05000665"
"BL3 5JD",10,370459,408421,"E92000001","E19000001","E18000002","","E08000001","E05000665"
"BL3 5JE",10,370634,408439,"E92000001","E19000001","E18000002","","E08000001","E05000665"
"BL3 5JF",10,370689,408474,"E92000001","E19000001","E18000002","","E08000001","E05000665"
"BL3 5JG",10,370577,408469,"E92000001","E19000001","E18000002","","E08000001","E05000665"
"BL3 5JH",10,370453,408393,"E92000001","E19000001","E18000002","","E08000001","E05000665"
"BL3 5JJ",10,370598,408363,"E92000001","E19000001","E18000002","","E08000001","E05000665"
"BL3 5JL",10,370547,408363,"E92000001","E19000001","E18000002","","E08000001","E05000665"
"BL3 5JN",10,370516,408352,"E92000001","E19000001","E18000002","","E08000001","E05000665"
"BL3 5JQ",10,370552,408451,"E92000001","E19000001","E18000002","","E08000001","E05000665"
"BL3 5JR",10,370569,408367,"E92000001","E19000001","E18000002","","E08000001","E05000665"
"BL3 5JW",10,370494,408354,"E92000001","E19000001","E18000002","","E08000001","E05000665"
"BL3 5JX",10,370620,408343,"E92000001","E19000001","E18000002","","E08000001","E05000665"
"BL3 5JY",10,370580,408317,"E92000001","E19000001","E18000002","","E08000001","E05000665"
"BL3 5LE",10,370786,408273,"E92000001","E19000001","E18000002","","E08000001","E05000665"
"BL3 5LF",10,370587,408175,"E92000001","E19000001","E18000002","","E08000001","E05000665"
"BL3 5LJ",10,370721,408082,"E92000001","E19000001","E18000002","","E08000001","E05000665"
"BL3 5LN",10,370750,408058,"E92000001","E19000001","E18000002","","E08000001","E05000665"
"BL3 5LP",10,370769,408051,"E92000001","E19000001","E18000002","","E08000001","E05000665"
"BL3 5LQ",10,370772,408313,"E92000001","E19000001","E18000002","","E08000001","E05000665"
"BL3 5LR",10,370643,408059,"E92000001","E19000001","E18000002","","E08000001","E05000665"
"BL3 5LS",10,370646,408099,"E92000001","E19000001","E18000002","","E08000001","E05000665"
"BL3 5LU",10,370589,408128,"E92000001","E19000001","E18000002","","E08000001","E05000665"
"BL3 5LW",10,370721,408036,"E92000001","E19000001","E18000002","","E08000001","E05000665"
"BL3 5LX",10,370516,408107,"E92000001","E19000001","E18000002","","E08000001","E05000665"
"BL3 5LY",10,370438,408163,"E92000001","E19000001","E18000002","","E08000001","E05000665"
"BL3 5LZ",10,370446,408117,"E92000001","E19000001","E18000002","","E08000001","E05000665"
"BL3 5NA",10,370334,408156,"E92000001","E19000001","E18000002","","E08000001","E05000665"
"BL3 5NB",10,370436,408057,"E92000001","E19000001","E18000002","","E08000001","E05000665"
"BL3 5ND",10,370369,408282,"E92000001","E19000001","E18000002","","E08000001","E05000665"
"BL3 5NF",10,370229,408417,"E92000001","E19000001","E18000002","","E08000001","E05000665"
"BL3 5NG",10,370241,408438,"E92000001","E19000001","E18000002","","E08000001","E05000665"
"BL3 5NH",10,370231,408481,"E92000001","E19000001","E18000002","","E08000001","E05000665"
"BL3 5NJ",10,370223,408497,"E92000001","E19000001","E18000002","","E08000001","E05000665"
"BL3 5NL",10,370412,408307,"E92000001","E19000001","E18000002","","E08000001","E05000665"
"BL3 5NN",10,370266,408555,"E92000001","E19000001","E18000002","","E08000001","E05000665"
"BL3 5NP",10,370350,408375,"E92000001","E19000001","E18000002","","E08000001","E05000665"
"BL3 5NQ",10,370237,408463,"E92000001","E19000001","E18000002","","E08000001","E05000665"
"BL3 5NR",10,370317,408503,"E92000001","E19000001","E18000002","","E08000001","E05000665"
"BL3 5NS",10,370356,408522,"E92000001","E19000001","E18000002","","E08000001","E05000665"
"BL3 5NT",10,370226,408676,"E92000001","E19000001","E18000002","","E08000001","E05000665"
"BL3 5NU",10,370177,408667,"E92000001","E19000001","E18000002","","E08000001","E05000665"
"BL3 5NW",10,370197,408623,"E92000001","E19000001","E18000002","","E08000001","E05000665"
"BL3 5NX",10,370122,408657,"E92000001","E19000001","E18000002","","E08000001","E05000665"
"BL3 5NY",10,370206,408579,"E92000001","E19000001","E18000002","","E08000001","E05000665"
"BL3 5NZ",10,370256,408500,"E92000001","E19000001","E18000002","","E08000001","E05000665"
"BL3 5PB",10,370299,408365,"E92000001","E19000001","E18000002","","E08000001","E05000665"
"BL3 5PD",10,370245,408312,"E92000001","E19000001","E18000002","","E08000001","E05000665"
"BL3 5PE",10,370310,408251,"E92000001","E19000001","E18000002","","E08000001","E05000665"
"BL3 5PF",10,370299,408147,"E92000001","E19000001","E18000002","","E08000001","E05000665"
"BL3 5PG",10,370120,408091,"E92000001","E19000001","E18000002","","E08000001","E05000665"
"BL3 5PH",10,370305,408316,"E92000001","E19000001","E18000002","","E08000001","E05000665"
"BL3 5PJ",10,370302,408290,"E92000001","E19000001","E18000002","","E08000001","E05000665"
"BL3 5PL",10,370117,408550,"E92000001","E19000001","E18000002","","E08000001","E05000665"
"BL3 5PN",10,370195,408172,"E92000001","E19000001","E18000002","","E08000001","E05000665"
"BL3 5PQ",10,370140,408122,"E92000001","E19000001","E18000002","","E08000001","E05000665"
"BL3 5PR",10,370187,408420,"E92000001","E19000001","E18000002","","E08000001","E05000665"
"BL3 5PS",10,370188,408393,"E92000001","E19000001","E18000002","","E08000001","E05000665"
"BL3 5PT",10,370117,408550,"E92000001","E19000001","E18000002","","E08000001","E05000665"
"BL3 5PU",10,370222,408310,"E92000001","E19000001","E18000002","","E08000001","E05000665"
"BL3 5PW",10,370121,408141,"E92000001","E19000001","E18000002","","E08000001","E05000665"
"BL3 5PX",10,370140,408304,"E92000001","E19000001","E18000002","","E08000001","E05000665"
"BL3 5PY",10,370011,408190,"E92000001","E19000001","E18000002","","E08000001","E05000665"
"BL3 5PZ",10,370081,408350,"E92000001","E19000001","E18000002","","E08000001","E05000665"
"BL3 5QA",10,370063,408491,"E92000001","E19000001","E18000002","","E08000001","E05000665"
"BL3 5QB",10,370025,408423,"E92000001","E19000001","E18000002","","E08000001","E05000665"
"BL3 5QD",10,370032,408396,"E92000001","E19000001","E18000002","","E08000001","E05000665"
"BL3 5QE",10,369579,408136,"E92000001","E19000001","E18000002","","E08000001","E05000665"
"BL3 5QH",10,369953,408226,"E92000001","E19000001","E18000002","","E08000001","E05000665"
"BL3 5QJ",10,369803,408158,"E92000001","E19000001","E18000002","","E08000001","E05000665"
"BL3 5QL",10,369829,408221,"E92000001","E19000001","E18000002","","E08000001","E05000665"
"BL3 5QN",10,369603,408255,"E92000001","E19000001","E18000002","","E08000001","E05000665"
"BL3 5QP",10,369660,408120,"E92000001","E19000001","E18000002","","E08000001","E05000665"
"BL3 5QQ",10,369549,408202,"E92000001","E19000001","E18000002","","E08000001","E05000665"
"BL3 5QR",10,369606,408188,"E92000001","E19000001","E18000002","","E08000001","E05000665"
"BL3 5QS",10,369633,408338,"E92000001","E19000001","E18000002","","E08000001","E05000665"
"BL3 5QT",10,369413,408019,"E92000001","E19000001","E18000002","","E08000001","E05000659"
"BL3 5QU",10,369399,407975,"E92000001","E19000001","E18000002","","E08000001","E05000662"
"BL3 5QW",10,369564,408296,"E92000001","E19000001","E18000002","","E08000001","E05000665"
"BL3 5QX",10,369543,408056,"E92000001","E19000001","E18000002","","E08000001","E05000665"
"BL3 5QY",10,369590,408050,"E92000001","E19000001","E18000002","","E08000001","E05000665"
"BL3 5QZ",10,369670,408090,"E92000001","E19000001","E18000002","","E08000001","E05000665"
"BL3 5RA",10,369741,408099,"E92000001","E19000001","E18000002","","E08000001","E05000665"
"BL3 5RB",10,369786,408107,"E92000001","E19000001","E18000002","","E08000001","E05000665"
"BL3 5RD",10,369896,408065,"E92000001","E19000001","E18000002","","E08000001","E05000665"
"BL3 5RE",10,369804,408120,"E92000001","E19000001","E18000002","","E08000001","E05000665"
"BL3 5RF",10,369850,408020,"E92000001","E19000001","E18000002","","E08000001","E05000665"
"BL3 5RG",10,369933,408002,"E92000001","E19000001","E18000002","","E08000001","E05000665"
"BL3 5RH",10,369928,408136,"E92000001","E19000001","E18000002","","E08000001","E05000665"
"BL3 5RJ",10,369965,407981,"E92000001","E19000001","E18000002","","E08000001","E05000665"
"BL3 5RL",10,369947,408071,"E92000001","E19000001","E18000002","","E08000001","E05000665"
"BL3 5RN",10,370008,408085,"E92000001","E19000001","E18000002","","E08000001","E05000665"
"BL3 5RQ",10,370024,407991,"E92000001","E19000001","E18000002","","E08000001","E05000665"
"BL3 5RR",10,369710,408038,"E92000001","E19000001","E18000002","","E08000001","E05000665"
"BL3 5RS",10,369787,408024,"E92000001","E19000001","E18000002","","E08000001","E05000665"
"BL3 5RW",10,369964,408169,"E92000001","E19000001","E18000002","","E08000001","E05000665"
"BL3 5SA",10,370072,408184,"E92000001","E19000001","E18000002","","E08000001","E05000665"
"BL3 5SB",10,370058,408212,"E92000001","E19000001","E18000002","","E08000001","E05000665"
"BL3 5SD",10,370114,408250,"E92000001","E19000001","E18000002","","E08000001","E05000665"
"BL3 5SE",10,370166,408239,"E92000001","E19000001","E18000002","","E08000001","E05000665"
"BL3 5SF",10,370255,408229,"E92000001","E19000001","E18000002","","E08000001","E05000665"
"BL3 5SG",10,370141,408264,"E92000001","E19000001","E18000002","","E08000001","E05000665"
"BL3 5SQ",10,370067,408262,"E92000001","E19000001","E18000002","","E08000001","E05000665"
"BL3 5WW",10,371936,410296,"E92000001","E19000001","E18000002","","E08000001","E05000654"
"BL3 6AB",10,371742,408770,"E92000001","E19000001","E18000002","","E08000001","E05000656"
"BL3 6AJ",10,371768,408733,"E92000001","E19000001","E18000002","","E08000001","E05000656"
"BL3 6AN",10,371424,408410,"E92000001","E19000001","E18000002","","E08000001","E05000656"
"BL3 6AP",10,371039,408190,"E92000001","E19000001","E18000002","","E08000001","E05000656"
"BL3 6AR",10,370934,408066,"E92000001","E19000001","E18000002","","E08000001","E05000656"
"BL3 6AS",10,371864,408607,"E92000001","E19000001","E18000002","","E08000001","E05000656"
"BL3 6AT",10,371764,408529,"E92000001","E19000001","E18000002","","E08000001","E05000656"
"BL3 6AU",10,371917,408529,"E92000001","E19000001","E18000002","","E08000001","E05000656"
"BL3 6AY",10,371857,408541,"E92000001","E19000001","E18000002","","E08000001","E05000656"
"BL3 6BA",10,371887,408362,"E92000001","E19000001","E18000002","","E08000001","E05000656"
"BL3 6BD",10,371894,408469,"E92000001","E19000001","E18000002","","E08000001","E05000656"
"BL3 6BF",10,371815,408326,"E92000001","E19000001","E18000002","","E08000001","E05000656"
"BL3 6BG",10,371950,408212,"E92000001","E19000001","E18000002","","E08000001","E05000656"
"BL3 6BH",10,371945,408344,"E92000001","E19000001","E18000002","","E08000001","E05000656"
"BL3 6BL",10,371860,408279,"E92000001","E19000001","E18000002","","E08000001","E05000656"
"BL3 6BN",10,371778,408183,"E92000001","E19000001","E18000002","","E08000001","E05000656"
"BL3 6BS",10,371704,408405,"E92000001","E19000001","E18000002","","E08000001","E05000656"
"BL3 6BT",10,371963,408182,"E92000001","E19000001","E18000002","","E08000001","E05000656"
"BL3 6BU",10,371694,408343,"E92000001","E19000001","E18000002","","E08000001","E05000656"
"BL3 6BW",10,371641,408281,"E92000001","E19000001","E18000002","","E08000001","E05000656"
"BL3 6BY",10,371787,408484,"E92000001","E19000001","E18000002","","E08000001","E05000656"
"BL3 6DA",10,371792,408565,"E92000001","E19000001","E18000002","","E08000001","E05000656"
"BL3 6DD",10,371735,408667,"E92000001","E19000001","E18000002","","E08000001","E05000656"
"BL3 6DE",10,371908,408549,"E92000001","E19000001","E18000002","","E08000001","E05000656"
"BL3 6DF",10,371827,408644,"E92000001","E19000001","E18000002","","E08000001","E05000656"
"BL3 6DG",10,371499,408398,"E92000001","E19000001","E18000002","","E08000001","E05000656"
"BL3 6DH",10,371474,408578,"E92000001","E19000001","E18000002","","E08000001","E05000656"
"BL3 6DP",10,372039,408377,"E92000001","E19000001","E18000002","","E08000001","E05000656"
"BL3 6DS",10,371504,408839,"E92000001","E19000001","E18000002","","E08000001","E05000656"
"BL3 6DT",10,371448,408850,"E92000001","E19000001","E18000002","","E08000001","E05000656"
"BL3 6DU",10,371868,408674,"E92000001","E19000001","E18000002","","E08000001","E05000656"
"BL3 6DW",10,371659,408326,"E92000001","E19000001","E18000002","","E08000001","E05000656"
"BL3 6DY",10,371840,408669,"E92000001","E19000001","E18000002","","E08000001","E05000656"
"BL3 6EB",10,371489,408753,"E92000001","E19000001","E18000002","","E08000001","E05000656"
"BL3 6EE",10,371489,408753,"E92000001","E19000001","E18000002","","E08000001","E05000656"
"BL3 6EF",10,371489,408753,"E92000001","E19000001","E18000002","","E08000001","E05000656"
"BL3 6EZ",10,371329,408541,"E92000001","E19000001","E18000002","","E08000001","E05000656"
"BL3 6GA",10,371910,408507,"E92000001","E19000001","E18000002","","E08000001","E05000656"
"BL3 6HE",10,371305,408563,"E92000001","E19000001","E18000002","","E08000001","E05000656"
"BL3 6HG",10,371161,408444,"E92000001","E19000001","E18000002","","E08000001","E05000665"
"BL3 6HH",10,371190,408422,"E92000001","E19000001","E18000002","","E08000001","E05000656"
"BL3 6HL",10,371360,408301,"E92000001","E19000001","E18000002","","E08000001","E05000656"
"BL3 6HP",10,371322,408397,"E92000001","E19000001","E18000002","","E08000001","E05000656"
"BL3 6HQ",10,371147,408456,"E92000001","E19000001","E18000002","","E08000001","E05000665"
"BL3 6HU",10,371313,408333,"E92000001","E19000001","E18000002","","E08000001","E05000656"
"BL3 6HY",10,371185,408341,"E92000001","E19000001","E18000002","","E08000001","E05000656"
"BL3 6JB",10,370616,407927,"E92000001","E19000001","E18000002","","E08000001","E05000665"
"BL3 6JF",10,371015,408144,"E92000001","E19000001","E18000002","","E08000001","E05000656"
"BL3 6JH",10,370950,408267,"E92000001","E19000001","E18000002","","E08000001","E05000665"
"BL3 6JJ",10,370894,408335,"E92000001","E19000001","E18000002","","E08000001","E05000665"
"BL3 6JL",10,370859,408291,"E92000001","E19000001","E18000002","","E08000001","E05000665"
"BL3 6JN",10,370959,408215,"E92000001","E19000001","E18000002","","E08000001","E05000665"
"BL3 6JP",10,370939,408218,"E92000001","E19000001","E18000002","","E08000001","E05000665"
"BL3 6JR",10,371091,408362,"E92000001","E19000001","E18000002","","E08000001","E05000665"
"BL3 6JS",10,370900,408253,"E92000001","E19000001","E18000002","","E08000001","E05000665"
"BL3 6JT",10,371017,408222,"E92000001","E19000001","E18000002","","E08000001","E05000656"
"BL3 6JU",10,370898,408186,"E92000001","E19000001","E18000002","","E08000001","E05000665"
"BL3 6JW",10,370973,408241,"E92000001","E19000001","E18000002","","E08000001","E05000665"
"BL3 6JY",10,370929,408166,"E92000001","E19000001","E18000002","","E08000001","E05000665"
"BL3 6JZ",10,370916,408013,"E92000001","E19000001","E18000002","","E08000001","E05000656"
"BL3 6LA",10,370896,408066,"E92000001","E19000001","E18000002","","E08000001","E05000656"
"BL3 6LD",10,370915,408063,"E92000001","E19000001","E18000002","","E08000001","E05000656"
"BL3 6LE",10,370658,407949,"E92000001","E19000001","E18000002","","E08000001","E05000665"
"BL3 6LF",10,370771,407985,"E92000001","E19000001","E18000002","","E08000001","E05000665"
"BL3 6LG",10,370538,408018,"E92000001","E19000001","E18000002","","E08000001","E05000665"
"BL3 6LH",10,370799,407967,"E92000001","E19000001","E18000002","","E08000001","E05000665"
"BL3 6LJ",10,370583,408047,"E92000001","E19000001","E18000002","","E08000001","E05000665"
"BL3 6LN",10,370588,407905,"E92000001","E19000001","E18000002","","E08000001","E05000665"
"BL3 6LP",10,370584,407958,"E92000001","E19000001","E18000002","","E08000001","E05000665"
"BL3 6LQ",10,370573,407950,"E92000001","E19000001","E18000002","","E08000001","E05000665"
"BL3 6LR",10,370739,407902,"E92000001","E19000001","E18000002","","E08000001","E05000665"
"BL3 6LS",10,370651,407876,"E92000001","E19000001","E18000002","","E08000001","E05000665"
"BL3 6LT",10,370627,407810,"E92000001","E19000001","E18000002","","E08000001","E05000665"
"BL3 6LU",10,370652,407821,"E92000001","E19000001","E18000002","","E08000001","E05000665"
"BL3 6LW",10,370590,407881,"E92000001","E19000001","E18000002","","E08000001","E05000665"
"BL3 6LX",10,370657,407765,"E92000001","E19000001","E18000002","","E08000001","E05000665"
"BL3 6LY",10,371170,408182,"E92000001","E19000001","E18000002","","E08000001","E05000656"
"BL3 6LZ",10,370673,407988,"E92000001","E19000001","E18000002","","E08000001","E05000665"
"BL3 6NA",10,371608,408161,"E92000001","E19000001","E18000002","","E08000001","E05000656"
"BL3 6ND",10,371594,408187,"E92000001","E19000001","E18000002","","E08000001","E05000656"
"BL3 6NE",10,371657,408156,"E92000001","E19000001","E18000002","","E08000001","E05000656"
"BL3 6NF",10,371297,408481,"E92000001","E19000001","E18000002","","E08000001","E05000656"
"BL3 6NG",10,371664,408053,"E92000001","E19000001","E18000002","","E08000001","E05000656"
"BL3 6NJ",10,371771,407877,"E92000001","E19000001","E18000002","","E08000001","E05000656"
"BL3 6NN",10,371759,408042,"E92000001","E19000001","E18000002","","E08000001","E05000656"
"BL3 6NQ",10,371613,408057,"E92000001","E19000001","E18000002","","E08000001","E05000656"
"BL3 6NR",10,371761,408160,"E92000001","E19000001","E18000002","","E08000001","E05000656"
"BL3 6NU",10,371788,408010,"E92000001","E19000001","E18000002","","E08000001","E05000656"
"BL3 6NX",10,371737,408088,"E92000001","E19000001","E18000002","","E08000001","E05000656"
"BL3 6NY",10,371831,408115,"E92000001","E19000001","E18000002","","E08000001","E05000656"
"BL3 6NZ",10,371763,408009,"E92000001","E19000001","E18000002","","E08000001","E05000656"
"BL3 6PA",10,371483,407818,"E92000001","E19000001","E18000002","","E08000001","E05000656"
"BL3 6PB",10,371666,407912,"E92000001","E19000001","E18000002","","E08000001","E05000656"
"BL3 6PD",10,371509,407883,"E92000001","E19000001","E18000002","","E08000001","E05000656"
"BL3 6PE",10,371222,407772,"E92000001","E19000001","E18000002","","E08000001","E05000656"
"BL3 6PF",10,370989,408052,"E92000001","E19000001","E18000002","","E08000001","E05000656"
"BL3 6PL",10,371258,407804,"E92000001","E19000001","E18000002","","E08000001","E05000656"
"BL3 6PN",10,371382,407687,"E92000001","E19000001","E18000002","","E08000001","E05000656"
"BL3 6PP",10,371194,407736,"E92000001","E19000001","E18000002","","E08000001","E05000656"
"BL3 6PQ",10,371332,407752,"E92000001","E19000001","E18000002","","E08000001","E05000656"
"BL3 6PU",10,371260,407770,"E92000001","E19000001","E18000002","","E08000001","E05000656"
"BL3 6PW",10,371323,407706,"E92000001","E19000001","E18000002","","E08000001","E05000656"
"BL3 6PY",10,371525,407733,"E92000001","E19000001","E18000002","","E08000001","E05000656"
"BL3 6QE",10,371544,407777,"E92000001","E19000001","E18000002","","E08000001","E05000656"
"BL3 6QG",10,371663,407694,"E92000001","E19000001","E18000002","","E08000001","E05000656"
"BL3 6QN",10,371697,407734,"E92000001","E19000001","E18000002","","E08000001","E05000656"
"BL3 6QP",10,371539,407837,"E92000001","E19000001","E18000002","","E08000001","E05000656"
"BL3 6QU",10,371716,407740,"E92000001","E19000001","E18000002","","E08000001","E05000656"
"BL3 6QX",10,371596,407667,"E92000001","E19000001","E18000002","","E08000001","E05000656"
"BL3 6QY",10,371618,407788,"E92000001","E19000001","E18000002","","E08000001","E05000656"
"BL3 6QZ",10,371623,407743,"E92000001","E19000001","E18000002","","E08000001","E05000656"
"BL3 6RA",10,371554,407662,"E92000001","E19000001","E18000002","","E08000001","E05000656"
"BL3 6RB",10,371457,407893,"E92000001","E19000001","E18000002","","E08000001","E05000656"
"BL3 6RD",10,371451,407956,"E92000001","E19000001","E18000002","","E08000001","E05000656"
"BL3 6RH",10,371482,407957,"E92000001","E19000001","E18000002","","E08000001","E05000656"
"BL3 6RJ",10,371481,407921,"E92000001","E19000001","E18000002","","E08000001","E05000656"
"BL3 6RL",10,371428,407995,"E92000001","E19000001","E18000002","","E08000001","E05000656"
"BL3 6RN",10,371456,407755,"E92000001","E19000001","E18000002","","E08000001","E05000656"
"BL3 6RR",10,371411,408093,"E92000001","E19000001","E18000002","","E08000001","E05000656"
"BL3 6RS",10,371388,408065,"E92000001","E19000001","E18000002","","E08000001","E05000656"
"BL3 6SA",10,371317,408076,"E92000001","E19000001","E18000002","","E08000001","E05000656"
"BL3 6SB",10,371185,408105,"E92000001","E19000001","E18000002","","E08000001","E05000656"
"BL3 6SD",10,371211,408065,"E92000001","E19000001","E18000002","","E08000001","E05000656"
"BL3 6SG",10,371307,408199,"E92000001","E19000001","E18000002","","E08000001","E05000656"
"BL3 6SJ",10,371202,407991,"E92000001","E19000001","E18000002","","E08000001","E05000656"
"BL3 6SL",10,371191,407940,"E92000001","E19000001","E18000002","","E08000001","E05000656"
"BL3 6SN",10,371307,407944,"E92000001","E19000001","E18000002","","E08000001","E05000656"
"BL3 6SP",10,371210,407887,"E92000001","E19000001","E18000002","","E08000001","E05000656"
"BL3 6SQ",10,371270,408175,"E92000001","E19000001","E18000002","","E08000001","E05000656"
"BL3 6SR",10,371160,407891,"E92000001","E19000001","E18000002","","E08000001","E05000656"
"BL3 6ST",10,371217,408035,"E92000001","E19000001","E18000002","","E08000001","E05000656"
"BL3 6SW",10,371212,407921,"E92000001","E19000001","E18000002","","E08000001","E05000656"
"BL3 6SX",10,370689,407713,"E92000001","E19000001","E18000002","","E08000001","E05000665"
"BL3 6SY",10,371029,407977,"E92000001","E19000001","E18000002","","E08000001","E05000656"
"BL3 6SZ",10,371016,407929,"E92000001","E19000001","E18000002","","E08000001","E05000665"
"BL3 6TA",10,370892,407986,"E92000001","E19000001","E18000002","","E08000001","E05000665"
"BL3 6TD",10,370994,407843,"E92000001","E19000001","E18000002","","E08000001","E05000665"
"BL3 6TE",10,371004,407909,"E92000001","E19000001","E18000002","","E08000001","E05000665"
"BL3 6TF",10,370914,407897,"E92000001","E19000001","E18000002","","E08000001","E05000665"
"BL3 6TG",10,370957,407874,"E92000001","E19000001","E18000002","","E08000001","E05000665"
"BL3 6TH",10,370964,407775,"E92000001","E19000001","E18000002","","E08000001","E05000656"
"BL3 6TJ",10,370864,407741,"E92000001","E19000001","E18000002","","E08000001","E05000665"
"BL3 6TL",10,370798,407906,"E92000001","E19000001","E18000002","","E08000001","E05000665"
"BL3 6TN",10,370783,407884,"E92000001","E19000001","E18000002","","E08000001","E05000665"
"BL3 6TP",10,370798,407823,"E92000001","E19000001","E18000002","","E08000001","E05000665"
"BL3 6TQ",10,370890,407822,"E92000001","E19000001","E18000002","","E08000001","E05000665"
"BL3 6TR",10,370717,407862,"E92000001","E19000001","E18000002","","E08000001","E05000665"
"BL3 6TS",10,370803,407795,"E92000001","E19000001","E18000002","","E08000001","E05000665"
"BL3 6TT",10,370832,407769,"E92000001","E19000001","E18000002","","E08000001","E05000665"
"BL3 6TU",10,370881,407802,"E92000001","E19000001","E18000002","","E08000001","E05000665"
"BL3 6TW",10,370742,407861,"E92000001","E19000001","E18000002","","E08000001","E05000665"
"BL3 6TX",10,370791,407677,"E92000001","E19000001","E18000002","","E08000001","E05000665"
"BL3 6TY",10,370780,407696,"E92000001","E19000001","E18000002","","E08000001","E05000665"
"BL3 6TZ",10,370739,407744,"E92000001","E19000001","E18000002","","E08000001","E05000665"
"BL3 6UE",10,370689,407762,"E92000001","E19000001","E18000002","","E08000001","E05000665"
"BL3 6UF",10,370612,407653,"E92000001","E19000001","E18000002","","E08000001","E05000665"
"BL3 6UG",10,370603,407676,"E92000001","E19000001","E18000002","","E08000001","E05000665"
"BL3 6UJ",10,371189,407714,"E92000001","E19000001","E18000002","","E08000001","E05000656"
"BL3 6UL",10,371101,407971,"E92000001","E19000001","E18000002","","E08000001","E05000656"
"BL3 6UP",10,371192,407631,"E92000001","E19000001","E18000002","","E08000001","E05000656"
"BL3 6UQ",10,370647,407634,"E92000001","E19000001","E18000002","","E08000001","E05000665"
"BL3 6UR",10,371139,407664,"E92000001","E19000001","E18000002","","E08000001","E05000656"
"BL3 6US",10,371245,407649,"E92000001","E19000001","E18000002","","E08000001","E05000656"
"BL3 6UT",10,371288,407659,"E92000001","E19000001","E18000002","","E08000001","E05000656"
"BL3 6UU",10,371298,407676,"E92000001","E19000001","E18000002","","E08000001","E05000656"
"BL3 6UX",10,371307,407694,"E92000001","E19000001","E18000002","","E08000001","E05000656"
"BL3 6UY",10,371268,407695,"E92000001","E19000001","E18000002","","E08000001","E05000656"
"BL3 6UZ",10,371225,407710,"E92000001","E19000001","E18000002","","E08000001","E05000656"
"BL3 6XB",10,371201,408369,"E92000001","E19000001","E18000002","","E08000001","E05000656"
"BL3 6XD",10,371136,408322,"E92000001","E19000001","E18000002","","E08000001","E05000656"
"BL3 6XE",10,371147,408283,"E92000001","E19000001","E18000002","","E08000001","E05000656"
"BL3 6XF",10,371166,408279,"E92000001","E19000001","E18000002","","E08000001","E05000656"
"BL3 6XG",10,371139,408264,"E92000001","E19000001","E18000002","","E08000001","E05000656"
"BL3 6XH",10,371113,408239,"E92000001","E19000001","E18000002","","E08000001","E05000656"
"BL3 6XJ",10,371077,408219,"E92000001","E19000001","E18000002","","E08000001","E05000656"
"BL3 6XL",10,371106,408205,"E92000001","E19000001","E18000002","","E08000001","E05000656"
"BL3 6XN",10,371277,408307,"E92000001","E19000001","E18000002","","E08000001","E05000656"
"BL3 6XQ",10,371093,408272,"E92000001","E19000001","E18000002","","E08000001","E05000656"
"BL3 6YA",10,371535,407938,"E92000001","E19000001","E18000002","","E08000001","E05000656"
"BL3 6YB",10,371573,407947,"E92000001","E19000001","E18000002","","E08000001","E05000656"
"BL3 6YD",10,371594,407968,"E92000001","E19000001","E18000002","","E08000001","E05000656"
"BL3 6YE",10,371584,408020,"E92000001","E19000001","E18000002","","E08000001","E05000656"
"BL3 6YF",10,371537,408003,"E92000001","E19000001","E18000002","","E08000001","E05000656"
"BL3 6YG",10,371580,408064,"E92000001","E19000001","E18000002","","E08000001","E05000656"
"BL3 6YH",10,371513,407989,"E92000001","E19000001","E18000002","","E08000001","E05000656"
"BL3 6YJ",10,371487,408051,"E92000001","E19000001","E18000002","","E08000001","E05000656"
"BL3 6YL",10,371514,408118,"E92000001","E19000001","E18000002","","E08000001","E05000656"
"BL3 6YQ",10,371539,408071,"E92000001","E19000001","E18000002","","E08000001","E05000656"
"BL4 0AA",10,372964,405939,"E92000001","E19000001","E18000002","","E08000001","E05000655"
"BL4 0AB",10,372906,405827,"E92000001","E19000001","E18000002","","E08000001","E05000655"
"BL4 0AD",10,372752,405711,"E92000001","E19000001","E18000002","","E08000001","E05000655"
"BL4 0AE",10,372751,405672,"E92000001","E19000001","E18000002","","E08000001","E05000655"
"BL4 0AF",10,372172,405567,"E92000001","E19000001","E18000002","","E08000001","E05000658"
"BL4 0AG",10,372709,405605,"E92000001","E19000001","E18000002","","E08000001","E05000655"
"BL4 0AH",10,372580,405644,"E92000001","E19000001","E18000002","","E08000001","E05000655"
"BL4 0AJ",10,372376,405650,"E92000001","E19000001","E18000002","","E08000001","E05000655"
"BL4 0AL",10,372438,405623,"E92000001","E19000001","E18000002","","E08000001","E05000655"
"BL4 0AN",10,370003,406140,"E92000001","E19000001","E18000002","","E08000001","E05000662"
"BL4 0AP",10,372214,405743,"E92000001","E19000001","E18000002","","E08000001","E05000658"
"BL4 0AQ",10,372586,405685,"E92000001","E19000001","E18000002","","E08000001","E05000655"
"BL4 0AR",10,372340,405715,"E92000001","E19000001","E18000002","","E08000001","E05000655"
"BL4 0AS",10,372318,405752,"E92000001","E19000001","E18000002","","E08000001","E05000655"
"BL4 0AT",10,372409,405751,"E92000001","E19000001","E18000002","","E08000001","E05000655"
"BL4 0AU",10,372548,405711,"E92000001","E19000001","E18000002","","E08000001","E05000655"
"BL4 0AW",10,372190,405650,"E92000001","E19000001","E18000002","","E08000001","E05000658"
"BL4 0AX",10,372491,405685,"E92000001","E19000001","E18000002","","E08000001","E05000655"
"BL4 0AY",10,372538,405786,"E92000001","E19000001","E18000002","","E08000001","E05000655"
"BL4 0AZ",10,372620,405787,"E92000001","E19000001","E18000002","","E08000001","E05000655"
"BL4 0BA",10,372738,405742,"E92000001","E19000001","E18000002","","E08000001","E05000655"
"BL4 0BB",10,372649,405720,"E92000001","E19000001","E18000002","","E08000001","E05000655"
"BL4 0BD",10,372663,405809,"E92000001","E19000001","E18000002","","E08000001","E05000655"
"BL4 0BE",10,372721,405797,"E92000001","E19000001","E18000002","","E08000001","E05000655"
"BL4 0BF",10,372468,405772,"E92000001","E19000001","E18000002","","E08000001","E05000655"
"BL4 0BG",10,372827,405817,"E92000001","E19000001","E18000002","","E08000001","E05000655"
"BL4 0BH",10,372692,405838,"E92000001","E19000001","E18000002","","E08000001","E05000655"
"BL4 0BJ",10,372708,405899,"E92000001","E19000001","E18000002","","E08000001","E05000655"
"BL4 0BL",10,372654,405897,"E92000001","E19000001","E18000002","","E08000001","E05000655"
"BL4 0BN",10,372604,405878,"E92000001","E19000001","E18000002","","E08000001","E05000655"
"BL4 0BP",10,372396,405844,"E92000001","E19000001","E18000002","","E08000001","E05000655"
"BL4 0BQ",10,372850,405879,"E92000001","E19000001","E18000002","","E08000001","E05000655"
"BL4 0BR",10,372282,405883,"E92000001","E19000001","E18000002","","E08000001","E05000655"
"BL4 0BS",10,372359,405907,"E92000001","E19000001","E18000002","","E08000001","E05000658"
"BL4 0BT",10,372487,405886,"E92000001","E19000001","E18000002","","E08000001","E05000655"
"BL4 0BU",10,372612,405952,"E92000001","E19000001","E18000002","","E08000001","E05000658"
"BL4 0BW",10,372492,405806,"E92000001","E19000001","E18000002","","E08000001","E05000655"
"BL4 0BX",10,372679,405924,"E92000001","E19000001","E18000002","","E08000001","E05000655"
"BL4 0BY",10,372661,405980,"E92000001","E19000001","E18000002","","E08000001","E05000658"
"BL4 0BZ",10,372863,405899,"E92000001","E19000001","E18000002","","E08000001","E05000655"
"BL4 0DA",10,372817,405945,"E92000001","E19000001","E18000002","","E08000001","E05000655"
"BL4 0DB",10,369990,406151,"E92000001","E19000001","E18000002","","E08000001","E05000662"
"BL4 0DF",10,372514,405931,"E92000001","E19000001","E18000002","","E08000001","E05000658"
"BL4 0DH",10,372778,406062,"E92000001","E19000001","E18000002","","E08000001","E05000655"
"BL4 0DJ",10,372717,406013,"E92000001","E19000001","E18000002","","E08000001","E05000658"
"BL4 0DL",10,372656,406116,"E92000001","E19000001","E18000002","","E08000001","E05000658"
"BL4 0DN",10,372558,406227,"E92000001","E19000001","E18000002","","E08000001","E05000658"
"BL4 0DP",10,372378,406211,"E92000001","E19000001","E18000002","","E08000001","E05000658"
"BL4 0DR",10,372486,406252,"E92000001","E19000001","E18000002","","E08000001","E05000658"
"BL4 0DS",10,372554,406267,"E92000001","E19000001","E18000002","","E08000001","E05000658"
"BL4 0DT",10,372502,406342,"E92000001","E19000001","E18000002","","E08000001","E05000658"
"BL4 0DU",10,372613,406376,"E92000001","E19000001","E18000002","","E08000001","E05000655"
"BL4 0DW",10,372468,406161,"E92000001","E19000001","E18000002","","E08000001","E05000658"
"BL4 0DX",10,372509,406477,"E92000001","E19000001","E18000002","","E08000001","E05000658"
"BL4 0DY",10,372529,406393,"E92000001","E19000001","E18000002","","E08000001","E05000658"
"BL4 0DZ",10,372452,406364,"E92000001","E19000001","E18000002","","E08000001","E05000658"
"BL4 0EA",10,372459,406519,"E92000001","E19000001","E18000002","","E08000001","E05000658"
"BL4 0EB",10,372376,406426,"E92000001","E19000001","E18000002","","E08000001","E05000658"
"BL4 0ED",10,372344,406328,"E92000001","E19000001","E18000002","","E08000001","E05000658"
"BL4 0EE",10,372264,406386,"E92000001","E19000001","E18000002","","E08000001","E05000658"
"BL4 0EF",10,372305,406313,"E92000001","E19000001","E18000002","","E08000001","E05000658"
"BL4 0EG",10,372330,406236,"E92000001","E19000001","E18000002","","E08000001","E05000658"
"BL4 0EH",10,372311,406104,"E92000001","E19000001","E18000002","","E08000001","E05000658"
"BL4 0EJ",10,372444,406036,"E92000001","E19000001","E18000002","","E08000001","E05000658"
"BL4 0EL",10,372321,406043,"E92000001","E19000001","E18000002","","E08000001","E05000658"
"BL4 0EN",10,372386,406023,"E92000001","E19000001","E18000002","","E08000001","E05000658"
"BL4 0EP",10,372487,406140,"E92000001","E19000001","E18000002","","E08000001","E05000658"
"BL4 0EQ",10,372316,406184,"E92000001","E19000001","E18000002","","E08000001","E05000658"
"BL4 0ER",10,372627,406115,"E92000001","E19000001","E18000002","","E08000001","E05000658"
"BL4 0ES",10,372547,406085,"E92000001","E19000001","E18000002","","E08000001","E05000658"
"BL4 0ET",10,372470,406036,"E92000001","E19000001","E18000002","","E08000001","E05000658"
"BL4 0EU",10,372581,405978,"E92000001","E19000001","E18000002","","E08000001","E05000658"
"BL4 0EW",10,372337,405938,"E92000001","E19000001","E18000002","","E08000001","E05000658"
"BL4 0HA",10,371993,406570,"E92000001","E19000001","E18000002","","E08000001","E05000658"
"BL4 0HB",10,372247,405945,"E92000001","E19000001","E18000002","","E08000001","E05000658"
"BL4 0HD",10,372175,406078,"E92000001","E19000001","E18000002","","E08000001","E05000658"
"BL4 0HE",10,372123,406037,"E92000001","E19000001","E18000002","","E08000001","E05000658"
"BL4 0HF",10,372101,406109,"E92000001","E19000001","E18000002","","E08000001","E05000658"
"BL4 0HG",10,372148,406184,"E92000001","E19000001","E18000002","","E08000001","E05000658"
"BL4 0HH",10,372066,406230,"E92000001","E19000001","E18000002","","E08000001","E05000658"
"BL4 0HJ",10,372083,406328,"E92000001","E19000001","E18000002","","E08000001","E05000658"
"BL4 0HL",10,372156,406441,"E92000001","E19000001","E18000002","","E08000001","E05000658"
"BL4 0HN",10,372087,406361,"E92000001","E19000001","E18000002","","E08000001","E05000658"
"BL4 0HP",10,372049,406423,"E92000001","E19000001","E18000002","","E08000001","E05000658"
"BL4 0HQ",10,372145,406270,"E92000001","E19000001","E18000002","","E08000001","E05000658"
"BL4 0HR",10,372104,406514,"E92000001","E19000001","E18000002","","E08000001","E05000658"
"BL4 0HS",10,371786,406572,"E92000001","E19000001","E18000002","","E08000001","E05000658"
"BL4 0HT",10,372032,406610,"E92000001","E19000001","E18000002","","E08000001","E05000658"
"BL4 0HU",10,372124,406590,"E92000001","E19000001","E18000002","","E08000001","E05000658"
"BL4 0HW",10,372004,406426,"E92000001","E19000001","E18000002","","E08000001","E05000658"
"BL4 0HX",10,372144,406562,"E92000001","E19000001","E18000002","","E08000001","E05000658"
"BL4 0HY",10,372186,406446,"E92000001","E19000001","E18000002","","E08000001","E05000658"
"BL4 0HZ",10,372168,406606,"E92000001","E19000001","E18000002","","E08000001","E05000658"
"BL4 0JA",10,372210,406613,"E92000001","E19000001","E18000002","","E08000001","E05000658"
"BL4 0JB",10,372276,406650,"E92000001","E19000001","E18000002","","E08000001","E05000658"
"BL4 0JD",10,372271,406474,"E92000001","E19000001","E18000002","","E08000001","E05000658"
"BL4 0JE",10,372226,406457,"E92000001","E19000001","E18000002","","E08000001","E05000658"
"BL4 0JF",10,372245,406293,"E92000001","E19000001","E18000002","","E08000001","E05000658"
"BL4 0JG",10,372248,406119,"E92000001","E19000001","E18000002","","E08000001","E05000658"
"BL4 0JH",10,372203,406273,"E92000001","E19000001","E18000002","","E08000001","E05000658"
"BL4 0JJ",10,371939,405925,"E92000001","E19000001","E18000002","","E08000001","E05000658"
"BL4 0JL",10,371649,406052,"E92000001","E19000001","E18000002","","E08000001","E05000658"
"BL4 0JP",10,372156,405889,"E92000001","E19000001","E18000002","","E08000001","E05000658"
"BL4 0JQ",10,372204,406102,"E92000001","E19000001","E18000002","","E08000001","E05000658"
"BL4 0JR",10,371617,406456,"E92000001","E19000001","E18000002","","E08000001","E05000658"
"BL4 0JT",10,371898,405904,"E92000001","E19000001","E18000002","","E08000001","E05000658"
"BL4 0JU",10,371920,405870,"E92000001","E19000001","E18000002","","E08000001","E05000658"
"BL4 0JW",10,370273,406014,"E92000001","E19000001","E18000002","","E08000001","E05000662"
"BL4 0JX",10,371612,405981,"E92000001","E19000001","E18000002","","E08000001","E05000658"
"BL4 0JY",10,371614,405922,"E92000001","E19000001","E18000002","","E08000001","E05000658"
"BL4 0JZ",10,371640,405877,"E92000001","E19000001","E18000002","","E08000001","E05000658"
"BL4 0LA",10,371389,405926,"E92000001","E19000001","E18000002","","E08000001","E05000658"
"BL4 0LB",10,371390,405886,"E92000001","E19000001","E18000002","","E08000001","E05000658"
"BL4 0LD",10,371167,405879,"E92000001","E19000001","E18000002","","E08000001","E05000658"
"BL4 0LE",10,370967,405886,"E92000001","E19000001","E18000002","","E08000001","E05000658"
"BL4 0LF",10,370887,405920,"E92000001","E19000001","E18000002","","E08000001","E05000662"
"BL4 0LG",10,370837,405940,"E92000001","E19000001","E18000002","","E08000001","E05000662"
"BL4 0LH",10,370611,405948,"E92000001","E19000001","E18000002","","E08000001","E05000662"
"BL4 0LJ",10,370551,406397,"E92000001","E19000001","E18000002","","E08000001","E05000662"
"BL4 0LL",10,370281,406437,"E92000001","E19000001","E18000002","","E08000001","E05000662"
"BL4 0LN",10,370407,405978,"E92000001","E19000001","E18000002","","E08000001","E05000662"
"BL4 0LP",10,370125,405999,"E92000001","E19000001","E18000002","","E08000001","E05000662"
"BL4 0LQ",10,370820,406166,"E92000001","E19000001","E18000002","","E08000001","E05000662"
"BL4 0LR",10,370021,406065,"E92000001","E19000001","E18000002","","E08000001","E05000662"
"BL4 0LS",10,364423,410315,"E92000001","E19000001","E18000002","","E08000001","E05000660"
"BL4 0LT",10,372015,405937,"E92000001","E19000001","E18000002","","E08000001","E05000658"
"BL4 0LU",10,372010,406165,"E92000001","E19000001","E18000002","","E08000001","E05000658"
"BL4 0LW",10,370080,406012,"E92000001","E19000001","E18000002","","E08000001","E05000662"
"BL4 0LX",10,371973,406077,"E92000001","E19000001","E18000002","","E08000001","E05000658"
"BL4 0LY",10,371914,406029,"E92000001","E19000001","E18000002","","E08000001","E05000658"
"BL4 0LZ",10,371931,406096,"E92000001","E19000001","E18000002","","E08000001","E05000658"
"BL4 0NA",10,371905,405983,"E92000001","E19000001","E18000002","","E08000001","E05000658"
"BL4 0NB",10,371835,406066,"E92000001","E19000001","E18000002","","E08000001","E05000658"
"BL4 0ND",10,371807,405971,"E92000001","E19000001","E18000002","","E08000001","E05000658"
"BL4 0NE",10,371775,405968,"E92000001","E19000001","E18000002","","E08000001","E05000658"
"BL4 0NF",10,371719,405980,"E92000001","E19000001","E18000002","","E08000001","E05000658"
"BL4 0NG",10,371685,406048,"E92000001","E19000001","E18000002","","E08000001","E05000658"
"BL4 0NH",10,372102,405974,"E92000001","E19000001","E18000002","","E08000001","E05000658"
"BL4 0NL",10,372375,406689,"E92000001","E19000001","E18000002","","E08000001","E05000658"
"BL4 0NN",10,370042,406065,"E92000001","E19000001","E18000002","","E08000001","E05000662"
"BL4 0NP",10,371313,405749,"E92000001","E19000001","E18000002","","E08000001","E05000658"
"BL4 0NQ",10,371772,406093,"E92000001","E19000001","E18000002","","E08000001","E05000658"
"BL4 0NR",10,371433,405723,"E92000001","E19000001","E18000002","","E08000001","E05000658"
"BL4 0NS",10,371447,405623,"E92000001","E19000001","E18000002","","E08000001","E05000658"
"BL4 0NT",10,371634,405717,"E92000001","E19000001","E18000002","","E08000001","E05000658"
"BL4 0NU",10,371642,405773,"E92000001","E19000001","E18000002","","E08000001","E05000658"
"BL4 0NW",10,371555,405623,"E92000001","E19000001","E18000002","","E08000001","E05000658"
"BL4 0NX",10,371774,405635,"E92000001","E19000001","E18000002","","E08000001","E05000658"
"BL4 0NY",10,371750,405738,"E92000001","E19000001","E18000002","","E08000001","E05000658"
"BL4 0NZ",10,371850,405829,"E92000001","E19000001","E18000002","","E08000001","E05000658"
"BL4 0PA",10,371703,405837,"E92000001","E19000001","E18000002","","E08000001","E05000658"
"BL4 0PB",10,371563,405808,"E92000001","E19000001","E18000002","","E08000001","E05000658"
"BL4 0PD",10,371466,405825,"E92000001","E19000001","E18000002","","E08000001","E05000658"
"BL4 0PE",10,371330,405860,"E92000001","E19000001","E18000002","","E08000001","E05000658"
"BL4 0PF",10,371237,405821,"E92000001","E19000001","E18000002","","E08000001","E05000658"
"BL4 0PG",10,371188,405794,"E92000001","E19000001","E18000002","","E08000001","E05000658"
"BL4 0PH",10,371008,405813,"E92000001","E19000001","E18000002","","E08000001","E05000658"
"BL4 0PJ",10,371415,405310,"E92000001","E19000001","E18000002","","E08000001","E05000658"
"BL4 0PL",10,371481,405294,"E92000001","E19000001","E18000002","","E08000001","E05000658"
"BL4 0PP",10,371183,405643,"E92000001","E19000001","E18000002","","E08000001","E05000658"
"BL4 0PQ",10,371160,405754,"E92000001","E19000001","E18000002","","E08000001","E05000658"
"BL4 0PR",10,371228,405475,"E92000001","E19000001","E18000002","","E08000001","E05000658"
"BL4 0PS",10,371302,405490,"E92000001","E19000001","E18000002","","E08000001","E05000658"
"BL4 0PT",10,371287,405515,"E92000001","E19000001","E18000002","","E08000001","E05000658"
"BL4 0PU",10,371262,405587,"E92000001","E19000001","E18000002","","E08000001","E05000658"
"BL4 0PX",10,371407,405580,"E92000001","E19000001","E18000002","","E08000001","E05000658"
"BL4 0PY",10,371367,405549,"E92000001","E19000001","E18000002","","E08000001","E05000658"
"BL4 0PZ",10,371460,405493,"E92000001","E19000001","E18000002","","E08000001","E05000658"
"BL4 0QA",10,371477,405432,"E92000001","E19000001","E18000002","","E08000001","E05000658"
"BL4 0QB",10,371473,405568,"E92000001","E19000001","E18000002","","E08000001","E05000658"
"BL4 0QD",10,371602,405542,"E92000001","E19000001","E18000002","","E08000001","E05000658"
"BL4 0QE",10,371649,405616,"E92000001","E19000001","E18000002","","E08000001","E05000658"
"BL4 0QF",10,371605,405591,"E92000001","E19000001","E18000002","","E08000001","E05000658"
"BL4 0QG",10,371674,405468,"E92000001","E19000001","E18000002","","E08000001","E05000658"
"BL4 0QH",10,371601,405385,"E92000001","E19000001","E18000002","","E08000001","E05000658"
"BL4 0QJ",10,371648,405364,"E92000001","E19000001","E18000002","","E08000001","E05000658"
"BL4 0QL",10,371545,405446,"E92000001","E19000001","E18000002","","E08000001","E05000658"
"BL4 0QN",10,371607,405449,"E92000001","E19000001","E18000002","","E08000001","E05000658"
"BL4 0QP",10,371741,405618,"E92000001","E19000001","E18000002","","E08000001","E05000658"
"BL4 0QQ",10,371711,405302,"E92000001","E19000001","E18000002","","E08000001","E05000658"
"BL4 0QR",10,371756,405548,"E92000001","E19000001","E18000002","","E08000001","E05000658"
"BL4 0QS",10,371759,405482,"E92000001","E19000001","E18000002","","E08000001","E05000658"
"BL4 0QT",10,371775,405394,"E92000001","E19000001","E18000002","","E08000001","E05000658"
"BL4 0QU",10,371785,405325,"E92000001","E19000001","E18000002","","E08000001","E05000658"
"BL4 0QW",10,371429,405412,"E92000001","E19000001","E18000002","","E08000001","E05000658"
"BL4 0QX",10,371886,405328,"E92000001","E19000001","E18000002","","E08000001","E05000658"
"BL4 0QY",10,371583,405291,"E92000001","E19000001","E18000002","","E08000001","E05000658"
"BL4 0QZ",10,371638,405675,"E92000001","E19000001","E18000002","","E08000001","E05000658"
"BL4 0RA",10,371904,405613,"E92000001","E19000001","E18000002","","E08000001","E05000658"
"BL4 0RB",10,371896,405585,"E92000001","E19000001","E18000002","","E08000001","E05000658"
"BL4 0RD",10,371873,405511,"E92000001","E19000001","E18000002","","E08000001","E05000658"
"BL4 0RE",10,371888,405417,"E92000001","E19000001","E18000002","","E08000001","E05000658"
"BL4 0RF",10,371894,405388,"E92000001","E19000001","E18000002","","E08000001","E05000658"
"BL4 0RG",10,371947,405343,"E92000001","E19000001","E18000002","","E08000001","E05000658"
"BL4 0RH",10,371855,405537,"E92000001","E19000001","E18000002","","E08000001","E05000658"
"BL4 0RJ",10,371247,405412,"E92000001","E19000001","E18000002","","E08000001","E05000658"
"BL4 0RL",10,371278,405325,"E92000001","E19000001","E18000002","","E08000001","E05000658"
"BL4 0RN",10,372022,405452,"E92000001","E19000001","E18000002","","E08000001","E05000658"
"BL4 0RP",10,372011,405359,"E92000001","E19000001","E18000002","","E08000001","E05000658"
"BL4 0RQ",10,371923,405480,"E92000001","E19000001","E18000002","","E08000001","E05000658"
"BL4 0RR",10,372094,405462,"E92000001","E19000001","E18000002","","E08000001","E05000658"
"BL4 4AR",10,364423,410315,"E92000001","E19000001","E18000002","","E08000001","E05000660"
"BL4 7AB",10,373981,405863,"E92000001","E19000001","E18000002","","E08000001","E05000655"
"BL4 7AD",10,373622,405816,"E92000001","E19000001","E18000002","","E08000001","E05000655"
"BL4 7AE",10,373890,406204,"E92000001","E19000001","E18000002","","E08000001","E05000655"
"BL4 7AF",10,373906,405854,"E92000001","E19000001","E18000002","","E08000001","E05000655"
"BL4 7AG",10,373837,405875,"E92000001","E19000001","E18000002","","E08000001","E05000655"
"BL4 7AH",10,373805,406011,"E92000001","E19000001","E18000002","","E08000001","E05000655"
"BL4 7AJ",10,373769,406006,"E92000001","E19000001","E18000002","","E08000001","E05000655"
"BL4 7AL",10,373731,405914,"E92000001","E19000001","E18000002","","E08000001","E05000655"
"BL4 7AN",10,373777,405831,"E92000001","E19000001","E18000002","","E08000001","E05000655"
"BL4 7AP",10,373802,405812,"E92000001","E19000001","E18000002","","E08000001","E05000655"
"BL4 7AQ",10,373062,406335,"E92000001","E19000001","E18000002","","E08000001","E05000655"
"BL4 7AR",10,373803,405864,"E92000001","E19000001","E18000002","","E08000001","E05000655"
"BL4 7AS",10,373750,405788,"E92000001","E19000001","E18000002","","E08000001","E05000655"
"BL4 7AT",10,373778,406172,"E92000001","E19000001","E18000002","","E08000001","E05000655"
"BL4 7AW",10,373716,405855,"E92000001","E19000001","E18000002","","E08000001","E05000655"
"BL4 7AX",10,373661,405760,"E92000001","E19000001","E18000002","","E08000001","E05000655"
"BL4 7AZ",10,373981,405863,"E92000001","E19000001","E18000002","","E08000001","E05000655"
"BL4 7BA",10,373506,405910,"E92000001","E19000001","E18000002","","E08000001","E05000655"
"BL4 7BB",10,373507,405846,"E92000001","E19000001","E18000002","","E08000001","E05000655"
"BL4 7BD",10,373481,405839,"E92000001","E19000001","E18000002","","E08000001","E05000655"
"BL4 7BE",10,373491,405786,"E92000001","E19000001","E18000002","","E08000001","E05000655"
"BL4 7BG",10,373468,405727,"E92000001","E19000001","E18000002","","E08000001","E05000655"
"BL4 7BH",10,373388,405773,"E92000001","E19000001","E18000002","","E08000001","E05000655"
"BL4 7BJ",10,373229,405752,"E92000001","E19000001","E18000002","","E08000001","E05000655"
"BL4 7BL",10,373235,405684,"E92000001","E19000001","E18000002","","E08000001","E05000655"
"BL4 7BN",10,373195,405737,"E92000001","E19000001","E18000002","","E08000001","E05000655"
"BL4 7BP",10,372946,405696,"E92000001","E19000001","E18000002","","E08000001","E05000655"
"BL4 7BQ",10,373350,405692,"E92000001","E19000001","E18000002","","E08000001","E05000655"
"BL4 7BR",10,373202,405826,"E92000001","E19000001","E18000002","","E08000001","E05000655"
"BL4 7BS",10,373337,405865,"E92000001","E19000001","E18000002","","E08000001","E05000655"
"BL4 7BT",10,373355,405804,"E92000001","E19000001","E18000002","","E08000001","E05000655"
"BL4 7BU",10,373412,405887,"E92000001","E19000001","E18000002","","E08000001","E05000655"
"BL4 7BX",10,373315,405884,"E92000001","E19000001","E18000002","","E08000001","E05000655"
"BL4 7BY",10,373696,405986,"E92000001","E19000001","E18000002","","E08000001","E05000655"
"BL4 7BZ",10,373221,405886,"E92000001","E19000001","E18000002","","E08000001","E05000655"
"BL4 7DA",10,373183,405920,"E92000001","E19000001","E18000002","","E08000001","E05000655"
"BL4 7DB",10,373114,405827,"E92000001","E19000001","E18000002","","E08000001","E05000655"
"BL4 7DD",10,373045,405840,"E92000001","E19000001","E18000002","","E08000001","E05000655"
"BL4 7DE",10,373050,405780,"E92000001","E19000001","E18000002","","E08000001","E05000655"
"BL4 7DF",10,373053,405749,"E92000001","E19000001","E18000002","","E08000001","E05000655"
"BL4 7DG",10,373025,405840,"E92000001","E19000001","E18000002","","E08000001","E05000655"
"BL4 7DH",10,373136,405941,"E92000001","E19000001","E18000002","","E08000001","E05000655"
"BL4 7DJ",10,372981,405659,"E92000001","E19000001","E18000002","","E08000001","E05000655"
"BL4 7DN",10,373289,405984,"E92000001","E19000001","E18000002","","E08000001","E05000655"
"BL4 7DP",10,373295,405958,"E92000001","E19000001","E18000002","","E08000001","E05000655"
"BL4 7DQ",10,373090,405913,"E92000001","E19000001","E18000002","","E08000001","E05000655"
"BL4 7DR",10,373399,405917,"E92000001","E19000001","E18000002","","E08000001","E05000655"
"BL4 7DS",10,373352,405930,"E92000001","E19000001","E18000002","","E08000001","E05000655"
"BL4 7DT",10,373576,405915,"E92000001","E19000001","E18000002","","E08000001","E05000655"
"BL4 7DW",10,373275,405976,"E92000001","E19000001","E18000002","","E08000001","E05000655"
"BL4 7DX",10,373706,405882,"E92000001","E19000001","E18000002","","E08000001","E05000655"
"BL4 7DY",10,373320,406063,"E92000001","E19000001","E18000002","","E08000001","E05000655"
"BL4 7DZ",10,373371,405745,"E92000001","E19000001","E18000002","","E08000001","E05000655"
"BL4 7EA",10,373162,406455,"E92000001","E19000001","E18000002","","E08000001","E05000655"
"BL4 7EB",10,373162,406455,"E92000001","E19000001","E18000002","","E08000001","E05000655"
"BL4 7ED",10,373557,406244,"E92000001","E19000001","E18000002","","E08000001","E05000655"
"BL4 7EE",10,373074,405993,"E92000001","E19000001","E18000002","","E08000001","E05000655"
"BL4 7EF",10,373103,405715,"E92000001","E19000001","E18000002","","E08000001","E05000655"
"BL4 7EH",10,373494,406243,"E92000001","E19000001","E18000002","","E08000001","E05000655"
"BL4 7EJ",10,373394,406150,"E92000001","E19000001","E18000002","","E08000001","E05000655"
"BL4 7EL",10,373418,406115,"E92000001","E19000001","E18000002","","E08000001","E05000655"
"BL4 7EN",10,373423,406074,"E92000001","E19000001","E18000002","","E08000001","E05000655"
"BL4 7EP",10,373266,406251,"E92000001","E19000001","E18000002","","E08000001","E05000655"
"BL4 7EQ",10,373040,406031,"E92000001","E19000001","E18000002","","E08000001","E05000655"
"BL4 7ER",10,373440,406302,"E92000001","E19000001","E18000002","","E08000001","E05000655"
"BL4 7ES",10,373180,406058,"E92000001","E19000001","E18000002","","E08000001","E05000655"
"BL4 7ET",10,373519,406170,"E92000001","E19000001","E18000002","","E08000001","E05000655"
"BL4 7EU",10,373413,406238,"E92000001","E19000001","E18000002","","E08000001","E05000655"
"BL4 7EW",10,373417,406052,"E92000001","E19000001","E18000002","","E08000001","E05000655"
"BL4 7EY",10,373338,406301,"E92000001","E19000001","E18000002","","E08000001","E05000655"
"BL4 7FU",10,373929,406055,"E92000001","E19000001","E18000002","","E08000001","E05000655"
"BL4 7HA",10,373131,406260,"E92000001","E19000001","E18000002","","E08000001","E05000655"
"BL4 7HG",10,372986,406512,"E92000001","E19000001","E18000002","","E08000001","E05000655"
"BL4 7HH",10,372955,406490,"E92000001","E19000001","E18000002","","E08000001","E05000655"
"BL4 7HJ",10,372910,406465,"E92000001","E19000001","E18000002","","E08000001","E05000655"
"BL4 7HL",10,372890,406537,"E92000001","E19000001","E18000002","","E08000001","E05000655"
"BL4 7HN",10,372761,406464,"E92000001","E19000001","E18000002","","E08000001","E05000655"
"BL4 7HP",10,372638,406452,"E92000001","E19000001","E18000002","","E08000001","E05000655"
"BL4 7HQ",10,372910,406535,"E92000001","E19000001","E18000002","","E08000001","E05000655"
"BL4 7HR",10,372648,406583,"E92000001","E19000001","E18000002","","E08000001","E05000655"
"BL4 7HS",10,372497,406534,"E92000001","E19000001","E18000002","","E08000001","E05000658"
"BL4 7HT",10,372598,406631,"E92000001","E19000001","E18000002","","E08000001","E05000655"
"BL4 7HU",10,372696,406612,"E92000001","E19000001","E18000002","","E08000001","E05000655"
"BL4 7HW",10,372704,406527,"E92000001","E19000001","E18000002","","E08000001","E05000655"
"BL4 7HX",10,372947,406569,"E92000001","E19000001","E18000002","","E08000001","E05000655"
"BL4 7HY",10,372792,406550,"E92000001","E19000001","E18000002","","E08000001","E05000655"
"BL4 7HZ",10,372814,406558,"E92000001","E19000001","E18000002","","E08000001","E05000655"
"BL4 7JA",10,373259,406556,"E92000001","E19000001","E18000002","","E08000001","E05000655"
"BL4 7JE",10,373282,406424,"E92000001","E19000001","E18000002","","E08000001","E05000655"
"BL4 7JF",10,373349,406162,"E92000001","E19000001","E18000002","","E08000001","E05000655"
"BL4 7JH",10,373348,406097,"E92000001","E19000001","E18000002","","E08000001","E05000655"
"BL4 7JL",10,373734,406237,"E92000001","E19000001","E18000002","","E08000001","E05000655"
"BL4 7JN",10,373627,406510,"E92000001","E19000001","E18000002","","E08000001","E05000655"
"BL4 7JR",10,373562,406375,"E92000001","E19000001","E18000002","","E08000001","E05000655"
"BL4 7JS",10,373696,406460,"E92000001","E19000001","E18000002","","E08000001","E05000655"
"BL4 7JT",10,373663,406531,"E92000001","E19000001","E18000002","","E08000001","E05000655"
"BL4 7JU",10,373548,406729,"E92000001","E19000001","E18000002","","E08000001","E05000655"
"BL4 7JW",10,373577,406476,"E92000001","E19000001","E18000002","","E08000001","E05000655"
"BL4 7JZ",10,373509,406625,"E92000001","E19000001","E18000002","","E08000001","E05000655"
"BL4 7LB",10,373536,406605,"E92000001","E19000001","E18000002","","E08000001","E05000655"
"BL4 7LD",10,373523,406545,"E92000001","E19000001","E18000002","","E08000001","E05000655"
"BL4 7LE",10,373466,406490,"E92000001","E19000001","E18000002","","E08000001","E05000655"
"BL4 7LF",10,373429,406582,"E92000001","E19000001","E18000002","","E08000001","E05000655"
"BL4 7LG",10,373436,406558,"E92000001","E19000001","E18000002","","E08000001","E05000655"
"BL4 7LH",10,373538,406483,"E92000001","E19000001","E18000002","","E08000001","E05000655"
"BL4 7LJ",10,373393,406501,"E92000001","E19000001","E18000002","","E08000001","E05000655"
"BL4 7LQ",10,373439,406489,"E92000001","E19000001","E18000002","","E08000001","E05000655"
"BL4 7LW",10,373209,406683,"E92000001","E19000001","E18000002","","E08000001","E05000655"
"BL4 7LX",10,373331,406476,"E92000001","E19000001","E18000002","","E08000001","E05000655"
"BL4 7LZ",10,373022,406774,"E92000001","E19000001","E18000002","","E08000001","E05000655"
"BL4 7NA",10,373222,406732,"E92000001","E19000001","E18000002","","E08000001","E05000655"
"BL4 7NF",10,373162,406585,"E92000001","E19000001","E18000002","","E08000001","E05000655"
"BL4 7NG",10,373540,406424,"E92000001","E19000001","E18000002","","E08000001","E05000655"
"BL4 7NH",10,372879,406647,"E92000001","E19000001","E18000002","","E08000001","E05000655"
"BL4 7NJ",10,373147,406532,"E92000001","E19000001","E18000002","","E08000001","E05000655"
"BL4 7NL",10,373236,406474,"E92000001","E19000001","E18000002","","E08000001","E05000655"
"BL4 7NN",10,373860,404882,"E92000001","E19000001","E18000002","","E08000001","E05000663"
"BL4 7NP",10,372894,406721,"E92000001","E19000001","E18000002","","E08000001","E05000655"
"BL4 7NR",10,372929,406768,"E92000001","E19000001","E18000002","","E08000001","E05000655"
"BL4 7NS",10,373960,405979,"E92000001","E19000001","E18000002","","E08000001","E05000655"
"BL4 7NW",10,372895,406679,"E92000001","E19000001","E18000002","","E08000001","E05000655"
"BL4 7NX",10,373970,406247,"E92000001","E19000001","E18000002","","E08000001","E05000655"
"BL4 7NY",10,373923,405977,"E92000001","E19000001","E18000002","","E08000001","E05000655"
"BL4 7PA",10,373891,405963,"E92000001","E19000001","E18000002","","E08000001","E05000655"
"BL4 7PB",10,373678,406348,"E92000001","E19000001","E18000002","","E08000001","E05000655"
"BL4 7PD",10,373845,406123,"E92000001","E19000001","E18000002","","E08000001","E05000655"
"BL4 7PE",10,373846,406060,"E92000001","E19000001","E18000002","","E08000001","E05000655"
"BL4 7PF",10,373797,406058,"E92000001","E19000001","E18000002","","E08000001","E05000655"
"BL4 7PG",10,373811,406160,"E92000001","E19000001","E18000002","","E08000001","E05000655"
"BL4 7PH",10,373870,406196,"E92000001","E19000001","E18000002","","E08000001","E05000655"
"BL4 7PJ",10,373899,406240,"E92000001","E19000001","E18000002","","E08000001","E05000655"
"BL4 7PL",10,373922,406322,"E92000001","E19000001","E18000002","","E08000001","E05000655"
"BL4 7PN",10,373882,406366,"E92000001","E19000001","E18000002","","E08000001","E05000655"
"BL4 7PP",10,373842,406190,"E92000001","E19000001","E18000002","","E08000001","E05000655"
"BL4 7PQ",10,373960,406171,"E92000001","E19000001","E18000002","","E08000001","E05000655"
"BL4 7PR",10,373784,406283,"E92000001","E19000001","E18000002","","E08000001","E05000655"
"BL4 7PS",10,373993,406292,"E92000001","E19000001","E18000002","","E08000001","E05000655"
"BL4 7PW",10,373753,406334,"E92000001","E19000001","E18000002","","E08000001","E05000655"
"BL4 7PY",10,373783,406565,"E92000001","E19000001","E18000002","","E08000001","E05000655"
"BL4 7QB",10,373644,406616,"E92000001","E19000001","E18000002","","E08000001","E05000655"
"BL4 7QD",10,374257,405957,"E92000001","E19000001","E18000002","","E08000001","E05000655"
"BL4 7QE",10,373686,406635,"E92000001","E19000001","E18000002","","E08000001","E05000655"
"BL4 7QF",10,373841,406745,"E92000001","E19000001","E18000002","","E08000001","E05000655"
"BL4 7QG",10,373746,406607,"E92000001","E19000001","E18000002","","E08000001","E05000655"
"BL4 7QH",10,374210,406048,"E92000001","E19000001","E18000002","","E08000001","E05000655"
"BL4 7QJ",10,374166,405999,"E92000001","E19000001","E18000002","","E08000001","E05000655"
"BL4 7QL",10,374269,406027,"E92000001","E19000001","E18000002","","E08000001","E05000655"
"BL4 7QQ",10,373731,406577,"E92000001","E19000001","E18000002","","E08000001","E05000655"
"BL4 7QR",10,373960,405979,"E92000001","E19000001","E18000002","","E08000001","E05000655"
"BL4 7QS",10,374060,407071,"E92000001","E19000001","E18000002","","E08000001","E05000655"
"BL4 7QT",10,374330,405971,"E92000001","E19000001","E18000002","","E08000001","E05000655"
"BL4 7QU",10,374250,406169,"E92000001","E19000001","E18000002","","E08000001","E05000655"
"BL4 7QX",10,374093,405971,"E92000001","E19000001","E18000002","","E08000001","E05000655"
"BL4 7QY",10,374257,405999,"E92000001","E19000001","E18000002","","E08000001","E05000655"
"BL4 7QZ",10,374403,405995,"E92000001","E19000001","E18000002","","E08000001","E05000655"
"BL4 7RB",10,374119,406051,"E92000001","E19000001","E18000002","","E08000001","E05000655"
"BL4 7RD",10,374088,405996,"E92000001","E19000001","E18000002","","E08000001","E05000655"
"BL4 7RE",10,373976,406007,"E92000001","E19000001","E18000002","","E08000001","E05000655"
"BL4 7RF",10,374056,406030,"E92000001","E19000001","E18000002","","E08000001","E05000655"
"BL4 7RG",10,374044,406078,"E92000001","E19000001","E18000002","","E08000001","E05000655"
"BL4 7RH",10,374082,406097,"E92000001","E19000001","E18000002","","E08000001","E05000655"
"BL4 7RJ",10,374002,406149,"E92000001","E19000001","E18000002","","E08000001","E05000655"
"BL4 7RL",10,373897,406127,"E92000001","E19000001","E18000002","","E08000001","E05000655"
"BL4 7RP",10,374073,406222,"E92000001","E19000001","E18000002","","E08000001","E05000655"
"BL4 7RQ",10,374001,406091,"E92000001","E19000001","E18000002","","E08000001","E05000655"
"BL4 7RR",10,374176,406086,"E92000001","E19000001","E18000002","","E08000001","E05000655"
"BL4 7RS",10,374200,406126,"E92000001","E19000001","E18000002","","E08000001","E05000655"
"BL4 7RT",10,374209,406262,"E92000001","E19000001","E18000002","","E08000001","E05000655"
"BL4 7RU",10,374268,406188,"E92000001","E19000001","E18000002","","E08000001","E05000655"
"BL4 7RW",10,374077,406213,"E92000001","E19000001","E18000002","","E08000001","E05000655"
"BL4 7RX",10,374177,406267,"E92000001","E19000001","E18000002","","E08000001","E05000655"
"BL4 7RY",10,374317,406264,"E92000001","E19000001","E18000002","","E08000001","E05000655"
"BL4 7RZ",10,374341,406158,"E92000001","E19000001","E18000002","","E08000001","E05000655"
"BL4 7SA",10,374392,406064,"E92000001","E19000001","E18000002","","E08000001","E05000655"
"BL4 7SB",10,374422,406083,"E92000001","E19000001","E18000002","","E08000001","E05000655"
"BL4 7SD",10,374461,406059,"E92000001","E19000001","E18000002","","E08000001","E05000655"
"BL4 7SE",10,374614,406222,"E92000001","E19000001","E18000002","","E08000001","E05000655"
"BL4 7SF",10,374682,406428,"E92000001","E19000001","E18000002","","E08000001","E05000655"
"BL4 7SJ",10,374438,406030,"E92000001","E19000001","E18000002","","E08000001","E05000655"
"BL4 7SL",10,374474,406034,"E92000001","E19000001","E18000002","","E08000001","E05000655"
"BL4 7SR",10,373321,406117,"E92000001","E19000001","E18000002","","E08000001","E05000655"
"BL4 7SS",10,373263,406162,"E92000001","E19000001","E18000002","","E08000001","E05000655"
"BL4 7ST",10,373180,406212,"E92000001","E19000001","E18000002","","E08000001","E05000655"
"BL4 7SX",10,373238,406053,"E92000001","E19000001","E18000002","","E08000001","E05000655"
"BL4 7TA",10,373821,406408,"E92000001","E19000001","E18000002","","E08000001","E05000655"
"BL4 7TB",10,373736,406393,"E92000001","E19000001","E18000002","","E08000001","E05000655"
"BL4 7TD",10,373753,406445,"E92000001","E19000001","E18000002","","E08000001","E05000655"
"BL4 7TE",10,373766,406421,"E92000001","E19000001","E18000002","","E08000001","E05000655"
"BL4 7TF",10,373793,406422,"E92000001","E19000001","E18000002","","E08000001","E05000655"
"BL4 7TG",10,372951,406615,"E92000001","E19000001","E18000002","","E08000001","E05000655"
"BL4 7TH",10,373855,406326,"E92000001","E19000001","E18000002","","E08000001","E05000655"
"BL4 7TJ",10,372995,406655,"E92000001","E19000001","E18000002","","E08000001","E05000655"
"BL4 7TP",10,372941,406685,"E92000001","E19000001","E18000002","","E08000001","E05000655"
"BL4 7TQ",10,372968,406661,"E92000001","E19000001","E18000002","","E08000001","E05000655"
"BL4 7TR",10,373256,406818,"E92000001","E19000001","E18000002","","E08000001","E05000655"
"BL4 7TS",10,373038,406992,"E92000001","E19000001","E18000002","","E08000001","E05000655"
"BL4 7TT",10,373157,406664,"E92000001","E19000001","E18000002","","E08000001","E05000655"
"BL4 7TU",10,373128,406599,"E92000001","E19000001","E18000002","","E08000001","E05000655"
"BL4 7TW",10,373403,406707,"E92000001","E19000001","E18000002","","E08000001","E05000655"
"BL4 7TX",10,373076,406615,"E92000001","E19000001","E18000002","","E08000001","E05000655"
"BL4 7TY",10,373074,406583,"E92000001","E19000001","E18000002","","E08000001","E05000655"
"BL4 7TZ",10,373090,406659,"E92000001","E19000001","E18000002","","E08000001","E05000655"
"BL4 7UD",10,373129,405879,"E92000001","E19000001","E18000002","","E08000001","E05000655"
"BL4 7UE",10,373205,405870,"E92000001","E19000001","E18000002","","E08000001","E05000655"
"BL4 7UF",10,373190,405857,"E92000001","E19000001","E18000002","","E08000001","E05000655"
"BL4 7UG",10,373166,405847,"E92000001","E19000001","E18000002","","E08000001","E05000655"
"BL4 7UQ",10,373150,405883,"E92000001","E19000001","E18000002","","E08000001","E05000655"
"BL4 8AA",10,374080,405915,"E92000001","E19000001","E18000002","","E08000001","E05000655"
"BL4 8AB",10,374148,405912,"E92000001","E19000001","E18000002","","E08000001","E05000655"
"BL4 8AE",10,374336,406009,"E92000001","E19000001","E18000002","","E08000001","E05000655"
"BL4 8AF",10,374259,405923,"E92000001","E19000001","E18000002","","E08000001","E05000655"
"BL4 8AG",10,374111,405859,"E92000001","E19000001","E18000002","","E08000001","E05000655"
"BL4 8AJ",10,374187,405750,"E92000001","E19000001","E18000002","","E08000001","E05000663"
"BL4 8AL",10,374164,405674,"E92000001","E19000001","E18000002","","E08000001","E05000663"
"BL4 8AN",10,374205,405723,"E92000001","E19000001","E18000002","","E08000001","E05000663"
"BL4 8AP",10,374363,405756,"E92000001","E19000001","E18000002","","E08000001","E05000663"
"BL4 8AQ",10,374283,405859,"E92000001","E19000001","E18000002","","E08000001","E05000655"
"BL4 8AR",10,374374,405686,"E92000001","E19000001","E18000002","","E08000001","E05000663"
"BL4 8AS",10,374435,405551,"E92000001","E19000001","E18000002","","E08000001","E05000663"
"BL4 8AT",10,374304,405569,"E92000001","E19000001","E18000002","","E08000001","E05000663"
"BL4 8AU",10,374316,405609,"E92000001","E19000001","E18000002","","E08000001","E05000663"
"BL4 8AW",10,374295,405741,"E92000001","E19000001","E18000002","","E08000001","E05000663"
"BL4 8AX",10,374318,405511,"E92000001","E19000001","E18000002","","E08000001","E05000663"
"BL4 8AY",10,374279,405435,"E92000001","E19000001","E18000002","","E08000001","E05000663"
"BL4 8AZ",10,374275,405598,"E92000001","E19000001","E18000002","","E08000001","E05000663"
"BL4 8BA",10,374402,405391,"E92000001","E19000001","E18000002","","E08000001","E05000663"
"BL4 8BB",10,374357,405424,"E92000001","E19000001","E18000002","","E08000001","E05000663"
"BL4 8BD",10,374422,405359,"E92000001","E19000001","E18000002","","E08000001","E05000663"
"BL4 8BE",10,374440,405410,"E92000001","E19000001","E18000002","","E08000001","E05000663"
"BL4 8BF",10,374208,405141,"E92000001","E19000001","E18000002","","E08000001","E05000663"
"BL4 8BG",10,374491,405874,"E92000001","E19000001","E18000002","","E08000001","E05000663"
"BL4 8BH",10,374494,405515,"E92000001","E19000001","E18000002","","E08000001","E05000663"
"BL4 8BJ",10,374444,405713,"E92000001","E19000001","E18000002","","E08000001","E05000663"
"BL4 8BL",10,374167,405157,"E92000001","E19000001","E18000002","","E08000001","E05000663"
"BL4 8BN",10,374227,405218,"E92000001","E19000001","E18000002","","E08000001","E05000663"
"BL4 8BP",10,374473,405775,"E92000001","E19000001","E18000002","","E08000001","E05000663"
"BL4 8BQ",10,374502,405901,"E92000001","E19000001","E18000002","","E08000001","E05000663"
"BL4 8BR",10,374203,405190,"E92000001","E19000001","E18000002","","E08000001","E05000663"
"BL4 8BS",10,374508,405855,"E92000001","E19000001","E18000002","","E08000001","E05000663"
"BL4 8BT",10,374780,405682,"E92000001","E19000001","E18000002","","E08000001","E05000663"
"BL4 8BU",10,374783,405646,"E92000001","E19000001","E18000002","","E08000001","E05000663"
"BL4 8BW",10,374210,405258,"E92000001","E19000001","E18000002","","E08000001","E05000663"
"BL4 8BX",10,374421,405908,"E92000001","E19000001","E18000002","","E08000001","E05000663"
"BL4 8BY",10,374494,405746,"E92000001","E19000001","E18000002","","E08000001","E05000663"
"BL4 8DA",10,374366,405923,"E92000001","E19000001","E18000002","","E08000001","E05000655"
"BL4 8DB",10,374355,405370,"E92000001","E19000001","E18000002","","E08000001","E05000663"
"BL4 8DD",10,374609,405298,"E92000001","E19000001","E18000002","","E08000001","E05000663"
"BL4 8DE",10,374573,405336,"E92000001","E19000001","E18000002","","E08000001","E05000663"
"BL4 8DF",10,374608,405358,"E92000001","E19000001","E18000002","","E08000001","E05000663"
"BL4 8DG",10,374605,405273,"E92000001","E19000001","E18000002","","E08000001","E05000663"
"BL4 8DH",10,374739,405195,"E92000001","E19000001","E18000002","","E08000001","E05000663"
"BL4 8DJ",10,374719,405258,"E92000001","E19000001","E18000002","","E08000001","E05000663"
"BL4 8DL",10,374906,405344,"E92000001","E19000001","E18000002","","E08000001","E05000663"
"BL4 8DN",10,374674,405406,"E92000001","E19000001","E18000002","","E08000001","E05000663"
"BL4 8DP",10,374846,405493,"E92000001","E19000001","E18000002","","E08000001","E05000663"
"BL4 8DQ",10,374662,405229,"E92000001","E19000001","E18000002","","E08000001","E05000663"
"BL4 8DR",10,374762,405407,"E92000001","E19000001","E18000002","","E08000001","E05000663"
"BL4 8DS",10,374940,405413,"E92000001","E19000001","E18000002","","E08000001","E05000663"
"BL4 8DT",10,375087,405383,"E92000001","E19000001","E18000002","","E08000001","E05000663"
"BL4 8DU",10,375146,405346,"E92000001","E19000001","E18000002","","E08000001","E05000663"
"BL4 8DW",10,374832,405451,"E92000001","E19000001","E18000002","","E08000001","E05000663"
"BL4 8DX",10,375069,405319,"E92000001","E19000001","E18000002","","E08000001","E05000663"
"BL4 8DY",10,374820,405404,"E92000001","E19000001","E18000002","","E08000001","E05000663"
"BL4 8DZ",10,374825,405329,"E92000001","E19000001","E18000002","","E08000001","E05000663"
"BL4 8EA",10,374870,405282,"E92000001","E19000001","E18000002","","E08000001","E05000663"
"BL4 8EB",10,374930,405245,"E92000001","E19000001","E18000002","","E08000001","E05000663"
"BL4 8ED",10,374958,405226,"E92000001","E19000001","E18000002","","E08000001","E05000663"
"BL4 8EE",10,374249,405552,"E92000001","E19000001","E18000002","","E08000001","E05000663"
"BL4 8EF",10,375860,404529,"E92000001","E19000001","E18000002","","E08000001","E05000663"
"BL4 8EG",10,375441,405130,"E92000001","E19000001","E18000002","","E08000001","E05000663"
"BL4 8EH",10,375323,405147,"E92000001","E19000001","E18000002","","E08000001","E05000663"
"BL4 8EL",10,374775,405143,"E92000001","E19000001","E18000002","","E08000001","E05000663"
"BL4 8EP",10,374728,405242,"E92000001","E19000001","E18000002","","E08000001","E05000663"
"BL4 8EQ",10,374190,405815,"E92000001","E19000001","E18000002","","E08000001","E05000663"
"BL4 8EU",10,374128,405751,"E92000001","E19000001","E18000002","","E08000001","E05000663"
"BL4 8EX",10,374077,405815,"E92000001","E19000001","E18000002","","E08000001","E05000663"
"BL4 8EY",10,374060,405862,"E92000001","E19000001","E18000002","","E08000001","E05000655"
"BL4 8HF",10,374095,405783,"E92000001","E19000001","E18000002","","E08000001","E05000663"
"BL4 8HJ",10,374235,405343,"E92000001","E19000001","E18000002","","E08000001","E05000663"
"BL4 8HL",10,374237,405316,"E92000001","E19000001","E18000002","","E08000001","E05000663"
"BL4 8HN",10,374175,405318,"E92000001","E19000001","E18000002","","E08000001","E05000663"
"BL4 8HP",10,374130,405184,"E92000001","E19000001","E18000002","","E08000001","E05000663"
"BL4 8HQ",10,374221,405479,"E92000001","E19000001","E18000002","","E08000001","E05000663"
"BL4 8HR",10,374193,405105,"E92000001","E19000001","E18000002","","E08000001","E05000663"
"BL4 8HS",10,374256,404801,"E92000001","E19000001","E18000002","","E08000001","E05000663"
"BL4 8HU",10,374609,404715,"E92000001","E19000001","E18000002","","E08000001","E05000663"
"BL4 8HW",10,374136,405267,"E92000001","E19000001","E18000002","","E08000001","E05000663"
"BL4 8HY",10,374504,404832,"E92000001","E19000001","E18000002","","E08000001","E05000663"
"BL4 8HZ",10,374647,404706,"E92000001","E19000001","E18000002","","E08000001","E05000663"
"BL4 8JA",10,374711,404856,"E92000001","E19000001","E18000002","","E08000001","E05000663"
"BL4 8JB",10,374800,404804,"E92000001","E19000001","E18000002","","E08000001","E05000663"
"BL4 8JD",10,374785,404670,"E92000001","E19000001","E18000002","","E08000001","E05000663"
"BL4 8JE",10,374858,404750,"E92000001","E19000001","E18000002","","E08000001","E05000663"
"BL4 8JF",10,374741,404785,"E92000001","E19000001","E18000002","","E08000001","E05000663"
"BL4 8JG",10,374840,404975,"E92000001","E19000001","E18000002","","E08000001","E05000663"
"BL4 8JL",10,375189,404763,"E92000001","E19000001","E18000002","","E08000001","E05000663"
"BL4 8JN",10,375171,404743,"E92000001","E19000001","E18000002","","E08000001","E05000663"
"BL4 8JP",10,375154,404828,"E92000001","E19000001","E18000002","","E08000001","E05000663"
"BL4 8JQ",10,374933,404710,"E92000001","E19000001","E18000002","","E08000001","E05000663"
"BL4 8JR",10,375198,404682,"E92000001","E19000001","E18000002","","E08000001","E05000663"
"BL4 8JS",10,375305,404644,"E92000001","E19000001","E18000002","","E08000001","E05000663"
"BL4 8JT",10,375204,404555,"E92000001","E19000001","E18000002","","E08000001","E05000663"
"BL4 8JU",10,375151,404569,"E92000001","E19000001","E18000002","","E08000001","E05000663"
"BL4 8JW",10,375254,404745,"E92000001","E19000001","E18000002","","E08000001","E05000663"
"BL4 8JX",10,375127,404583,"E92000001","E19000001","E18000002","","E08000001","E05000663"
"BL4 8JY",10,375118,404645,"E92000001","E19000001","E18000002","","E08000001","E05000663"
"BL4 8JZ",10,375015,404669,"E92000001","E19000001","E18000002","","E08000001","E05000663"
"BL4 8LA",10,374958,404690,"E92000001","E19000001","E18000002","","E08000001","E05000663"
"BL4 8LB",10,374759,404609,"E92000001","E19000001","E18000002","","E08000001","E05000663"
"BL4 8LD",10,374786,404539,"E92000001","E19000001","E18000002","","E08000001","E05000663"
"BL4 8LE",10,374862,404582,"E92000001","E19000001","E18000002","","E08000001","E05000663"
"BL4 8LF",10,374979,404599,"E92000001","E19000001","E18000002","","E08000001","E05000663"
"BL4 8LG",10,374923,404519,"E92000001","E19000001","E18000002","","E08000001","E05000663"
"BL4 8LH",10,374727,404537,"E92000001","E19000001","E18000002","","E08000001","E05000663"
"BL4 8LJ",10,374743,404523,"E92000001","E19000001","E18000002","","E08000001","E05000663"
"BL4 8LL",10,374767,404445,"E92000001","E19000001","E18000002","","E08000001","E05000663"
"BL4 8LN",10,374810,404379,"E92000001","E19000001","E18000002","","E08000001","E05000663"
"BL4 8LP",10,374733,404435,"E92000001","E19000001","E18000002","","E08000001","E05000663"
"BL4 8LQ",10,374885,404501,"E92000001","E19000001","E18000002","","E08000001","E05000663"
"BL4 8LR",10,374639,404408,"E92000001","E19000001","E18000002","","E08000001","E05000663"
"BL4 8LS",10,374677,404373,"E92000001","E19000001","E18000002","","E08000001","E05000663"
"BL4 8LT",10,374696,404309,"E92000001","E19000001","E18000002","","E08000001","E05000663"
"BL4 8LU",10,374535,404409,"E92000001","E19000001","E18000002","","E08000001","E05000663"
"BL4 8LW",10,374895,404414,"E92000001","E19000001","E18000002","","E08000001","E05000663"
"BL4 8LX",10,374570,404425,"E92000001","E19000001","E18000002","","E08000001","E05000663"
"BL4 8LY",10,374648,404563,"E92000001","E19000001","E18000002","","E08000001","E05000663"
"BL4 8LZ",10,374709,404648,"E92000001","E19000001","E18000002","","E08000001","E05000663"
"BL4 8NA",10,374904,404561,"E92000001","E19000001","E18000002","","E08000001","E05000663"
"BL4 8NB",10,374387,404390,"E92000001","E19000001","E18000002","","E08000001","E05000663"
"BL4 8ND",10,374968,404876,"E92000001","E19000001","E18000002","","E08000001","E05000663"
"BL4 8NE",10,374268,404647,"E92000001","E19000001","E18000002","","E08000001","E05000663"
"BL4 8NF",10,374988,405168,"E92000001","E19000001","E18000002","","E08000001","E05000663"
"BL4 8NG",10,374798,405109,"E92000001","E19000001","E18000002","","E08000001","E05000663"
"BL4 8NH",10,375080,404971,"E92000001","E19000001","E18000002","","E08000001","E05000663"
"BL4 8NJ",10,375086,404916,"E92000001","E19000001","E18000002","","E08000001","E05000663"
"BL4 8NN",10,375049,405027,"E92000001","E19000001","E18000002","","E08000001","E05000663"
"BL4 8NP",10,375090,404851,"E92000001","E19000001","E18000002","","E08000001","E05000663"
"BL4 8NQ",10,374939,404993,"E92000001","E19000001","E18000002","","E08000001","E05000663"
"BL4 8NR",10,375115,404992,"E92000001","E19000001","E18000002","","E08000001","E05000663"
"BL4 8NS",10,375270,405083,"E92000001","E19000001","E18000002","","E08000001","E05000663"
"BL4 8NT",10,375157,405141,"E92000001","E19000001","E18000002","","E08000001","E05000663"
"BL4 8NU",10,375233,405089,"E92000001","E19000001","E18000002","","E08000001","E05000663"
"BL4 8NW",10,375079,405023,"E92000001","E19000001","E18000002","","E08000001","E05000663"
"BL4 8NX",10,375047,405110,"E92000001","E19000001","E18000002","","E08000001","E05000663"
"BL4 8NY",10,375220,404823,"E92000001","E19000001","E18000002","","E08000001","E05000663"
"BL4 8NZ",10,375360,404731,"E92000001","E19000001","E18000002","","E08000001","E05000663"
"BL4 8PA",10,375425,404608,"E92000001","E19000001","E18000002","","E08000001","E05000663"
"BL4 8PB",10,375395,404665,"E92000001","E19000001","E18000002","","E08000001","E05000663"
"BL4 8PD",10,375383,404502,"E92000001","E19000001","E18000002","","E08000001","E05000663"
"BL4 8PE",10,375531,404570,"E92000001","E19000001","E18000002","","E08000001","E05000663"
"BL4 8PF",10,375587,404548,"E92000001","E19000001","E18000002","","E08000001","E05000663"
"BL4 8PG",10,375508,404508,"E92000001","E19000001","E18000002","","E08000001","E05000663"
"BL4 8PJ",10,375590,404418,"E92000001","E19000001","E18000002","","E08000001","E05000663"
"BL4 8PL",10,375638,404461,"E92000001","E19000001","E18000002","","E08000001","E05000663"
"BL4 8PN",10,375695,404497,"E92000001","E19000001","E18000002","","E08000001","E05000663"
"BL4 8PP",10,375753,404365,"E92000001","E19000001","E18000002","","E08000001","E05000663"
"BL4 8PQ",10,375652,404536,"E92000001","E19000001","E18000002","","E08000001","E05000663"
"BL4 8PR",10,375684,404282,"E92000001","E19000001","E18000002","","E08000001","E05000663"
"BL4 8PS",10,375822,404186,"E92000001","E19000001","E18000002","","E08000001","E05000663"
"BL4 8PT",10,375746,404174,"E92000001","E19000001","E18000002","","E08000001","E05000663"
"BL4 8PU",10,375841,404284,"E92000001","E19000001","E18000002","","E08000001","E05000663"
"BL4 8PW",10,375654,404364,"E92000001","E19000001","E18000002","","E08000001","E05000663"
"BL4 8PX",10,375788,404369,"E92000001","E19000001","E18000002","","E08000001","E05000663"
"BL4 8PY",10,375713,404482,"E92000001","E19000001","E18000002","","E08000001","E05000663"
"BL4 8PZ",10,375742,404519,"E92000001","E19000001","E18000002","","E08000001","E05000663"
"BL4 8QA",10,375498,404440,"E92000001","E19000001","E18000002","","E08000001","E05000663"
"BL4 8QB",10,375537,404394,"E92000001","E19000001","E18000002","","E08000001","E05000663"
"BL4 8QD",10,375440,404577,"E92000001","E19000001","E18000002","","E08000001","E05000663"
"BL4 8QE",10,375798,404554,"E92000001","E19000001","E18000002","","E08000001","E05000663"
"BL4 8QG",10,375275,404832,"E92000001","E19000001","E18000002","","E08000001","E05000663"
"BL4 8QH",10,375274,404869,"E92000001","E19000001","E18000002","","E08000001","E05000663"
"BL4 8QJ",10,375404,404753,"E92000001","E19000001","E18000002","","E08000001","E05000663"
"BL4 8QL",10,375654,404630,"E92000001","E19000001","E18000002","","E08000001","E05000663"
"BL4 8QN",10,375483,404747,"E92000001","E19000001","E18000002","","E08000001","E05000663"
"BL4 8QP",10,375511,404657,"E92000001","E19000001","E18000002","","E08000001","E05000663"
"BL4 8QQ",10,375379,404882,"E92000001","E19000001","E18000002","","E08000001","E05000663"
"BL4 8QR",10,375655,404593,"E92000001","E19000001","E18000002","","E08000001","E05000663"
"BL4 8QS",10,375737,404641,"E92000001","E19000001","E18000002","","E08000001","E05000663"
"BL4 8QT",10,375778,404626,"E92000001","E19000001","E18000002","","E08000001","E05000663"
"BL4 8QU",10,375822,404644,"E92000001","E19000001","E18000002","","E08000001","E05000663"
"BL4 8QW",10,375519,404753,"E92000001","E19000001","E18000002","","E08000001","E05000663"
"BL4 8QX",10,375885,404513,"E92000001","E19000001","E18000002","","E08000001","E05000663"
"BL4 8QZ",10,375423,404771,"E92000001","E19000001","E18000002","","E08000001","E05000663"
"BL4 8RA",10,375917,404509,"E92000001","E19000001","E18000002","","E08000001","E05000663"
"BL4 8RB",10,375946,404485,"E92000001","E19000001","E18000002","","E08000001","E05000663"
"BL4 8RD",10,375969,404424,"E92000001","E19000001","E18000002","","E08000001","E05000663"
"BL4 8RE",10,376165,404226,"E92000001","E19000001","E18000002","","E08000001","E05000663"
"BL4 8RF",10,376468,403968,"E92000001","E19000001","E18000002","","E08000001","E05000663"
"BL4 8RG",10,376541,404072,"E92000001","E19000001","E18000002","","E08000001","E05000663"
"BL4 8RH",10,376117,404328,"E92000001","E19000001","E18000002","","E08000001","E05000663"
"BL4 8RL",10,376063,404371,"E92000001","E19000001","E18000002","","E08000001","E05000663"
"BL4 8RN",10,376609,403918,"E92000001","E19000001","E18000002","","E08000001","E05000663"
"BL4 8RP",10,376620,403977,"E92000001","E19000001","E18000002","","E08000001","E05000663"
"BL4 8RQ",10,376499,404037,"E92000001","E19000001","E18000002","","E08000001","E05000663"
"BL4 8RR",10,376569,403842,"E92000001","E19000001","E18000002","","E08000001","E05000663"
"BL4 8RS",10,376608,403862,"E92000001","E19000001","E18000002","","E08000001","E05000663"
"BL4 8RU",10,376327,403935,"E92000001","E19000001","E18000002","","E08000001","E05000663"
"BL4 8RW",10,376677,403845,"E92000001","E19000001","E18000002","","E08000001","E05000663"
"BL4 8RX",10,376295,404029,"E92000001","E19000001","E18000002","","E08000001","E05000663"
"BL4 8RY",10,376075,404239,"E92000001","E19000001","E18000002","","E08000001","E05000663"
"BL4 8RZ",10,376008,404301,"E92000001","E19000001","E18000002","","E08000001","E05000663"
"BL4 8SA",10,375897,404434,"E92000001","E19000001","E18000002","","E08000001","E05000663"
"BL4 8SB",10,375845,404409,"E92000001","E19000001","E18000002","","E08000001","E05000663"
"BL4 8SD",10,375955,404309,"E92000001","E19000001","E18000002","","E08000001","E05000663"
"BL4 8SE",10,375991,404204,"E92000001","E19000001","E18000002","","E08000001","E05000663"
"BL4 8SF",10,375698,403886,"E92000001","E19000001","E18000002","","E08000001","E05000663"
"BL4 8SH",10,375925,404244,"E92000001","E19000001","E18000002","","E08000001","E05000663"
"BL4 8SJ",10,375156,404126,"E92000001","E19000001","E18000002","","E08000001","E05000663"
"BL4 8SL",10,376021,404460,"E92000001","E19000001","E18000002","","E08000001","E05000663"
"BL4 8SN",10,376003,404438,"E92000001","E19000001","E18000002","","E08000001","E05000663"
"BL4 8SP",10,375510,404626,"E92000001","E19000001","E18000002","","E08000001","E05000663"
"BL4 8TG",10,374458,404490,"E92000001","E19000001","E18000002","","E08000001","E05000663"
"BL4 9AB",10,373993,405871,"E92000001","E19000001","E18000002","","E08000001","E05000655"
"BL4 9AE",10,374026,405823,"E92000001","E19000001","E18000002","","E08000001","E05000655"
"BL4 9AF",10,374042,405726,"E92000001","E19000001","E18000002","","E08000001","E05000655"
"BL4 9AG",10,374041,405510,"E92000001","E19000001","E18000002","","E08000001","E05000663"
"BL4 9AH",10,373741,405572,"E92000001","E19000001","E18000002","","E08000001","E05000663"
"BL4 9AJ",10,374120,405614,"E92000001","E19000001","E18000002","","E08000001","E05000655"
"BL4 9AL",10,374097,405578,"E92000001","E19000001","E18000002","","E08000001","E05000663"
"BL4 9AN",10,373981,405526,"E92000001","E19000001","E18000002","","E08000001","E05000663"
"BL4 9AR",10,374096,405534,"E92000001","E19000001","E18000002","","E08000001","E05000663"
"BL4 9AS",10,374044,405649,"E92000001","E19000001","E18000002","","E08000001","E05000655"
"BL4 9AU",10,374101,405436,"E92000001","E19000001","E18000002","","E08000001","E05000663"
"BL4 9AW",10,374147,405435,"E92000001","E19000001","E18000002","","E08000001","E05000663"
"BL4 9AY",10,373855,405503,"E92000001","E19000001","E18000002","","E08000001","E05000663"
"BL4 9AZ",10,373911,405291,"E92000001","E19000001","E18000002","","E08000001","E05000663"
"BL4 9BA",10,373962,405311,"E92000001","E19000001","E18000002","","E08000001","E05000663"
"BL4 9BB",10,374176,405481,"E92000001","E19000001","E18000002","","E08000001","E05000663"
"BL4 9BD",10,374146,405367,"E92000001","E19000001","E18000002","","E08000001","E05000663"
"BL4 9BE",10,374101,405394,"E92000001","E19000001","E18000002","","E08000001","E05000663"
"BL4 9BF",10,374087,405184,"E92000001","E19000001","E18000002","","E08000001","E05000663"
"BL4 9BG",10,374120,405402,"E92000001","E19000001","E18000002","","E08000001","E05000663"
"BL4 9BJ",10,373914,405405,"E92000001","E19000001","E18000002","","E08000001","E05000663"
"BL4 9BL",10,373719,405336,"E92000001","E19000001","E18000002","","E08000001","E05000663"
"BL4 9BN",10,374124,405487,"E92000001","E19000001","E18000002","","E08000001","E05000663"
"BL4 9BP",10,374024,405348,"E92000001","E19000001","E18000002","","E08000001","E05000663"
"BL4 9BS",10,374203,405377,"E92000001","E19000001","E18000002","","E08000001","E05000663"
"BL4 9BT",10,374388,405304,"E92000001","E19000001","E18000002","","E08000001","E05000663"
"BL4 9BU",10,374636,405163,"E92000001","E19000001","E18000002","","E08000001","E05000663"
"BL4 9BW",10,373868,405323,"E92000001","E19000001","E18000002","","E08000001","E05000663"
"BL4 9BX",10,374671,405187,"E92000001","E19000001","E18000002","","E08000001","E05000663"
"BL4 9BY",10,374604,405137,"E92000001","E19000001","E18000002","","E08000001","E05000663"
"BL4 9BZ",10,374421,405183,"E92000001","E19000001","E18000002","","E08000001","E05000663"
"BL4 9DA",10,374344,405212,"E92000001","E19000001","E18000002","","E08000001","E05000663"
"BL4 9DB",10,374332,405226,"E92000001","E19000001","E18000002","","E08000001","E05000663"
"BL4 9DD",10,374367,405258,"E92000001","E19000001","E18000002","","E08000001","E05000663"
"BL4 9DF",10,374046,405550,"E92000001","E19000001","E18000002","","E08000001","E05000663"
"BL4 9DG",10,374365,405224,"E92000001","E19000001","E18000002","","E08000001","E05000663"
"BL4 9DH",10,374336,405304,"E92000001","E19000001","E18000002","","E08000001","E05000663"
"BL4 9DL",10,373950,405790,"E92000001","E19000001","E18000002","","E08000001","E05000655"
"BL4 9DN",10,373779,405356,"E92000001","E19000001","E18000002","","E08000001","E05000663"
"BL4 9DQ",10,373756,405411,"E92000001","E19000001","E18000002","","E08000001","E05000663"
"BL4 9DR",10,373960,405772,"E92000001","E19000001","E18000002","","E08000001","E05000655"
"BL4 9DS",10,373953,405731,"E92000001","E19000001","E18000002","","E08000001","E05000655"
"BL4 9DT",10,373791,405751,"E92000001","E19000001","E18000002","","E08000001","E05000655"
"BL4 9DU",10,373773,405433,"E92000001","E19000001","E18000002","","E08000001","E05000663"
"BL4 9DW",10,373797,405406,"E92000001","E19000001","E18000002","","E08000001","E05000663"
"BL4 9DZ",10,373728,405740,"E92000001","E19000001","E18000002","","E08000001","E05000655"
"BL4 9EA",10,373676,405718,"E92000001","E19000001","E18000002","","E08000001","E05000655"
"BL4 9EB",10,373568,405736,"E92000001","E19000001","E18000002","","E08000001","E05000655"
"BL4 9ED",10,373547,405702,"E92000001","E19000001","E18000002","","E08000001","E05000655"
"BL4 9EE",10,373539,405652,"E92000001","E19000001","E18000002","","E08000001","E05000655"
"BL4 9EH",10,373539,405652,"E92000001","E19000001","E18000002","","E08000001","E05000655"
"BL4 9EL",10,373606,405574,"E92000001","E19000001","E18000002","","E08000001","E05000655"
"BL4 9EN",10,374031,405452,"E92000001","E19000001","E18000002","","E08000001","E05000663"
"BL4 9EQ",10,374040,405396,"E92000001","E19000001","E18000002","","E08000001","E05000663"
"BL4 9ES",10,373787,405676,"E92000001","E19000001","E18000002","","E08000001","E05000655"
"BL4 9ET",10,373997,405605,"E92000001","E19000001","E18000002","","E08000001","E05000655"
"BL4 9EU",10,373816,405589,"E92000001","E19000001","E18000002","","E08000001","E05000655"
"BL4 9EW",10,374086,405480,"E92000001","E19000001","E18000002","","E08000001","E05000663"
"BL4 9EX",10,373836,405652,"E92000001","E19000001","E18000002","","E08000001","E05000655"
"BL4 9EY",10,373870,405631,"E92000001","E19000001","E18000002","","E08000001","E05000655"
"BL4 9EZ",10,373926,405618,"E92000001","E19000001","E18000002","","E08000001","E05000655"
"BL4 9FP",10,372664,405430,"E92000001","E19000001","E18000002","","E08000001","E05000655"
"BL4 9FQ",10,373533,405132,"E92000001","E19000001","E18000002","","E08000001","E05000655"
"BL4 9HA",10,373631,405366,"E92000001","E19000001","E18000002","","E08000001","E05000663"
"BL4 9HB",10,373512,405566,"E92000001","E19000001","E18000002","","E08000001","E05000655"
"BL4 9HE",10,373602,405528,"E92000001","E19000001","E18000002","","E08000001","E05000655"
"BL4 9HF",10,373650,405635,"E92000001","E19000001","E18000002","","E08000001","E05000655"
"BL4 9HG",10,373704,405438,"E92000001","E19000001","E18000002","","E08000001","E05000663"
"BL4 9HJ",10,373714,405492,"E92000001","E19000001","E18000002","","E08000001","E05000663"
"BL4 9HL",10,373692,405491,"E92000001","E19000001","E18000002","","E08000001","E05000663"
"BL4 9HN",10,373646,405332,"E92000001","E19000001","E18000002","","E08000001","E05000663"
"BL4 9HP",10,373633,405460,"E92000001","E19000001","E18000002","","E08000001","E05000663"
"BL4 9HQ",10,373745,405500,"E92000001","E19000001","E18000002","","E08000001","E05000663"
"BL4 9HR",10,373526,405461,"E92000001","E19000001","E18000002","","E08000001","E05000655"
"BL4 9HS",10,373418,405489,"E92000001","E19000001","E18000002","","E08000001","E05000655"
"BL4 9HT",10,373386,405488,"E92000001","E19000001","E18000002","","E08000001","E05000655"
"BL4 9HU",10,373591,405447,"E92000001","E19000001","E18000002","","E08000001","E05000655"
"BL4 9HW",10,373536,405542,"E92000001","E19000001","E18000002","","E08000001","E05000655"
"BL4 9HY",10,373643,405301,"E92000001","E19000001","E18000002","","E08000001","E05000663"
"BL4 9HZ",10,373631,405352,"E92000001","E19000001","E18000002","","E08000001","E05000663"
"BL4 9JB",10,373592,405276,"E92000001","E19000001","E18000002","","E08000001","E05000655"
"BL4 9JE",10,373688,405353,"E92000001","E19000001","E18000002","","E08000001","E05000663"
"BL4 9JF",10,373670,405385,"E92000001","E19000001","E18000002","","E08000001","E05000663"
"BL4 9JG",10,373719,405359,"E92000001","E19000001","E18000002","","E08000001","E05000663"
"BL4 9JH",10,374081,405311,"E92000001","E19000001","E18000002","","E08000001","E05000663"
"BL4 9JJ",10,374031,405281,"E92000001","E19000001","E18000002","","E08000001","E05000663"
"BL4 9JL",10,374070,405275,"E92000001","E19000001","E18000002","","E08000001","E05000663"
"BL4 9JN",10,374011,405264,"E92000001","E19000001","E18000002","","E08000001","E05000663"
"BL4 9JP",10,374049,405208,"E92000001","E19000001","E18000002","","E08000001","E05000663"
"BL4 9JQ",10,373727,405412,"E92000001","E19000001","E18000002","","E08000001","E05000663"
"BL4 9JR",10,373961,405263,"E92000001","E19000001","E18000002","","E08000001","E05000663"
"BL4 9JT",10,373872,405250,"E92000001","E19000001","E18000002","","E08000001","E05000663"
"BL4 9JU",10,373873,405294,"E92000001","E19000001","E18000002","","E08000001","E05000663"
"BL4 9JX",10,373835,405290,"E92000001","E19000001","E18000002","","E08000001","E05000663"
"BL4 9JY",10,373836,405157,"E92000001","E19000001","E18000002","","E08000001","E05000663"
"BL4 9JZ",10,373828,405233,"E92000001","E19000001","E18000002","","E08000001","E05000663"
"BL4 9LA",10,374037,405188,"E92000001","E19000001","E18000002","","E08000001","E05000663"
"BL4 9LD",10,374043,405150,"E92000001","E19000001","E18000002","","E08000001","E05000663"
"BL4 9LE",10,373987,405160,"E92000001","E19000001","E18000002","","E08000001","E05000663"
"BL4 9LF",10,374135,405125,"E92000001","E19000001","E18000002","","E08000001","E05000663"
"BL4 9LG",10,374126,405094,"E92000001","E19000001","E18000002","","E08000001","E05000663"
"BL4 9LH",10,374035,405109,"E92000001","E19000001","E18000002","","E08000001","E05000663"
"BL4 9LJ",10,374004,405166,"E92000001","E19000001","E18000002","","E08000001","E05000663"
"BL4 9LL",10,373806,405045,"E92000001","E19000001","E18000002","","E08000001","E05000663"
"BL4 9LN",10,373579,405185,"E92000001","E19000001","E18000002","","E08000001","E05000655"
"BL4 9LP",10,373722,404955,"E92000001","E19000001","E18000002","","E08000001","E05000663"
"BL4 9LQ",10,373644,405033,"E92000001","E19000001","E18000002","","E08000001","E05000663"
"BL4 9LR",10,373617,405064,"E92000001","E19000001","E18000002","","E08000001","E05000663"
"BL4 9LS",10,373654,405119,"E92000001","E19000001","E18000002","","E08000001","E05000663"
"BL4 9LT",10,373579,405049,"E92000001","E19000001","E18000002","","E08000001","E05000655"
"BL4 9LU",10,373616,404864,"E92000001","E19000001","E18000002","","E08000001","E05000663"
"BL4 9LX",10,373573,404893,"E92000001","E19000001","E18000002","","E08000001","E05000655"
"BL4 9LY",10,373420,404943,"E92000001","E19000001","E18000002","","E08000001","E05000655"
"BL4 9LZ",10,373478,405043,"E92000001","E19000001","E18000002","","E08000001","E05000655"
"BL4 9NA",10,373491,405025,"E92000001","E19000001","E18000002","","E08000001","E05000655"
"BL4 9NB",10,373318,404914,"E92000001","E19000001","E18000002","","E08000001","E05000655"
"BL4 9ND",10,373236,404926,"E92000001","E19000001","E18000002","","E08000001","E05000655"
"BL4 9NE",10,373656,405062,"E92000001","E19000001","E18000002","","E08000001","E05000663"
"BL4 9NF",10,373673,405019,"E92000001","E19000001","E18000002","","E08000001","E05000663"
"BL4 9NG",10,373722,404955,"E92000001","E19000001","E18000002","","E08000001","E05000663"
"BL4 9NH",10,373110,404950,"E92000001","E19000001","E18000002","","E08000001","E05000655"
"BL4 9NN",10,374111,404865,"E92000001","E19000001","E18000002","","E08000001","E05000663"
"BL4 9NP",10,373515,405360,"E92000001","E19000001","E18000002","","E08000001","E05000655"
"BL4 9NR",10,373510,405341,"E92000001","E19000001","E18000002","","E08000001","E05000655"
"BL4 9NS",10,373366,405223,"E92000001","E19000001","E18000002","","E08000001","E05000655"
"BL4 9NT",10,373423,405391,"E92000001","E19000001","E18000002","","E08000001","E05000655"
"BL4 9NU",10,373321,405371,"E92000001","E19000001","E18000002","","E08000001","E05000655"
"BL4 9NW",10,373416,405129,"E92000001","E19000001","E18000002","","E08000001","E05000655"
"BL4 9NX",10,373205,405418,"E92000001","E19000001","E18000002","","E08000001","E05000655"
"BL4 9NY",10,373308,405235,"E92000001","E19000001","E18000002","","E08000001","E05000655"
"BL4 9NZ",10,373294,405347,"E92000001","E19000001","E18000002","","E08000001","E05000655"
"BL4 9PA",10,373270,405284,"E92000001","E19000001","E18000002","","E08000001","E05000655"
"BL4 9PB",10,373421,405179,"E92000001","E19000001","E18000002","","E08000001","E05000655"
"BL4 9PD",10,373494,405226,"E92000001","E19000001","E18000002","","E08000001","E05000655"
"BL4 9PE",10,373513,405201,"E92000001","E19000001","E18000002","","E08000001","E05000655"
"BL4 9PF",10,373496,405132,"E92000001","E19000001","E18000002","","E08000001","E05000655"
"BL4 9PG",10,373253,405487,"E92000001","E19000001","E18000002","","E08000001","E05000655"
"BL4 9PH",10,373333,405082,"E92000001","E19000001","E18000002","","E08000001","E05000655"
"BL4 9PJ",10,373199,405058,"E92000001","E19000001","E18000002","","E08000001","E05000655"
"BL4 9PL",10,373234,405107,"E92000001","E19000001","E18000002","","E08000001","E05000655"
"BL4 9PN",10,373045,405142,"E92000001","E19000001","E18000002","","E08000001","E05000655"
"BL4 9PP",10,373205,405373,"E92000001","E19000001","E18000002","","E08000001","E05000655"
"BL4 9PQ",10,373413,405085,"E92000001","E19000001","E18000002","","E08000001","E05000655"
"BL4 9PR",10,373059,405062,"E92000001","E19000001","E18000002","","E08000001","E05000655"
"BL4 9PS",10,373032,405522,"E92000001","E19000001","E18000002","","E08000001","E05000655"
"BL4 9PT",10,372860,405225,"E92000001","E19000001","E18000002","","E08000001","E05000655"
"BL4 9PU",10,372816,405302,"E92000001","E19000001","E18000002","","E08000001","E05000655"
"BL4 9PW",10,372939,405151,"E92000001","E19000001","E18000002","","E08000001","E05000655"
"BL4 9PX",10,372932,405234,"E92000001","E19000001","E18000002","","E08000001","E05000655"
"BL4 9PY",10,372973,405361,"E92000001","E19000001","E18000002","","E08000001","E05000655"
"BL4 9PZ",10,373018,405437,"E92000001","E19000001","E18000002","","E08000001","E05000655"
"BL4 9QA",10,373066,405333,"E92000001","E19000001","E18000002","","E08000001","E05000655"
"BL4 9QB",10,373008,405278,"E92000001","E19000001","E18000002","","E08000001","E05000655"
"BL4 9QD",10,373067,405214,"E92000001","E19000001","E18000002","","E08000001","E05000655"
"BL4 9QE",10,373243,405094,"E92000001","E19000001","E18000002","","E08000001","E05000655"
"BL4 9QF",10,373268,405096,"E92000001","E19000001","E18000002","","E08000001","E05000655"
"BL4 9QG",10,373334,405128,"E92000001","E19000001","E18000002","","E08000001","E05000655"
"BL4 9QH",10,373057,405176,"E92000001","E19000001","E18000002","","E08000001","E05000655"
"BL4 9QJ",10,373238,405155,"E92000001","E19000001","E18000002","","E08000001","E05000655"
"BL4 9QL",10,373364,405148,"E92000001","E19000001","E18000002","","E08000001","E05000655"
"BL4 9QN",10,373536,405264,"E92000001","E19000001","E18000002","","E08000001","E05000655"
"BL4 9QP",10,373477,405250,"E92000001","E19000001","E18000002","","E08000001","E05000655"
"BL4 9QQ",10,373396,405207,"E92000001","E19000001","E18000002","","E08000001","E05000655"
"BL4 9QR",10,372970,405089,"E92000001","E19000001","E18000002","","E08000001","E05000655"
"BL4 9QS",10,372905,405134,"E92000001","E19000001","E18000002","","E08000001","E05000655"
"BL4 9QT",10,372865,405486,"E92000001","E19000001","E18000002","","E08000001","E05000655"
"BL4 9QU",10,372896,405698,"E92000001","E19000001","E18000002","","E08000001","E05000655"
"BL4 9QW",10,372910,405620,"E92000001","E19000001","E18000002","","E08000001","E05000655"
"BL4 9QX",10,372832,405632,"E92000001","E19000001","E18000002","","E08000001","E05000655"
"BL4 9QY",10,373480,405296,"E92000001","E19000001","E18000002","","E08000001","E05000655"
"BL4 9QZ",10,373429,405297,"E92000001","E19000001","E18000002","","E08000001","E05000655"
"BL4 9RA",10,372622,405473,"E92000001","E19000001","E18000002","","E08000001","E05000655"
"BL4 9RB",10,372612,405508,"E92000001","E19000001","E18000002","","E08000001","E05000655"
"BL4 9RD",10,372577,405402,"E92000001","E19000001","E18000002","","E08000001","E05000655"
"BL4 9RE",10,372615,405301,"E92000001","E19000001","E18000002","","E08000001","E05000655"
"BL4 9RF",10,372597,405262,"E92000001","E19000001","E18000002","","E08000001","E05000655"
"BL4 9RG",10,372602,405219,"E92000001","E19000001","E18000002","","E08000001","E05000655"
"BL4 9RH",10,372698,405221,"E92000001","E19000001","E18000002","","E08000001","E05000655"
"BL4 9RJ",10,372788,405382,"E92000001","E19000001","E18000002","","E08000001","E05000655"
"BL4 9RL",10,372715,405371,"E92000001","E19000001","E18000002","","E08000001","E05000655"
"BL4 9RN",10,372760,405235,"E92000001","E19000001","E18000002","","E08000001","E05000655"
"BL4 9RP",10,372435,405351,"E92000001","E19000001","E18000002","","E08000001","E05000655"
"BL4 9RQ",10,372626,405264,"E92000001","E19000001","E18000002","","E08000001","E05000655"
"BL4 9RR",10,372308,405284,"E92000001","E19000001","E18000002","","E08000001","E05000655"
"BL4 9RU",10,372403,405494,"E92000001","E19000001","E18000002","","E08000001","E05000655"
"BL4 9RW",10,372794,405223,"E92000001","E19000001","E18000002","","E08000001","E05000655"
"BL4 9RX",10,372246,405326,"E92000001","E19000001","E18000002","","E08000001","E05000655"
"BL4 9RY",10,371939,405648,"E92000001","E19000001","E18000002","","E08000001","E05000658"
"BL4 9RZ",10,371945,405681,"E92000001","E19000001","E18000002","","E08000001","E05000658"
"BL4 9SA",10,371906,405743,"E92000001","E19000001","E18000002","","E08000001","E05000658"
"BL4 9SB",10,372013,405818,"E92000001","E19000001","E18000002","","E08000001","E05000658"
"BL4 9SD",10,372002,405695,"E92000001","E19000001","E18000002","","E08000001","E05000658"
"BL4 9SE",10,373219,405059,"E92000001","E19000001","E18000002","","E08000001","E05000655"
"BL4 9SF",10,374079,405111,"E92000001","E19000001","E18000002","","E08000001","E05000663"
"BL4 9SG",10,372869,405156,"E92000001","E19000001","E18000002","","E08000001","E05000655"
"BL4 9SH",10,373158,405026,"E92000001","E19000001","E18000002","","E08000001","E05000655"
"BL4 9SJ",10,372962,405068,"E92000001","E19000001","E18000002","","E08000001","E05000655"
"BL4 9SL",10,372826,405089,"E92000001","E19000001","E18000002","","E08000001","E05000655"
"BL4 9SN",10,373147,404815,"E92000001","E19000001","E18000002","","E08000001","E05000655"
"BL4 9SP",10,372993,404936,"E92000001","E19000001","E18000002","","E08000001","E05000655"
"BL4 9SQ",10,372481,405200,"E92000001","E19000001","E18000002","","E08000001","E05000655"
"BL4 9SR",10,373408,404818,"E92000001","E19000001","E18000002","","E08000001","E05000655"
"BL4 9SS",10,373365,404911,"E92000001","E19000001","E18000002","","E08000001","E05000655"
"BL4 9ST",10,373417,404911,"E92000001","E19000001","E18000002","","E08000001","E05000655"
"BL4 9SU",10,373503,404900,"E92000001","E19000001","E18000002","","E08000001","E05000655"
"BL4 9SW",10,373165,404935,"E92000001","E19000001","E18000002","","E08000001","E05000655"
"BL4 9SX",10,372810,404877,"E92000001","E19000001","E18000002","","E08000001","E05000655"
"BL4 9SY",10,372820,404948,"E92000001","E19000001","E18000002","","E08000001","E05000655"
"BL4 9SZ",10,372812,404998,"E92000001","E19000001","E18000002","","E08000001","E05000655"
"BL4 9TA",10,372734,404997,"E92000001","E19000001","E18000002","","E08000001","E05000655"
"BL4 9TB",10,372633,405050,"E92000001","E19000001","E18000002","","E08000001","E05000655"
"BL4 9TD",10,372611,405109,"E92000001","E19000001","E18000002","","E08000001","E05000655"
"BL4 9TE",10,372623,405165,"E92000001","E19000001","E18000002","","E08000001","E05000655"
"BL4 9TF",10,372871,405004,"E92000001","E19000001","E18000002","","E08000001","E05000655"
"BL4 9TL",10,373440,405588,"E92000001","E19000001","E18000002","","E08000001","E05000655"
"BL4 9TN",10,373964,404977,"E92000001","E19000001","E18000002","","E08000001","E05000663"
"BL4 9TP",10,373808,404762,"E92000001","E19000001","E18000002","","E08000001","E05000663"
"BL4 9TQ",10,374067,404732,"E92000001","E19000001","E18000002","","E08000001","E05000663"
"BL4 9TR",10,373468,405536,"E92000001","E19000001","E18000002","","E08000001","E05000655"
"BL4 9XX",10,374067,404732,"E92000001","E19000001","E18000002","","E08000001","E05000663"
"BL4 9XY",10,374067,404733,"E92000001","E19000001","E18000002","","E08000001","E05000663"
"BL5 1AA",10,369005,406051,"E92000001","E19000001","E18000002","","E08000001","E05000662"
"BL5 1AB",10,369001,406236,"E92000001","E19000001","E18000002","","E08000001","E05000662"
"BL5 1AD",10,369043,406422,"E92000001","E19000001","E18000002","","E08000001","E05000662"
"BL5 1AE",10,368925,406498,"E92000001","E19000001","E18000002","","E08000001","E05000662"
"BL5 1AF",10,368977,406360,"E92000001","E19000001","E18000002","","E08000001","E05000662"
"BL5 1AG",10,369055,406074,"E92000001","E19000001","E18000002","","E08000001","E05000662"
"BL5 1AH",10,369271,406031,"E92000001","E19000001","E18000002","","E08000001","E05000662"
"BL5 1AJ",10,369448,406008,"E92000001","E19000001","E18000002","","E08000001","E05000662"
"BL5 1AL",10,370535,405486,"E92000001","E19000001","E18000002","","E08000001","E05000662"
"BL5 1AN",10,369723,406021,"E92000001","E19000001","E18000002","","E08000001","E05000662"
"BL5 1AP",10,369287,405990,"E92000001","E19000001","E18000002","","E08000001","E05000662"
"BL5 1AQ",10,369136,406040,"E92000001","E19000001","E18000002","","E08000001","E05000662"
"BL5 1AR",10,369091,405963,"E92000001","E19000001","E18000002","","E08000001","E05000662"
"BL5 1AS",10,369048,405935,"E92000001","E19000001","E18000002","","E08000001","E05000662"
"BL5 1AT",10,368504,405794,"E92000001","E19000001","E18000002","","E08000001","E05000662"
"BL5 1AU",10,368454,405862,"E92000001","E19000001","E18000002","","E08000001","E05000662"
"BL5 1AW",10,369493,406266,"E92000001","E19000001","E18000002","","E08000001","E05000662"
"BL5 1AX",10,368193,405945,"E92000001","E19000001","E18000002","","E08000001","E05000662"
"BL5 1AY",10,368022,405948,"E92000001","E19000001","E18000002","","E08000001","E05000662"
"BL5 1AZ",10,367974,406008,"E92000001","E19000001","E18000002","","E08000001","E05000662"
"BL5 1BA",10,367764,406055,"E92000001","E19000001","E18000002","","E08000001","E05000668"
"BL5 1BB",10,367437,406079,"E92000001","E19000001","E18000002","","E08000001","E05000668"
"BL5 1BD",10,367434,406046,"E92000001","E19000001","E18000002","","E08000001","E05000668"
"BL5 1BE",10,367875,405996,"E92000001","E19000001","E18000002","","E08000001","E05000668"
"BL5 1BF",10,370213,405688,"E92000001","E19000001","E18000002","","E08000001","E05000662"
"BL5 1BG",10,369069,406001,"E92000001","E19000001","E18000002","","E08000001","E05000662"
"BL5 1BH",10,367918,405334,"E92000001","E19000001","E18000002","","E08000001","E05000662"
"BL5 1BJ",10,369073,405813,"E92000001","E19000001","E18000002","","E08000001","E05000662"
"BL5 1BL",10,369100,405774,"E92000001","E19000001","E18000002","","E08000001","E05000662"
"BL5 1BN",10,369264,405757,"E92000001","E19000001","E18000002","","E08000001","E05000662"
"BL5 1BP",10,369328,405458,"E92000001","E19000001","E18000002","","E08000001","E05000662"
"BL5 1BQ",10,370702,404758,"E92000001","E19000001","E18000002","","E08000001","E05000662"
"BL5 1BR",10,369671,405577,"E92000001","E19000001","E18000002","","E08000001","E05000662"
"BL5 1BS",10,369696,405325,"E92000001","E19000001","E18000002","","E08000001","E05000662"
"BL5 1BU",10,370226,405361,"E92000001","E19000001","E18000002","","E08000001","E05000662"
"BL5 1BW",10,369429,405679,"E92000001","E19000001","E18000002","","E08000001","E05000662"
"BL5 1BX",10,370498,404961,"E92000001","E19000001","E18000002","","E08000001","E05000662"
"BL5 1BY",10,370674,404751,"E92000001","E19000001","E18000002","","E08000001","E05000662"
"BL5 1BZ",10,370672,404687,"E92000001","E19000001","E18000002","","E08000001","E05000662"
"BL5 1DB",10,370281,405060,"E92000001","E19000001","E18000002","","E08000001","E05000662"
"BL5 1DF",10,368543,405843,"E92000001","E19000001","E18000002","","E08000001","E05000662"
"BL5 1DH",10,368961,405762,"E92000001","E19000001","E18000002","","E08000001","E05000662"
"BL5 1DJ",10,368918,405645,"E92000001","E19000001","E18000002","","E08000001","E05000662"
"BL5 1DL",10,368812,405414,"E92000001","E19000001","E18000002","","E08000001","E05000662"
"BL5 1DN",10,368732,405263,"E92000001","E19000001","E18000002","","E08000001","E05000662"
"BL5 1DP",10,368617,405439,"E92000001","E19000001","E18000002","","E08000001","E05000662"
"BL5 1DQ",10,370783,404695,"E92000001","E19000001","E18000002","","E08000001","E05000662"
"BL5 1DR",10,368636,405564,"E92000001","E19000001","E18000002","","E08000001","E05000662"
"BL5 1DS",10,368687,405690,"E92000001","E19000001","E18000002","","E08000001","E05000662"
"BL5 1DT",10,368728,405405,"E92000001","E19000001","E18000002","","E08000001","E05000662"
"BL5 1DU",10,368746,405494,"E92000001","E19000001","E18000002","","E08000001","E05000662"
"BL5 1DW",10,368678,405336,"E92000001","E19000001","E18000002","","E08000001","E05000662"
"BL5 1DX",10,368832,405549,"E92000001","E19000001","E18000002","","E08000001","E05000662"
"BL5 1DY",10,368777,405590,"E92000001","E19000001","E18000002","","E08000001","E05000662"
"BL5 1DZ",10,368804,405720,"E92000001","E19000001","E18000002","","E08000001","E05000662"
"BL5 1EA",10,368961,405827,"E92000001","E19000001","E18000002","","E08000001","E05000662"
"BL5 1EB",10,368927,405755,"E92000001","E19000001","E18000002","","E08000001","E05000662"
"BL5 1ED",10,369856,405308,"E92000001","E19000001","E18000002","","E08000001","E05000662"
"BL5 1EE",10,370079,404709,"E92000001","E19000001","E18000002","","E08000001","E05000662"
"BL5 1EH",10,368823,405810,"E92000001","E19000001","E18000002","","E08000001","E05000662"
"BL5 1EJ",10,368972,405730,"E92000001","E19000001","E18000002","","E08000001","E05000662"
"BL5 1EL",10,369030,405756,"E92000001","E19000001","E18000002","","E08000001","E05000662"
"BL5 1EN",10,369102,405662,"E92000001","E19000001","E18000002","","E08000001","E05000662"
"BL5 1EP",10,369012,405628,"E92000001","E19000001","E18000002","","E08000001","E05000662"
"BL5 1EQ",10,368791,405764,"E92000001","E19000001","E18000002","","E08000001","E05000662"
"BL5 1ER",10,368949,405590,"E92000001","E19000001","E18000002","","E08000001","E05000662"
"BL5 1ES",10,368941,405456,"E92000001","E19000001","E18000002","","E08000001","E05000662"
"BL5 1ET",10,368837,405337,"E92000001","E19000001","E18000002","","E08000001","E05000662"
"BL5 1EU",10,368878,405279,"E92000001","E19000001","E18000002","","E08000001","E05000662"
"BL5 1EW",10,369060,405675,"E92000001","E19000001","E18000002","","E08000001","E05000662"
"BL5 1EX",10,368812,405102,"E92000001","E19000001","E18000002","","E08000001","E05000662"
"BL5 1EY",10,368859,405044,"E92000001","E19000001","E18000002","","E08000001","E05000662"
"BL5 1EZ",10,369073,404854,"E92000001","E19000001","E18000002","","E08000001","E05000662"
"BL5 1FH",10,370681,404322,"E92000001","E19000001","E18000002","","E08000001","E05000662"
"BL5 1FJ",50,364423,410315,"E92000001","E19000001","E18000002","","E08000001","E05000660"
"BL5 1FL",10,370216,404908,"E92000001","E19000001","E18000002","","E08000001","E05000662"
"BL5 1FN",10,370094,405187,"E92000001","E19000001","E18000002","","E08000001","E05000662"
"BL5 1FQ",10,370575,404353,"E92000001","E19000001","E18000002","","E08000001","E05000662"
"BL5 1HA",10,368914,404793,"E92000001","E19000001","E18000002","","E08000001","E05000662"
"BL5 1HB",10,368958,404806,"E92000001","E19000001","E18000002","","E08000001","E05000662"
"BL5 1HD",10,368955,404984,"E92000001","E19000001","E18000002","","E08000001","E05000662"
"BL5 1HE",10,368960,405070,"E92000001","E19000001","E18000002","","E08000001","E05000662"
"BL5 1HF",10,369004,404963,"E92000001","E19000001","E18000002","","E08000001","E05000662"
"BL5 1HG",10,369057,404965,"E92000001","E19000001","E18000002","","E08000001","E05000662"
"BL5 1HH",10,369149,404975,"E92000001","E19000001","E18000002","","E08000001","E05000662"
"BL5 1HJ",10,369106,405107,"E92000001","E19000001","E18000002","","E08000001","E05000662"
"BL5 1HL",10,369105,405190,"E92000001","E19000001","E18000002","","E08000001","E05000662"
"BL5 1HN",10,369022,405125,"E92000001","E19000001","E18000002","","E08000001","E05000662"
"BL5 1HP",10,368915,405178,"E92000001","E19000001","E18000002","","E08000001","E05000662"
"BL5 1HQ",10,369090,405017,"E92000001","E19000001","E18000002","","E08000001","E05000662"
"BL5 1HR",10,369007,405288,"E92000001","E19000001","E18000002","","E08000001","E05000662"
"BL5 1HS",10,369053,405357,"E92000001","E19000001","E18000002","","E08000001","E05000662"
"BL5 1HT",10,369016,405394,"E92000001","E19000001","E18000002","","E08000001","E05000662"
"BL5 1HW",10,368961,405264,"E92000001","E19000001","E18000002","","E08000001","E05000662"
"BL5 1YY",10,364423,410315,"E92000001","E19000001","E18000002","","E08000001","E05000660"
"BL5 2AA",10,365251,405474,"E92000001","E19000001","E18000002","","E08000001","E05000669"
"BL5 2AB",10,365293,405541,"E92000001","E19000001","E18000002","","E08000001","E05000669"
"BL5 2AD",10,365247,405581,"E92000001","E19000001","E18000002","","E08000001","E05000669"
"BL5 2AE",10,365341,405365,"E92000001","E19000001","E18000002","","E08000001","E05000669"
"BL5 2AF",10,365178,405381,"E92000001","E19000001","E18000002","","E08000001","E05000669"
"BL5 2AG",10,365084,405397,"E92000001","E19000001","E18000002","","E08000001","E05000669"
"BL5 2AH",10,365252,405428,"E92000001","E19000001","E18000002","","E08000001","E05000669"
"BL5 2AJ",10,364946,405338,"E92000001","E19000001","E18000002","","E08000001","E05000669"
"BL5 2AL",10,364893,405418,"E92000001","E19000001","E18000002","","E08000001","E05000669"
"BL5 2AN",10,364518,405239,"E92000001","E19000001","E18000002","","E08000001","E05000669"
"BL5 2AP",10,364513,404298,"E92000001","E19000001","E18000002","","E08000001","E05000669"
"BL5 2AQ",10,364978,405418,"E92000001","E19000001","E18000002","","E08000001","E05000669"
"BL5 2AR",10,364743,405408,"E92000001","E19000001","E18000002","","E08000001","E05000669"
"BL5 2AS",10,364636,405419,"E92000001","E19000001","E18000002","","E08000001","E05000669"
"BL5 2AT",10,364707,405365,"E92000001","E19000001","E18000002","","E08000001","E05000669"
"BL5 2AU",10,364509,405158,"E92000001","E19000001","E18000002","","E08000001","E05000669"
"BL5 2AW",10,364477,405222,"E92000001","E19000001","E18000002","","E08000001","E05000669"
"BL5 2AX",10,364414,405049,"E92000001","E19000001","E18000002","","E08000001","E05000669"
"BL5 2AY",10,364522,405462,"E92000001","E19000001","E18000002","","E08000001","E05000669"
"BL5 2AZ",10,364490,405572,"E92000001","E19000001","E18000002","","E08000001","E05000669"
"BL5 2BA",10,364569,405734,"E92000001","E19000001","E18000002","","E08000001","E05000669"
"BL5 2BB",10,364622,405649,"E92000001","E19000001","E18000002","","E08000001","E05000669"
"BL5 2BD",10,365067,405955,"E92000001","E19000001","E18000002","","E08000001","E05000669"
"BL5 2BE",10,365138,406007,"E92000001","E19000001","E18000002","","E08000001","E05000669"
"BL5 2BF",10,365136,403829,"E92000001","E19000001","E18000002","","E08000001","E05000669"
"BL5 2BG",10,365143,405954,"E92000001","E19000001","E18000002","","E08000001","E05000669"
"BL5 2BH",10,364386,405268,"E92000001","E19000001","E18000002","","E08000001","E05000669"
"BL5 2BJ",10,364798,405295,"E92000001","E19000001","E18000002","","E08000001","E05000669"
"BL5 2BL",10,364963,405759,"E92000001","E19000001","E18000002","","E08000001","E05000669"
"BL5 2BN",10,364861,405529,"E92000001","E19000001","E18000002","","E08000001","E05000669"
"BL5 2BP",10,364510,406625,"E92000001","E19000001","E18000002","","E08000001","E05000668"
"BL5 2BQ",10,364746,405451,"E92000001","E19000001","E18000002","","E08000001","E05000669"
"BL5 2BR",10,364548,406259,"E92000001","E19000001","E18000002","","E08000001","E05000668"
"BL5 2BS",10,364146,405187,"E92000001","E19000001","E18000002","","E08000001","E05000669"
"BL5 2BT",10,364180,404534,"E92000001","E19000001","E18000002","","E08000001","E05000669"
"BL5 2BU",10,363955,405233,"E92000001","E19000001","E18000002","","E08000001","E05000669"
"BL5 2BW",10,364953,405690,"E92000001","E19000001","E18000002","","E08000001","E05000669"
"BL5 2BX",10,363908,405189,"E92000001","E19000001","E18000002","","E08000001","E05000669"
"BL5 2BY",10,364048,405595,"E92000001","E19000001","E18000002","","E08000001","E05000669"
"BL5 2BZ",10,363873,405235,"E92000001","E19000001","E18000002","","E08000001","E05000669"
"BL5 2DA",10,363907,405205,"E92000001","E19000001","E18000002","","E08000001","E05000669"
"BL5 2DB",10,363634,405192,"E92000001","E19000001","E18000002","","E08000001","E05000669"
"BL5 2DD",10,363196,405288,"E92000001","E19000001","E18000002","","E08000001","E05000669"
"BL5 2DE",10,363118,405281,"E92000001","E19000001","E18000002","","E08000001","E05000669"
"BL5 2DF",10,363143,405293,"E92000001","E19000001","E18000002","","E08000001","E05000669"
"BL5 2DG",10,364482,404413,"E92000001","E19000001","E18000002","","E08000001","E05000669"
"BL5 2DH",10,363057,405121,"E92000001","E19000001","E18000002","","E08000001","E05000669"
"BL5 2DJ",10,363715,405879,"E92000001","E19000001","E18000002","","E08000001","E05000668"
"BL5 2DL",10,362907,406131,"E92000001","E19000001","E18000002","","E08000001","E05000668"
"BL5 2DN",10,365077,404068,"E92000001","E19000001","E18000002","","E08000001","E05000669"
"BL5 2DP",10,363369,407009,"E92000001","E19000001","E18000002","","E08000001","E05000668"
"BL5 2DQ",10,364496,405666,"E92000001","E19000001","E18000002","","E08000001","E05000669"
"BL5 2DR",10,364430,404769,"E92000001","E19000001","E18000002","","E08000001","E05000669"
"BL5 2DS",10,364429,404143,"E92000001","E19000001","E18000002","","E08000001","E05000669"
"BL5 2DT",10,364795,404239,"E92000001","E19000001","E18000002","","E08000001","E05000669"
"BL5 2DU",10,364803,403869,"E92000001","E19000001","E18000002","","E08000001","E05000669"
"BL5 2DW",10,364640,404989,"E92000001","E19000001","E18000002","","E08000001","E05000669"
"BL5 2DX",10,365003,405302,"E92000001","E19000001","E18000002","","E08000001","E05000669"
"BL5 2DY",10,365080,404116,"E92000001","E19000001","E18000002","","E08000001","E05000669"
"BL5 2DZ",10,365253,404122,"E92000001","E19000001","E18000002","","E08000001","E05000669"
"BL5 2EA",10,364440,405508,"E92000001","E19000001","E18000002","","E08000001","E05000669"
"BL5 2EB",10,365664,404187,"E92000001","E19000001","E18000002","","E08000001","E05000669"
"BL5 2ED",10,365637,404058,"E92000001","E19000001","E18000002","","E08000001","E05000669"
"BL5 2EE",10,364048,405102,"E92000001","E19000001","E18000002","","E08000001","E05000669"
"BL5 2EF",10,365008,404978,"E92000001","E19000001","E18000002","","E08000001","E05000669"
"BL5 2EG",10,365456,404142,"E92000001","E19000001","E18000002","","E08000001","E05000669"
"BL5 2EH",10,365875,404036,"E92000001","E19000001","E18000002","","E08000001","E05000669"
"BL5 2EJ",10,366077,404653,"E92000001","E19000001","E18000002","","E08000001","E05000669"
"BL5 2EL",10,365303,404154,"E92000001","E19000001","E18000002","","E08000001","E05000669"
"BL5 2EN",10,365176,405002,"E92000001","E19000001","E18000002","","E08000001","E05000669"
"BL5 2EP",10,365278,404993,"E92000001","E19000001","E18000002","","E08000001","E05000669"
"BL5 2EQ",10,365377,404227,"E92000001","E19000001","E18000002","","E08000001","E05000669"
"BL5 2ER",10,365233,404810,"E92000001","E19000001","E18000002","","E08000001","E05000669"
"BL5 2ES",10,365462,404976,"E92000001","E19000001","E18000002","","E08000001","E05000669"
"BL5 2ET",10,365593,404892,"E92000001","E19000001","E18000002","","E08000001","E05000669"
"BL5 2EU",10,365509,404834,"E92000001","E19000001","E18000002","","E08000001","E05000669"
"BL5 2EW",10,365087,405047,"E92000001","E19000001","E18000002","","E08000001","E05000669"
"BL5 2EX",10,365445,404930,"E92000001","E19000001","E18000002","","E08000001","E05000669"
"BL5 2EY",10,365389,404907,"E92000001","E19000001","E18000002","","E08000001","E05000669"
"BL5 2EZ",10,365318,404852,"E92000001","E19000001","E18000002","","E08000001","E05000669"
"BL5 2FB",10,364640,405071,"E92000001","E19000001","E18000002","","E08000001","E05000669"
"BL5 2GF",10,364596,405688,"E92000001","E19000001","E18000002","","E08000001","E05000669"
"BL5 2GG",10,364800,405170,"E92000001","E19000001","E18000002","","E08000001","E05000669"
"BL5 2GH",10,365131,405930,"E92000001","E19000001","E18000002","","E08000001","E05000669"
"BL5 2GJ",10,365615,404465,"E92000001","E19000001","E18000002","","E08000001","E05000669"
"BL5 2GL",10,365549,404522,"E92000001","E19000001","E18000002","","E08000001","E05000669"
"BL5 2GN",10,365770,404841,"E92000001","E19000001","E18000002","","E08000001","E05000669"
"BL5 2GP",10,365654,404514,"E92000001","E19000001","E18000002","","E08000001","E05000669"
"BL5 2GQ",10,365737,404545,"E92000001","E19000001","E18000002","","E08000001","E05000669"
"BL5 2GR",10,365789,404710,"E92000001","E19000001","E18000002","","E08000001","E05000669"
"BL5 2GS",10,365808,404811,"E92000001","E19000001","E18000002","","E08000001","E05000669"
"BL5 2GT",10,365667,404869,"E92000001","E19000001","E18000002","","E08000001","E05000669"
"BL5 2GU",10,365644,404663,"E92000001","E19000001","E18000002","","E08000001","E05000669"
"BL5 2GW",10,365785,404643,"E92000001","E19000001","E18000002","","E08000001","E05000669"
"BL5 2GX",10,365699,404707,"E92000001","E19000001","E18000002","","E08000001","E05000669"
"BL5 2HA",10,365610,404798,"E92000001","E19000001","E18000002","","E08000001","E05000669"
"BL5 2HB",10,365591,404676,"E92000001","E19000001","E18000002","","E08000001","E05000669"
"BL5 2HD",10,365532,404701,"E92000001","E19000001","E18000002","","E08000001","E05000669"
"BL5 2HE",10,365509,404620,"E92000001","E19000001","E18000002","","E08000001","E05000669"
"BL5 2HF",10,365494,404573,"E92000001","E19000001","E18000002","","E08000001","E05000669"
"BL5 2HG",10,365468,404563,"E92000001","E19000001","E18000002","","E08000001","E05000669"
"BL5 2HH",10,365517,404644,"E92000001","E19000001","E18000002","","E08000001","E05000669"
"BL5 2HJ",10,365563,404571,"E92000001","E19000001","E18000002","","E08000001","E05000669"
"BL5 2HL",10,365831,404518,"E92000001","E19000001","E18000002","","E08000001","E05000669"
"BL5 2HN",10,365322,404363,"E92000001","E19000001","E18000002","","E08000001","E05000669"
"BL5 2HP",10,365299,404688,"E92000001","E19000001","E18000002","","E08000001","E05000669"
"BL5 2HQ",10,365407,404523,"E92000001","E19000001","E18000002","","E08000001","E05000669"
"BL5 2HR",10,365455,404708,"E92000001","E19000001","E18000002","","E08000001","E05000669"
"BL5 2HS",10,365501,404798,"E92000001","E19000001","E18000002","","E08000001","E05000669"
"BL5 2HT",10,365421,404705,"E92000001","E19000001","E18000002","","E08000001","E05000669"
"BL5 2HU",10,365342,404742,"E92000001","E19000001","E18000002","","E08000001","E05000669"
"BL5 2HW",10,365113,404537,"E92000001","E19000001","E18000002","","E08000001","E05000669"
"BL5 2HX",10,365376,404803,"E92000001","E19000001","E18000002","","E08000001","E05000669"
"BL5 2HY",10,365305,404946,"E92000001","E19000001","E18000002","","E08000001","E05000669"
"BL5 2HZ",10,365298,404794,"E92000001","E19000001","E18000002","","E08000001","E05000669"
"BL5 2JA",10,365167,404760,"E92000001","E19000001","E18000002","","E08000001","E05000669"
"BL5 2JB",10,365002,404829,"E92000001","E19000001","E18000002","","E08000001","E05000669"
"BL5 2JD",10,365054,404837,"E92000001","E19000001","E18000002","","E08000001","E05000669"
"BL5 2JE",10,365832,405524,"E92000001","E19000001","E18000002","","E08000001","E05000668"
"BL5 2JF",10,365840,404488,"E92000001","E19000001","E18000002","","E08000001","E05000669"
"BL5 2JG",10,365905,405239,"E92000001","E19000001","E18000002","","E08000001","E05000668"
"BL5 2JH",10,365794,404455,"E92000001","E19000001","E18000002","","E08000001","E05000669"
"BL5 2JJ",10,365825,404407,"E92000001","E19000001","E18000002","","E08000001","E05000669"
"BL5 2JL",10,365831,404480,"E92000001","E19000001","E18000002","","E08000001","E05000669"
"BL5 2JN",10,365877,404630,"E92000001","E19000001","E18000002","","E08000001","E05000669"
"BL5 2JP",10,365808,404378,"E92000001","E19000001","E18000002","","E08000001","E05000669"
"BL5 2JQ",10,365909,405049,"E92000001","E19000001","E18000002","","E08000001","E05000668"
"BL5 2JR",10,365083,404755,"E92000001","E19000001","E18000002","","E08000001","E05000669"
"BL5 2JS",10,365652,404383,"E92000001","E19000001","E18000002","","E08000001","E05000669"
"BL5 2JT",10,365665,404422,"E92000001","E19000001","E18000002","","E08000001","E05000669"
"BL5 2JU",10,365581,404375,"E92000001","E19000001","E18000002","","E08000001","E05000669"
"BL5 2JX",10,365774,404491,"E92000001","E19000001","E18000002","","E08000001","E05000669"
"BL5 2JY",10,365852,404706,"E92000001","E19000001","E18000002","","E08000001","E05000669"
"BL5 2JZ",10,365871,405062,"E92000001","E19000001","E18000002","","E08000001","E05000669"
"BL5 2LA",10,365795,404951,"E92000001","E19000001","E18000002","","E08000001","E05000669"
"BL5 2LB",10,365807,404982,"E92000001","E19000001","E18000002","","E08000001","E05000669"
"BL5 2LD",10,365859,405101,"E92000001","E19000001","E18000002","","E08000001","E05000669"
"BL5 2LE",10,365842,405386,"E92000001","E19000001","E18000002","","E08000001","E05000668"
"BL5 2LF",10,365775,405569,"E92000001","E19000001","E18000002","","E08000001","E05000668"
"BL5 2LG",10,365688,405569,"E92000001","E19000001","E18000002","","E08000001","E05000668"
"BL5 2LH",10,365670,405533,"E92000001","E19000001","E18000002","","E08000001","E05000668"
"BL5 2LJ",10,365633,405463,"E92000001","E19000001","E18000002","","E08000001","E05000668"
"BL5 2LL",10,365687,405479,"E92000001","E19000001","E18000002","","E08000001","E05000668"
"BL5 2LN",10,365709,405653,"E92000001","E19000001","E18000002","","E08000001","E05000668"
"BL5 2LP",10,365748,405715,"E92000001","E19000001","E18000002","","E08000001","E05000668"
"BL5 2LQ",10,365694,405593,"E92000001","E19000001","E18000002","","E08000001","E05000668"
"BL5 2LR",10,365554,404319,"E92000001","E19000001","E18000002","","E08000001","E05000669"
"BL5 2LS",10,365430,404350,"E92000001","E19000001","E18000002","","E08000001","E05000669"
"BL5 2LT",10,365461,404275,"E92000001","E19000001","E18000002","","E08000001","E05000669"
"BL5 2LU",10,365495,404030,"E92000001","E19000001","E18000002","","E08000001","E05000669"
"BL5 2LW",10,365782,405734,"E92000001","E19000001","E18000002","","E08000001","E05000668"
"BL5 2LX",10,365533,404093,"E92000001","E19000001","E18000002","","E08000001","E05000669"
"BL5 2LY",10,365562,404147,"E92000001","E19000001","E18000002","","E08000001","E05000669"
"BL5 2LZ",10,365575,404170,"E92000001","E19000001","E18000002","","E08000001","E05000669"
"BL5 2NA",10,365602,405591,"E92000001","E19000001","E18000002","","E08000001","E05000668"
"BL5 2NB",10,365602,405484,"E92000001","E19000001","E18000002","","E08000001","E05000668"
"BL5 2ND",10,365623,405370,"E92000001","E19000001","E18000002","","E08000001","E05000668"
"BL5 2NE",10,365686,405261,"E92000001","E19000001","E18000002","","E08000001","E05000668"
"BL5 2NF",10,365699,405216,"E92000001","E19000001","E18000002","","E08000001","E05000669"
"BL5 2NG",10,365869,405246,"E92000001","E19000001","E18000002","","E08000001","E05000668"
"BL5 2NH",10,365495,405290,"E92000001","E19000001","E18000002","","E08000001","E05000669"
"BL5 2NJ",10,365773,405368,"E92000001","E19000001","E18000002","","E08000001","E05000668"
"BL5 2NL",10,365708,405384,"E92000001","E19000001","E18000002","","E08000001","E05000668"
"BL5 2NN",10,365551,405200,"E92000001","E19000001","E18000002","","E08000001","E05000669"
"BL5 2NP",10,365674,405156,"E92000001","E19000001","E18000002","","E08000001","E05000669"
"BL5 2NQ",10,365813,405370,"E92000001","E19000001","E18000002","","E08000001","E05000668"
"BL5 2NR",10,365755,405149,"E92000001","E19000001","E18000002","","E08000001","E05000669"
"BL5 2NS",10,365767,405073,"E92000001","E19000001","E18000002","","E08000001","E05000669"
"BL5 2NT",10,365792,405058,"E92000001","E19000001","E18000002","","E08000001","E05000669"
"BL5 2NU",10,365686,405095,"E92000001","E19000001","E18000002","","E08000001","E05000669"
"BL5 2NW",10,365675,405202,"E92000001","E19000001","E18000002","","E08000001","E05000669"
"BL5 2NX",10,365711,405061,"E92000001","E19000001","E18000002","","E08000001","E05000669"
"BL5 2NY",10,365576,405088,"E92000001","E19000001","E18000002","","E08000001","E05000669"
"BL5 2NZ",10,365548,405128,"E92000001","E19000001","E18000002","","E08000001","E05000669"
"BL5 2PA",10,365540,405035,"E92000001","E19000001","E18000002","","E08000001","E05000669"
"BL5 2PB",10,365487,405120,"E92000001","E19000001","E18000002","","E08000001","E05000669"
"BL5 2PD",10,365337,405159,"E92000001","E19000001","E18000002","","E08000001","E05000669"
"BL5 2PE",10,365360,405083,"E92000001","E19000001","E18000002","","E08000001","E05000669"
"BL5 2PF",10,365403,405166,"E92000001","E19000001","E18000002","","E08000001","E05000669"
"BL5 2PG",10,365363,405199,"E92000001","E19000001","E18000002","","E08000001","E05000669"
"BL5 2PH",10,365502,405425,"E92000001","E19000001","E18000002","","E08000001","E05000669"
"BL5 2PJ",10,365485,405462,"E92000001","E19000001","E18000002","","E08000001","E05000669"
"BL5 2PL",10,365441,405328,"E92000001","E19000001","E18000002","","E08000001","E05000669"
"BL5 2PN",10,365192,405168,"E92000001","E19000001","E18000002","","E08000001","E05000669"
"BL5 2PP",10,365127,405278,"E92000001","E19000001","E18000002","","E08000001","E05000669"
"BL5 2PQ",10,365256,405288,"E92000001","E19000001","E18000002","","E08000001","E05000669"
"BL5 2PR",10,365842,405284,"E92000001","E19000001","E18000002","","E08000001","E05000668"
"BL5 2PS",10,365338,405270,"E92000001","E19000001","E18000002","","E08000001","E05000669"
"BL5 2PT",10,365243,405184,"E92000001","E19000001","E18000002","","E08000001","E05000669"
"BL5 2PW",10,365668,405586,"E92000001","E19000001","E18000002","","E08000001","E05000668"
"BL5 2PY",10,365677,405730,"E92000001","E19000001","E18000002","","E08000001","E05000668"
"BL5 2PZ",10,365278,405221,"E92000001","E19000001","E18000002","","E08000001","E05000669"
"BL5 2QA",10,365960,405433,"E92000001","E19000001","E18000002","","E08000001","E05000668"
"BL5 2QB",10,366005,405302,"E92000001","E19000001","E18000002","","E08000001","E05000668"
"BL5 2QD",10,365949,405247,"E92000001","E19000001","E18000002","","E08000001","E05000668"
"BL5 2QE",10,366020,405415,"E92000001","E19000001","E18000002","","E08000001","E05000668"
"BL5 2QG",10,366082,405239,"E92000001","E19000001","E18000002","","E08000001","E05000668"
"BL5 2QH",10,366092,405386,"E92000001","E19000001","E18000002","","E08000001","E05000668"
"BL5 2QJ",10,366011,405153,"E92000001","E19000001","E18000002","","E08000001","E05000668"
"BL5 2QL",10,365980,405114,"E92000001","E19000001","E18000002","","E08000001","E05000668"
"BL5 2QN",10,365876,405596,"E92000001","E19000001","E18000002","","E08000001","E05000668"
"BL5 2QP",10,365984,405519,"E92000001","E19000001","E18000002","","E08000001","E05000668"
"BL5 2QQ",10,366075,405143,"E92000001","E19000001","E18000002","","E08000001","E05000668"
"BL5 2QS",10,364790,404763,"E92000001","E19000001","E18000002","","E08000001","E05000669"
"BL5 2QU",10,364766,404672,"E92000001","E19000001","E18000002","","E08000001","E05000669"
"BL5 2QW",10,365955,405609,"E92000001","E19000001","E18000002","","E08000001","E05000668"
"BL5 2QX",10,365612,405629,"E92000001","E19000001","E18000002","","E08000001","E05000668"
"BL5 2QY",10,365697,404468,"E92000001","E19000001","E18000002","","E08000001","E05000669"
"BL5 2QZ",50,365697,404468,"E92000001","E19000001","E18000002","","E08000001","E05000669"
"BL5 2RA",10,365098,404308,"E92000001","E19000001","E18000002","","E08000001","E05000669"
"BL5 2RB",10,364919,404248,"E92000001","E19000001","E18000002","","E08000001","E05000669"
"BL5 2RD",10,365031,404374,"E92000001","E19000001","E18000002","","E08000001","E05000669"
"BL5 2RE",10,365042,404189,"E92000001","E19000001","E18000002","","E08000001","E05000669"
"BL5 2RF",10,365164,404247,"E92000001","E19000001","E18000002","","E08000001","E05000669"
"BL5 2RG",10,365383,404057,"E92000001","E19000001","E18000002","","E08000001","E05000669"
"BL5 2RH",10,364701,404435,"E92000001","E19000001","E18000002","","E08000001","E05000669"
"BL5 2RJ",10,364660,404535,"E92000001","E19000001","E18000002","","E08000001","E05000669"
"BL5 2RN",10,364590,404460,"E92000001","E19000001","E18000002","","E08000001","E05000669"
"BL5 2RP",10,364808,404337,"E92000001","E19000001","E18000002","","E08000001","E05000669"
"BL5 2RQ",10,364902,404966,"E92000001","E19000001","E18000002","","E08000001","E05000669"
"BL5 2RR",10,364800,404512,"E92000001","E19000001","E18000002","","E08000001","E05000669"
"BL5 2RS",10,364549,405103,"E92000001","E19000001","E18000002","","E08000001","E05000669"
"BL5 2RT",10,364492,404998,"E92000001","E19000001","E18000002","","E08000001","E05000669"
"BL5 2RU",10,364640,404891,"E92000001","E19000001","E18000002","","E08000001","E05000669"
"BL5 2RW",10,364853,404912,"E92000001","E19000001","E18000002","","E08000001","E05000669"
"BL5 2RX",10,364501,404894,"E92000001","E19000001","E18000002","","E08000001","E05000669"
"BL5 2RY",10,364925,404464,"E92000001","E19000001","E18000002","","E08000001","E05000669"
"BL5 2RZ",10,364821,404579,"E92000001","E19000001","E18000002","","E08000001","E05000669"
"BL5 2SA",10,365220,404567,"E92000001","E19000001","E18000002","","E08000001","E05000669"
"BL5 2SB",10,365302,404532,"E92000001","E19000001","E18000002","","E08000001","E05000669"
"BL5 2SD",10,365164,404473,"E92000001","E19000001","E18000002","","E08000001","E05000669"
"BL5 2SE",10,365239,404408,"E92000001","E19000001","E18000002","","E08000001","E05000669"
"BL5 2SF",10,365339,404480,"E92000001","E19000001","E18000002","","E08000001","E05000669"
"BL5 2SG",10,364827,404780,"E92000001","E19000001","E18000002","","E08000001","E05000669"
"BL5 2SJ",10,364637,404331,"E92000001","E19000001","E18000002","","E08000001","E05000669"
"BL5 2SL",10,364503,404736,"E92000001","E19000001","E18000002","","E08000001","E05000669"
"BL5 2SN",10,364554,404691,"E92000001","E19000001","E18000002","","E08000001","E05000669"
"BL5 2SP",10,364640,404784,"E92000001","E19000001","E18000002","","E08000001","E05000669"
"BL5 2SQ",10,364880,404769,"E92000001","E19000001","E18000002","","E08000001","E05000669"
"BL5 2SR",10,364522,404602,"E92000001","E19000001","E18000002","","E08000001","E05000669"
"BL5 2SW",10,364635,404645,"E92000001","E19000001","E18000002","","E08000001","E05000669"
"BL5 2TA",10,365327,404276,"E92000001","E19000001","E18000002","","E08000001","E05000669"
"BL5 2TB",10,365973,404619,"E92000001","E19000001","E18000002","","E08000001","E05000669"
"BL5 2TE",10,365964,404525,"E92000001","E19000001","E18000002","","E08000001","E05000669"
"BL5 2TF",10,366006,404577,"E92000001","E19000001","E18000002","","E08000001","E05000669"
"BL5 2TG",10,370977,409968,"E92000001","E19000001","E18000002","","E08000001","E05000657"
"BL5 2UN",10,364953,405079,"E92000001","E19000001","E18000002","","E08000001","E05000669"
"BL5 2UW",10,364992,405138,"E92000001","E19000001","E18000002","","E08000001","E05000669"
"BL5 2YU",10,364423,410315,"E92000001","E19000001","E18000002","","E08000001","E05000660"
"BL5 2YW",10,364423,410315,"E92000001","E19000001","E18000002","","E08000001","E05000660"
"BL5 3AA",10,365413,405922,"E92000001","E19000001","E18000002","","E08000001","E05000669"
"BL5 3AE",10,365409,405898,"E92000001","E19000001","E18000002","","E08000001","E05000669"
"BL5 3AF",10,365393,405888,"E92000001","E19000001","E18000002","","E08000001","E05000669"
"BL5 3AG",10,365496,405916,"E92000001","E19000001","E18000002","","E08000001","E05000669"
"BL5 3AH",10,365590,405891,"E92000001","E19000001","E18000002","","E08000001","E05000669"
"BL5 3AJ",10,365474,405834,"E92000001","E19000001","E18000002","","E08000001","E05000669"
"BL5 3AL",10,365628,405794,"E92000001","E19000001","E18000002","","E08000001","E05000668"
"BL5 3AN",10,365570,405937,"E92000001","E19000001","E18000002","","E08000001","E05000668"
"BL5 3AP",10,365587,405737,"E92000001","E19000001","E18000002","","E08000001","E05000668"
"BL5 3AQ",10,365457,405891,"E92000001","E19000001","E18000002","","E08000001","E05000669"
"BL5 3AR",10,365553,405880,"E92000001","E19000001","E18000002","","E08000001","E05000669"
"BL5 3AS",10,365359,405833,"E92000001","E19000001","E18000002","","E08000001","E05000669"
"BL5 3AT",10,365610,405945,"E92000001","E19000001","E18000002","","E08000001","E05000668"
"BL5 3AU",10,365586,405952,"E92000001","E19000001","E18000002","","E08000001","E05000668"
"BL5 3AW",10,365601,405926,"E92000001","E19000001","E18000002","","E08000001","E05000668"
"BL5 3AX",10,365517,406043,"E92000001","E19000001","E18000002","","E08000001","E05000669"
"BL5 3AZ",10,365435,405972,"E92000001","E19000001","E18000002","","E08000001","E05000669"
"BL5 3BB",10,365372,405965,"E92000001","E19000001","E18000002","","E08000001","E05000669"
"BL5 3BD",10,365548,405908,"E92000001","E19000001","E18000002","","E08000001","E05000669"
"BL5 3BE",10,365462,407321,"E92000001","E19000001","E18000002","","E08000001","E05000668"
"BL5 3BF",10,365055,407495,"E92000001","E19000001","E18000002","","E08000001","E05000668"
"BL5 3BH",10,365488,405974,"E92000001","E19000001","E18000002","","E08000001","E05000669"
"BL5 3BJ",10,367203,406747,"E92000001","E19000001","E18000002","","E08000001","E05000668"
"BL5 3BL",10,365328,406928,"E92000001","E19000001","E18000002","","E08000001","E05000668"
"BL5 3BN",10,366506,405055,"E92000001","E19000001","E18000002","","E08000001","E05000668"
"BL5 3BP",10,365493,406164,"E92000001","E19000001","E18000002","","E08000001","E05000669"
"BL5 3BQ",10,367250,406708,"E92000001","E19000001","E18000002","","E08000001","E05000668"
"BL5 3BR",10,365240,407006,"E92000001","E19000001","E18000002","","E08000001","E05000668"
"BL5 3BS",10,365234,407101,"E92000001","E19000001","E18000002","","E08000001","E05000668"
"BL5 3BT",10,365334,406865,"E92000001","E19000001","E18000002","","E08000001","E05000668"
"BL5 3BU",10,367213,406643,"E92000001","E19000001","E18000002","","E08000001","E05000668"
"BL5 3BW",10,365235,406910,"E92000001","E19000001","E18000002","","E08000001","E05000668"
"BL5 3BX",10,365753,405844,"E92000001","E19000001","E18000002","","E08000001","E05000668"
"BL5 3BY",10,365836,405833,"E92000001","E19000001","E18000002","","E08000001","E05000668"
"BL5 3BZ",10,365836,405901,"E92000001","E19000001","E18000002","","E08000001","E05000668"
"BL5 3DA",10,365893,405749,"E92000001","E19000001","E18000002","","E08000001","E05000668"
"BL5 3DB",10,366213,405769,"E92000001","E19000001","E18000002","","E08000001","E05000668"
"BL5 3DD",10,366236,405724,"E92000001","E19000001","E18000002","","E08000001","E05000668"
"BL5 3DE",10,365741,405810,"E92000001","E19000001","E18000002","","E08000001","E05000668"
"BL5 3DF",10,365715,405796,"E92000001","E19000001","E18000002","","E08000001","E05000668"
"BL5 3DG",10,365710,405926,"E92000001","E19000001","E18000002","","E08000001","E05000668"
"BL5 3DH",10,366306,405689,"E92000001","E19000001","E18000002","","E08000001","E05000668"
"BL5 3DJ",10,365885,405705,"E92000001","E19000001","E18000002","","E08000001","E05000668"
"BL5 3DL",10,365786,405993,"E92000001","E19000001","E18000002","","E08000001","E05000668"
"BL5 3DN",10,365852,406159,"E92000001","E19000001","E18000002","","E08000001","E05000668"
"BL5 3DP",10,365881,406595,"E92000001","E19000001","E18000002","","E08000001","E05000668"
"BL5 3DQ",10,365581,405797,"E92000001","E19000001","E18000002","","E08000001","E05000669"
"BL5 3DR",10,365807,406185,"E92000001","E19000001","E18000002","","E08000001","E05000668"
"BL5 3DS",10,365718,406221,"E92000001","E19000001","E18000002","","E08000001","E05000668"
"BL5 3DU",10,365516,406324,"E92000001","E19000001","E18000002","","E08000001","E05000668"
"BL5 3DW",10,366325,406482,"E92000001","E19000001","E18000002","","E08000001","E05000668"
"BL5 3DX",10,365967,406332,"E92000001","E19000001","E18000002","","E08000001","E05000668"
"BL5 3DY",10,365901,406313,"E92000001","E19000001","E18000002","","E08000001","E05000668"
"BL5 3DZ",10,365738,405768,"E92000001","E19000001","E18000002","","E08000001","E05000668"
"BL5 3EA",10,365867,406294,"E92000001","E19000001","E18000002","","E08000001","E05000668"
"BL5 3EB",10,366039,406407,"E92000001","E19000001","E18000002","","E08000001","E05000668"
"BL5 3ED",10,366208,406497,"E92000001","E19000001","E18000002","","E08000001","E05000668"
"BL5 3EE",10,366117,406397,"E92000001","E19000001","E18000002","","E08000001","E05000668"
"BL5 3EF",10,366255,406497,"E92000001","E19000001","E18000002","","E08000001","E05000668"
"BL5 3EG",10,366141,406285,"E92000001","E19000001","E18000002","","E08000001","E05000668"
"BL5 3EH",10,366321,406594,"E92000001","E19000001","E18000002","","E08000001","E05000668"
"BL5 3EJ",10,366514,406591,"E92000001","E19000001","E18000002","","E08000001","E05000668"
"BL5 3EL",10,366593,406642,"E92000001","E19000001","E18000002","","E08000001","E05000668"
"BL5 3EN",10,366405,406692,"E92000001","E19000001","E18000002","","E08000001","E05000668"
"BL5 3EP",10,366487,406680,"E92000001","E19000001","E18000002","","E08000001","E05000668"
"BL5 3EQ",10,366155,406321,"E92000001","E19000001","E18000002","","E08000001","E05000668"
"BL5 3ER",10,366007,406327,"E92000001","E19000001","E18000002","","E08000001","E05000668"
"BL5 3ES",10,366310,406689,"E92000001","E19000001","E18000002","","E08000001","E05000668"
"BL5 3ET",10,366420,406525,"E92000001","E19000001","E18000002","","E08000001","E05000668"
"BL5 3EU",10,366523,406291,"E92000001","E19000001","E18000002","","E08000001","E05000668"
"BL5 3EW",10,366447,406687,"E92000001","E19000001","E18000002","","E08000001","E05000668"
"BL5 3EX",10,366590,406302,"E92000001","E19000001","E18000002","","E08000001","E05000668"
"BL5 3EY",10,365519,406395,"E92000001","E19000001","E18000002","","E08000001","E05000668"
"BL5 3EZ",10,365501,406434,"E92000001","E19000001","E18000002","","E08000001","E05000668"
"BL5 3FA",10,367335,406028,"E92000001","E19000001","E18000002","","E08000001","E05000668"
"BL5 3FB",10,365027,406237,"E92000001","E19000001","E18000002","","E08000001","E05000669"
"BL5 3FD",10,364890,406327,"E92000001","E19000001","E18000002","","E08000001","E05000669"
"BL5 3FE",10,365305,406840,"E92000001","E19000001","E18000002","","E08000001","E05000668"
"BL5 3FF",10,365309,406800,"E92000001","E19000001","E18000002","","E08000001","E05000668"
"BL5 3FG",50,365309,406800,"E92000001","E19000001","E18000002","","E08000001","E05000668"
"BL5 3FH",50,365309,406800,"E92000001","E19000001","E18000002","","E08000001","E05000668"
"BL5 3FZ",50,365309,406800,"E92000001","E19000001","E18000002","","E08000001","E05000668"
"BL5 3GE",10,365858,406449,"E92000001","E19000001","E18000002","","E08000001","E05000668"
"BL5 3GF",10,363986,408006,"E92000001","E19000001","E18000002","","E08000001","E05000668"
"BL5 3GG",10,366441,405990,"E92000001","E19000001","E18000002","","E08000001","E05000668"
"BL5 3GH",10,365827,406218,"E92000001","E19000001","E18000002","","E08000001","E05000668"
"BL5 3GJ",10,365340,406383,"E92000001","E19000001","E18000002","","E08000001","E05000669"
"BL5 3GL",10,365585,405870,"E92000001","E19000001","E18000002","","E08000001","E05000669"
"BL5 3GN",10,365687,405767,"E92000001","E19000001","E18000002","","E08000001","E05000668"
"BL5 3GP",10,365667,405767,"E92000001","E19000001","E18000002","","E08000001","E05000668"
"BL5 3GQ",10,365773,406464,"E92000001","E19000001","E18000002","","E08000001","E05000668"
"BL5 3GR",10,365783,406388,"E92000001","E19000001","E18000002","","E08000001","E05000668"
"BL5 3GS",10,365762,406499,"E92000001","E19000001","E18000002","","E08000001","E05000668"
"BL5 3GT",10,365701,406443,"E92000001","E19000001","E18000002","","E08000001","E05000668"
"BL5 3GU",10,365937,406492,"E92000001","E19000001","E18000002","","E08000001","E05000668"
"BL5 3GW",10,364900,405831,"E92000001","E19000001","E18000002","","E08000001","E05000669"
"BL5 3GZ",10,365310,406209,"E92000001","E19000001","E18000002","","E08000001","E05000669"
"BL5 3HA",10,366526,405845,"E92000001","E19000001","E18000002","","E08000001","E05000668"
"BL5 3HB",10,366497,405789,"E92000001","E19000001","E18000002","","E08000001","E05000668"
"BL5 3HD",10,366502,405905,"E92000001","E19000001","E18000002","","E08000001","E05000668"
"BL5 3HE",10,366540,405978,"E92000001","E19000001","E18000002","","E08000001","E05000668"
"BL5 3HF",10,366595,405948,"E92000001","E19000001","E18000002","","E08000001","E05000668"
"BL5 3HG",10,366572,405775,"E92000001","E19000001","E18000002","","E08000001","E05000668"
"BL5 3HH",10,366508,405757,"E92000001","E19000001","E18000002","","E08000001","E05000668"
"BL5 3HJ",10,366690,405912,"E92000001","E19000001","E18000002","","E08000001","E05000668"
"BL5 3HL",10,366710,405870,"E92000001","E19000001","E18000002","","E08000001","E05000668"
"BL5 3HN",10,366738,406050,"E92000001","E19000001","E18000002","","E08000001","E05000668"
"BL5 3HP",10,366616,406143,"E92000001","E19000001","E18000002","","E08000001","E05000668"
"BL5 3HQ",10,366495,405709,"E92000001","E19000001","E18000002","","E08000001","E05000668"
"BL5 3HR",10,366728,406168,"E92000001","E19000001","E18000002","","E08000001","E05000668"
"BL5 3HS",10,366875,406106,"E92000001","E19000001","E18000002","","E08000001","E05000668"
"BL5 3HT",10,366895,405982,"E92000001","E19000001","E18000002","","E08000001","E05000668"
"BL5 3HU",10,366933,406057,"E92000001","E19000001","E18000002","","E08000001","E05000668"
"BL5 3HW",10,366694,405996,"E92000001","E19000001","E18000002","","E08000001","E05000668"
"BL5 3HX",10,367047,406087,"E92000001","E19000001","E18000002","","E08000001","E05000668"
"BL5 3HY",10,367283,406106,"E92000001","E19000001","E18000002","","E08000001","E05000668"
"BL5 3JB",10,365866,406876,"E92000001","E19000001","E18000002","","E08000001","E05000668"
"BL5 3JD",10,367188,406081,"E92000001","E19000001","E18000002","","E08000001","E05000668"
"BL5 3JF",10,367339,406167,"E92000001","E19000001","E18000002","","E08000001","E05000668"
"BL5 3JG",10,365877,406413,"E92000001","E19000001","E18000002","","E08000001","E05000668"
"BL5 3JH",10,365736,405993,"E92000001","E19000001","E18000002","","E08000001","E05000668"
"BL5 3JN",10,366229,406346,"E92000001","E19000001","E18000002","","E08000001","E05000668"
"BL5 3JP",10,366839,406218,"E92000001","E19000001","E18000002","","E08000001","E05000668"
"BL5 3JQ",10,365907,406391,"E92000001","E19000001","E18000002","","E08000001","E05000668"
"BL5 3JR",10,366709,406334,"E92000001","E19000001","E18000002","","E08000001","E05000668"
"BL5 3JS",10,366509,406471,"E92000001","E19000001","E18000002","","E08000001","E05000668"
"BL5 3JT",10,366427,406470,"E92000001","E19000001","E18000002","","E08000001","E05000668"
"BL5 3JU",10,366351,406907,"E92000001","E19000001","E18000002","","E08000001","E05000668"
"BL5 3JY",10,366227,406612,"E92000001","E19000001","E18000002","","E08000001","E05000668"
"BL5 3JZ",10,365963,406942,"E92000001","E19000001","E18000002","","E08000001","E05000668"
"BL5 3LA",10,365862,406816,"E92000001","E19000001","E18000002","","E08000001","E05000668"
"BL5 3LB",10,365780,407234,"E92000001","E19000001","E18000002","","E08000001","E05000668"
"BL5 3LD",10,365510,406535,"E92000001","E19000001","E18000002","","E08000001","E05000668"
"BL5 3LE",10,365576,406701,"E92000001","E19000001","E18000002","","E08000001","E05000668"
"BL5 3LF",10,365611,406624,"E92000001","E19000001","E18000002","","E08000001","E05000668"
"BL5 3LG",10,365181,407460,"E92000001","E19000001","E18000002","","E08000001","E05000668"
"BL5 3LJ",10,365701,406968,"E92000001","E19000001","E18000002","","E08000001","E05000668"
"BL5 3LL",10,364954,405789,"E92000001","E19000001","E18000002","","E08000001","E05000669"
"BL5 3LN",10,365338,407554,"E92000001","E19000001","E18000002","","E08000001","E05000668"
"BL5 3LP",10,365303,407589,"E92000001","E19000001","E18000002","","E08000001","E05000668"
"BL5 3LQ",10,365696,406702,"E92000001","E19000001","E18000002","","E08000001","E05000668"
"BL5 3LR",10,365762,407646,"E92000001","E19000001","E18000002","","E08000001","E05000668"
"BL5 3LS",10,365681,408337,"E92000001","E19000001","E18000002","","E08000001","E05000668"
"BL5 3LT",10,365338,408117,"E92000001","E19000001","E18000002","","E08000001","E05000668"
"BL5 3LU",10,364349,408971,"E92000001","E19000001","E18000002","","E08000001","E05000660"
"BL5 3LW",10,364997,405917,"E92000001","E19000001","E18000002","","E08000001","E05000669"
"BL5 3LX",10,364521,408219,"E92000001","E19000001","E18000002","","E08000001","E05000668"
"BL5 3LY",10,364392,406985,"E92000001","E19000001","E18000002","","E08000001","E05000668"
"BL5 3LZ",10,364248,407783,"E92000001","E19000001","E18000002","","E08000001","E05000668"
"BL5 3NA",10,364128,407882,"E92000001","E19000001","E18000002","","E08000001","E05000668"
"BL5 3NB",10,364067,407993,"E92000001","E19000001","E18000002","","E08000001","E05000668"
"BL5 3ND",10,363732,408336,"E92000001","E19000001","E18000002","","E08000001","E05000668"
"BL5 3NE",10,364833,407381,"E92000001","E19000001","E18000002","","E08000001","E05000668"
"BL5 3NF",10,362974,408874,"E92000001","E19000001","E18000002","","E08000001","E05000668"
"BL5 3NG",10,365407,406852,"E92000001","E19000001","E18000002","","E08000001","E05000668"
"BL5 3NH",10,363569,408559,"E92000001","E19000001","E18000002","","E08000001","E05000668"
"BL5 3NJ",10,363236,408811,"E92000001","E19000001","E18000002","","E08000001","E05000668"
"BL5 3NL",10,363083,408925,"E92000001","E19000001","E18000002","","E08000001","E05000668"
"BL5 3NN",10,363179,407710,"E92000001","E19000001","E18000002","","E08000001","E05000668"
"BL5 3NP",10,363138,408377,"E92000001","E19000001","E18000002","","E08000001","E05000668"
"BL5 3NQ",10,365474,406518,"E92000001","E19000001","E18000002","","E08000001","E05000668"
"BL5 3NR",10,363583,407631,"E92000001","E19000001","E18000002","","E08000001","E05000668"
"BL5 3NS",10,364425,407723,"E92000001","E19000001","E18000002","","E08000001","E05000668"
"BL5 3NT",10,363857,407481,"E92000001","E19000001","E18000002","","E08000001","E05000668"
"BL5 3NW",10,363501,407832,"E92000001","E19000001","E18000002","","E08000001","E05000668"
"BL5 3NX",10,365368,406517,"E92000001","E19000001","E18000002","","E08000001","E05000669"
"BL5 3NY",10,365312,406538,"E92000001","E19000001","E18000002","","E08000001","E05000669"
"BL5 3NZ",10,365160,405920,"E92000001","E19000001","E18000002","","E08000001","E05000669"
"BL5 3PA",10,365193,407205,"E92000001","E19000001","E18000002","","E08000001","E05000668"
"BL5 3PB",10,365024,407256,"E92000001","E19000001","E18000002","","E08000001","E05000668"
"BL5 3PD",10,365290,407235,"E92000001","E19000001","E18000002","","E08000001","E05000668"
"BL5 3PE",10,365116,407302,"E92000001","E19000001","E18000002","","E08000001","E05000668"
"BL5 3PF",10,365083,407355,"E92000001","E19000001","E18000002","","E08000001","E05000668"
"BL5 3PG",10,365044,407368,"E92000001","E19000001","E18000002","","E08000001","E05000668"
"BL5 3PH",10,364950,407324,"E92000001","E19000001","E18000002","","E08000001","E05000668"
"BL5 3PJ",10,364911,407407,"E92000001","E19000001","E18000002","","E08000001","E05000668"
"BL5 3PL",10,365088,407421,"E92000001","E19000001","E18000002","","E08000001","E05000668"
"BL5 3PN",10,364849,407492,"E92000001","E19000001","E18000002","","E08000001","E05000668"
"BL5 3PP",10,365249,407439,"E92000001","E19000001","E18000002","","E08000001","E05000668"
"BL5 3PQ",10,364944,407380,"E92000001","E19000001","E18000002","","E08000001","E05000668"
"BL5 3PR",10,365294,407269,"E92000001","E19000001","E18000002","","E08000001","E05000668"
"BL5 3PS",10,365362,407266,"E92000001","E19000001","E18000002","","E08000001","E05000668"
"BL5 3PT",10,365450,407150,"E92000001","E19000001","E18000002","","E08000001","E05000668"
"BL5 3PU",10,365414,407214,"E92000001","E19000001","E18000002","","E08000001","E05000668"
"BL5 3PW",10,364964,407506,"E92000001","E19000001","E18000002","","E08000001","E05000668"
"BL5 3PX",10,365464,407230,"E92000001","E19000001","E18000002","","E08000001","E05000668"
"BL5 3PY",10,365518,407239,"E92000001","E19000001","E18000002","","E08000001","E05000668"
"BL5 3PZ",10,365534,407175,"E92000001","E19000001","E18000002","","E08000001","E05000668"
"BL5 3QA",10,365587,406970,"E92000001","E19000001","E18000002","","E08000001","E05000668"
"BL5 3QB",10,365479,407173,"E92000001","E19000001","E18000002","","E08000001","E05000668"
"BL5 3QD",10,365563,407072,"E92000001","E19000001","E18000002","","E08000001","E05000668"
"BL5 3QE",10,365346,407144,"E92000001","E19000001","E18000002","","E08000001","E05000668"
"BL5 3QF",10,365383,407140,"E92000001","E19000001","E18000002","","E08000001","E05000668"
"BL5 3QG",10,365404,407024,"E92000001","E19000001","E18000002","","E08000001","E05000668"
"BL5 3QH",10,365712,407016,"E92000001","E19000001","E18000002","","E08000001","E05000668"
"BL5 3QJ",10,365412,407107,"E92000001","E19000001","E18000002","","E08000001","E05000668"
"BL5 3QL",10,365328,407100,"E92000001","E19000001","E18000002","","E08000001","E05000668"
"BL5 3QN",10,365380,406863,"E92000001","E19000001","E18000002","","E08000001","E05000668"
"BL5 3QQ",10,365350,406970,"E92000001","E19000001","E18000002","","E08000001","E05000668"
"BL5 3QR",10,365207,406729,"E92000001","E19000001","E18000002","","E08000001","E05000668"
"BL5 3QS",10,365278,405826,"E92000001","E19000001","E18000002","","E08000001","E05000669"
"BL5 3QT",10,365408,406745,"E92000001","E19000001","E18000002","","E08000001","E05000668"
"BL5 3QU",10,365401,406185,"E92000001","E19000001","E18000002","","E08000001","E05000669"
"BL5 3QW",10,365352,406782,"E92000001","E19000001","E18000002","","E08000001","E05000668"
"BL5 3QX",10,365504,406668,"E92000001","E19000001","E18000002","","E08000001","E05000668"
"BL5 3QY",10,365406,407096,"E92000001","E19000001","E18000002","","E08000001","E05000668"
"BL5 3QZ",10,366046,407012,"E92000001","E19000001","E18000002","","E08000001","E05000668"
"BL5 3RA",10,365268,405891,"E92000001","E19000001","E18000002","","E08000001","E05000669"
"BL5 3RB",10,365255,406129,"E92000001","E19000001","E18000002","","E08000001","E05000669"
"BL5 3RD",10,365216,405803,"E92000001","E19000001","E18000002","","E08000001","E05000669"
"BL5 3RE",10,365037,405811,"E92000001","E19000001","E18000002","","E08000001","E05000669"
"BL5 3RF",10,365439,406042,"E92000001","E19000001","E18000002","","E08000001","E05000669"
"BL5 3RG",10,364975,405522,"E92000001","E19000001","E18000002","","E08000001","E05000669"
"BL5 3RH",10,365125,405556,"E92000001","E19000001","E18000002","","E08000001","E05000669"
"BL5 3RJ",10,365196,405856,"E92000001","E19000001","E18000002","","E08000001","E05000669"
"BL5 3RL",10,365117,405718,"E92000001","E19000001","E18000002","","E08000001","E05000669"
"BL5 3RN",10,365072,405563,"E92000001","E19000001","E18000002","","E08000001","E05000669"
"BL5 3RP",10,365044,405763,"E92000001","E19000001","E18000002","","E08000001","E05000669"
"BL5 3RQ",10,365098,405614,"E92000001","E19000001","E18000002","","E08000001","E05000669"
"BL5 3RR",10,365131,405829,"E92000001","E19000001","E18000002","","E08000001","E05000669"
"BL5 3RS",10,365312,406062,"E92000001","E19000001","E18000002","","E08000001","E05000669"
"BL5 3RT",10,365320,406019,"E92000001","E19000001","E18000002","","E08000001","E05000669"
"BL5 3RU",10,365297,406110,"E92000001","E19000001","E18000002","","E08000001","E05000669"
"BL5 3RW",10,365051,405584,"E92000001","E19000001","E18000002","","E08000001","E05000669"
"BL5 3RX",10,365273,406113,"E92000001","E19000001","E18000002","","E08000001","E05000669"
"BL5 3RY",10,365356,406101,"E92000001","E19000001","E18000002","","E08000001","E05000669"
"BL5 3RZ",10,365353,406218,"E92000001","E19000001","E18000002","","E08000001","E05000669"
"BL5 3SA",10,365339,406417,"E92000001","E19000001","E18000002","","E08000001","E05000669"
"BL5 3SB",10,365305,406244,"E92000001","E19000001","E18000002","","E08000001","E05000669"
"BL5 3SD",10,366402,405863,"E92000001","E19000001","E18000002","","E08000001","E05000668"
"BL5 3SE",10,365457,406268,"E92000001","E19000001","E18000002","","E08000001","E05000668"
"BL5 3SF",10,365419,406323,"E92000001","E19000001","E18000002","","E08000001","E05000668"
"BL5 3SG",10,365363,406296,"E92000001","E19000001","E18000002","","E08000001","E05000669"
"BL5 3SH",10,365404,406212,"E92000001","E19000001","E18000002","","E08000001","E05000669"
"BL5 3SJ",10,365345,406276,"E92000001","E19000001","E18000002","","E08000001","E05000669"
"BL5 3SN",10,365351,406330,"E92000001","E19000001","E18000002","","E08000001","E05000669"
"BL5 3SP",10,365306,406498,"E92000001","E19000001","E18000002","","E08000001","E05000669"
"BL5 3SQ",10,365342,406318,"E92000001","E19000001","E18000002","","E08000001","E05000669"
"BL5 3SR",10,365442,406417,"E92000001","E19000001","E18000002","","E08000001","E05000668"
"BL5 3SS",10,365255,406537,"E92000001","E19000001","E18000002","","E08000001","E05000669"
"BL5 3ST",10,365341,406574,"E92000001","E19000001","E18000002","","E08000001","E05000669"
"BL5 3SU",10,365398,406576,"E92000001","E19000001","E18000002","","E08000001","E05000669"
"BL5 3SW",10,365375,406463,"E92000001","E19000001","E18000002","","E08000001","E05000669"
"BL5 3SX",10,365436,406490,"E92000001","E19000001","E18000002","","E08000001","E05000668"
"BL5 3SY",10,365359,406632,"E92000001","E19000001","E18000002","","E08000001","E05000669"
"BL5 3SZ",10,365467,406326,"E92000001","E19000001","E18000002","","E08000001","E05000668"
"BL5 3TA",10,365523,406291,"E92000001","E19000001","E18000002","","E08000001","E05000668"
"BL5 3TB",10,365550,406221,"E92000001","E19000001","E18000002","","E08000001","E05000668"
"BL5 3TD",10,365457,406105,"E92000001","E19000001","E18000002","","E08000001","E05000669"
"BL5 3TE",10,365421,406159,"E92000001","E19000001","E18000002","","E08000001","E05000669"
"BL5 3TF",10,365392,406151,"E92000001","E19000001","E18000002","","E08000001","E05000669"
"BL5 3TG",10,365294,406189,"E92000001","E19000001","E18000002","","E08000001","E05000669"
"BL5 3TH",10,365225,406186,"E92000001","E19000001","E18000002","","E08000001","E05000669"
"BL5 3TJ",10,365190,406132,"E92000001","E19000001","E18000002","","E08000001","E05000669"
"BL5 3TL",10,365244,406098,"E92000001","E19000001","E18000002","","E08000001","E05000669"
"BL5 3TN",10,365219,405643,"E92000001","E19000001","E18000002","","E08000001","E05000669"
"BL5 3TP",10,365116,406429,"E92000001","E19000001","E18000002","","E08000001","E05000669"
"BL5 3TQ",10,365210,406229,"E92000001","E19000001","E18000002","","E08000001","E05000669"
"BL5 3TR",10,365291,406321,"E92000001","E19000001","E18000002","","E08000001","E05000669"
"BL5 3TS",10,365266,406393,"E92000001","E19000001","E18000002","","E08000001","E05000669"
"BL5 3TT",10,365094,406342,"E92000001","E19000001","E18000002","","E08000001","E05000669"
"BL5 3TU",10,365216,406411,"E92000001","E19000001","E18000002","","E08000001","E05000669"
"BL5 3TW",10,365232,405700,"E92000001","E19000001","E18000002","","E08000001","E05000669"
"BL5 3TX",10,365763,406540,"E92000001","E19000001","E18000002","","E08000001","E05000668"
"BL5 3TY",10,366004,406465,"E92000001","E19000001","E18000002","","E08000001","E05000668"
"BL5 3TZ",10,366098,406558,"E92000001","E19000001","E18000002","","E08000001","E05000668"
"BL5 3UA",10,366452,406066,"E92000001","E19000001","E18000002","","E08000001","E05000668"
"BL5 3UB",10,366403,406101,"E92000001","E19000001","E18000002","","E08000001","E05000668"
"BL5 3UD",10,366514,406124,"E92000001","E19000001","E18000002","","E08000001","E05000668"
"BL5 3UE",10,366367,406253,"E92000001","E19000001","E18000002","","E08000001","E05000668"
"BL5 3UF",10,366302,406260,"E92000001","E19000001","E18000002","","E08000001","E05000668"
"BL5 3UG",10,366427,406330,"E92000001","E19000001","E18000002","","E08000001","E05000668"
"BL5 3UH",10,366301,406169,"E92000001","E19000001","E18000002","","E08000001","E05000668"
"BL5 3UJ",10,366364,406374,"E92000001","E19000001","E18000002","","E08000001","E05000668"
"BL5 3UL",10,366439,406417,"E92000001","E19000001","E18000002","","E08000001","E05000668"
"BL5 3UN",10,365682,406827,"E92000001","E19000001","E18000002","","E08000001","E05000668"
"BL5 3UP",10,365811,406800,"E92000001","E19000001","E18000002","","E08000001","E05000668"
"BL5 3UQ",10,366457,406266,"E92000001","E19000001","E18000002","","E08000001","E05000668"
"BL5 3UR",10,365873,406755,"E92000001","E19000001","E18000002","","E08000001","E05000668"
"BL5 3US",10,365817,406693,"E92000001","E19000001","E18000002","","E08000001","E05000668"
"BL5 3UT",10,365808,406750,"E92000001","E19000001","E18000002","","E08000001","E05000668"
"BL5 3UU",10,366304,406403,"E92000001","E19000001","E18000002","","E08000001","E05000668"
"BL5 3UW",10,365716,406774,"E92000001","E19000001","E18000002","","E08000001","E05000668"
"BL5 3UX",10,366495,406396,"E92000001","E19000001","E18000002","","E08000001","E05000668"
"BL5 3UY",10,366364,406046,"E92000001","E19000001","E18000002","","E08000001","E05000668"
"BL5 3UZ",10,366378,405948,"E92000001","E19000001","E18000002","","E08000001","E05000668"
"BL5 3WA",10,366097,406963,"E92000001","E19000001","E18000002","","E08000001","E05000668"
"BL5 3WD",10,364423,410315,"E92000001","E19000001","E18000002","","E08000001","E05000660"
"BL5 3WG",10,365322,407256,"E92000001","E19000001","E18000002","","E08000001","E05000668"
"BL5 3XA",10,364640,407119,"E92000001","E19000001","E18000002","","E08000001","E05000668"
"BL5 3XB",10,364753,406880,"E92000001","E19000001","E18000002","","E08000001","E05000668"
"BL5 3XE",10,364692,407399,"E92000001","E19000001","E18000002","","E08000001","E05000668"
"BL5 3XG",10,364640,407119,"E92000001","E19000001","E18000002","","E08000001","E05000668"
"BL5 3XH",10,364727,407451,"E92000001","E19000001","E18000002","","E08000001","E05000668"
"BL5 3XJ",10,364670,406591,"E92000001","E19000001","E18000002","","E08000001","E05000668"
"BL5 3XP",10,364714,407023,"E92000001","E19000001","E18000002","","E08000001","E05000668"
"BL5 3XQ",10,364646,407009,"E92000001","E19000001","E18000002","","E08000001","E05000668"
"BL5 3XR",10,366054,406824,"E92000001","E19000001","E18000002","","E08000001","E05000668"
"BL5 3XU",10,364744,406726,"E92000001","E19000001","E18000002","","E08000001","E05000668"
"BL5 3XW",10,364710,406962,"E92000001","E19000001","E18000002","","E08000001","E05000668"
"BL5 3XX",10,364605,406848,"E92000001","E19000001","E18000002","","E08000001","E05000668"
"BL5 3XY",10,364771,406809,"E92000001","E19000001","E18000002","","E08000001","E05000668"
"BL5 3YA",10,365663,406466,"E92000001","E19000001","E18000002","","E08000001","E05000668"
"BL5 3YB",10,365686,406527,"E92000001","E19000001","E18000002","","E08000001","E05000668"
"BL5 3YD",10,366237,406095,"E92000001","E19000001","E18000002","","E08000001","E05000668"
"BL5 3YE",10,366199,405968,"E92000001","E19000001","E18000002","","E08000001","E05000668"
"BL5 3YF",10,366207,405843,"E92000001","E19000001","E18000002","","E08000001","E05000668"
"BL5 3YG",10,366214,406573,"E92000001","E19000001","E18000002","","E08000001","E05000668"
"BL5 3YW",10,365236,406845,"E92000001","E19000001","E18000002","","E08000001","E05000668"
"BL5 3YX",10,365430,406596,"E92000001","E19000001","E18000002","","E08000001","E05000668"
"BL5 3YY",10,365115,405749,"E92000001","E19000001","E18000002","","E08000001","E05000669"
"BL5 3ZB",10,366274,406848,"E92000001","E19000001","E18000002","","E08000001","E05000668"
"BL5 3ZD",10,366183,406761,"E92000001","E19000001","E18000002","","E08000001","E05000668"
"BL5 3ZE",10,366345,406793,"E92000001","E19000001","E18000002","","E08000001","E05000668"
"BL5 3ZF",10,366327,406864,"E92000001","E19000001","E18000002","","E08000001","E05000668"
"BL5 3ZG",10,366279,406912,"E92000001","E19000001","E18000002","","E08000001","E05000668"
"BL5 3ZH",10,366238,406870,"E92000001","E19000001","E18000002","","E08000001","E05000668"
"BL5 3ZJ",10,366225,406907,"E92000001","E19000001","E18000002","","E08000001","E05000668"
"BL5 3ZL",10,366204,406821,"E92000001","E19000001","E18000002","","E08000001","E05000668"
"BL5 3ZN",10,366201,407090,"E92000001","E19000001","E18000002","","E08000001","E05000668"
"BL5 3ZP",10,366262,407005,"E92000001","E19000001","E18000002","","E08000001","E05000668"
"BL5 3ZQ",10,366123,406726,"E92000001","E19000001","E18000002","","E08000001","E05000668"
"BL5 3ZR",10,366185,406702,"E92000001","E19000001","E18000002","","E08000001","E05000668"
"BL5 3ZS",10,365324,405654,"E92000001","E19000001","E18000002","","E08000001","E05000669"
"BL5 3ZT",10,365514,405845,"E92000001","E19000001","E18000002","","E08000001","E05000669"
"BL6 4AA",10,366755,409366,"E92000001","E19000001","E18000002","","E08000001","E05000659"
"BL6 4AB",10,366476,409326,"E92000001","E19000001","E18000002","","E08000001","E05000659"
"BL6 4AD",10,365706,409093,"E92000001","E19000001","E18000002","","E08000001","E05000660"
"BL6 4AE",10,366753,409268,"E92000001","E19000001","E18000002","","E08000001","E05000659"
"BL6 4AF",10,366631,409297,"E92000001","E19000001","E18000002","","E08000001","E05000659"
"BL6 4AG",10,366432,409422,"E92000001","E19000001","E18000002","","E08000001","E05000659"
"BL6 4AH",10,366263,409423,"E92000001","E19000001","E18000002","","E08000001","E05000659"
"BL6 4AJ",10,366220,409689,"E92000001","E19000001","E18000002","","E08000001","E05000661"
"BL6 4AL",10,365956,409551,"E92000001","E19000001","E18000002","","E08000001","E05000660"
"BL6 4AN",10,365763,409584,"E92000001","E19000001","E18000002","","E08000001","E05000660"
"BL6 4AP",10,365675,409555,"E92000001","E19000001","E18000002","","E08000001","E05000660"
"BL6 4AQ",10,366224,409489,"E92000001","E19000001","E18000002","","E08000001","E05000659"
"BL6 4AR",10,365646,409657,"E92000001","E19000001","E18000002","","E08000001","E05000660"
"BL6 4AS",10,365705,409633,"E92000001","E19000001","E18000002","","E08000001","E05000660"
"BL6 4AT",10,365721,409675,"E92000001","E19000001","E18000002","","E08000001","E05000660"
"BL6 4AU",10,365591,409692,"E92000001","E19000001","E18000002","","E08000001","E05000660"
"BL6 4AW",10,365723,409498,"E92000001","E19000001","E18000002","","E08000001","E05000660"
"BL6 4AX",10,365478,409650,"E92000001","E19000001","E18000002","","E08000001","E05000660"
"BL6 4AY",10,365536,409714,"E92000001","E19000001","E18000002","","E08000001","E05000660"
"BL6 4AZ",10,365593,409792,"E92000001","E19000001","E18000002","","E08000001","E05000660"
"BL6 4BA",10,365535,409890,"E92000001","E19000001","E18000002","","E08000001","E05000661"
"BL6 4BB",10,365528,409742,"E92000001","E19000001","E18000002","","E08000001","E05000660"
"BL6 4BD",10,365503,409764,"E92000001","E19000001","E18000002","","E08000001","E05000660"
"BL6 4BE",10,365420,409668,"E92000001","E19000001","E18000002","","E08000001","E05000660"
"BL6 4BF",10,366764,409323,"E92000001","E19000001","E18000002","","E08000001","E05000659"
"BL6 4BG",10,365416,409614,"E92000001","E19000001","E18000002","","E08000001","E05000660"
"BL6 4BH",10,365347,409583,"E92000001","E19000001","E18000002","","E08000001","E05000660"
"BL6 4BJ",10,365289,409528,"E92000001","E19000001","E18000002","","E08000001","E05000660"
"BL6 4BL",10,365168,409173,"E92000001","E19000001","E18000002","","E08000001","E05000660"
"BL6 4BP",10,365228,408794,"E92000001","E19000001","E18000002","","E08000001","E05000660"
"BL6 4BQ",10,365392,409536,"E92000001","E19000001","E18000002","","E08000001","E05000660"
"BL6 4BS",10,365647,409085,"E92000001","E19000001","E18000002","","E08000001","E05000660"
"BL6 4BT",10,366623,408450,"E92000001","E19000001","E18000002","","E08000001","E05000659"
"BL6 4BU",10,365595,409590,"E92000001","E19000001","E18000002","","E08000001","E05000660"
"BL6 4BX",10,367012,409012,"E92000001","E19000001","E18000002","","E08000001","E05000659"
"BL6 4BY",10,365463,409505,"E92000001","E19000001","E18000002","","E08000001","E05000660"
"BL6 4BZ",10,367177,408632,"E92000001","E19000001","E18000002","","E08000001","E05000659"
"BL6 4DA",10,366986,408879,"E92000001","E19000001","E18000002","","E08000001","E05000659"
"BL6 4DB",10,367220,408536,"E92000001","E19000001","E18000002","","E08000001","E05000659"
"BL6 4DD",10,366896,409484,"E92000001","E19000001","E18000002","","E08000001","E05000661"
"BL6 4DE",10,366945,408726,"E92000001","E19000001","E18000002","","E08000001","E05000659"
"BL6 4DF",10,366965,408804,"E92000001","E19000001","E18000002","","E08000001","E05000659"
"BL6 4DG",10,366928,409078,"E92000001","E19000001","E18000002","","E08000001","E05000659"
"BL6 4DH",10,366820,409162,"E92000001","E19000001","E18000002","","E08000001","E05000659"
"BL6 4DJ",10,366874,409258,"E92000001","E19000001","E18000002","","E08000001","E05000659"
"BL6 4DL",10,366910,409330,"E92000001","E19000001","E18000002","","E08000001","E05000659"
"BL6 4DN",10,366879,409458,"E92000001","E19000001","E18000002","","E08000001","E05000659"
"BL6 4DP",10,366685,409446,"E92000001","E19000001","E18000002","","E08000001","E05000659"
"BL6 4DQ",10,366874,409051,"E92000001","E19000001","E18000002","","E08000001","E05000659"
"BL6 4DR",10,366734,409671,"E92000001","E19000001","E18000002","","E08000001","E05000661"
"BL6 4DS",10,366790,409703,"E92000001","E19000001","E18000002","","E08000001","E05000661"
"BL6 4DT",10,366893,409667,"E92000001","E19000001","E18000002","","E08000001","E05000661"
"BL6 4DU",10,367135,408714,"E92000001","E19000001","E18000002","","E08000001","E05000659"
"BL6 4DW",10,366768,409456,"E92000001","E19000001","E18000002","","E08000001","E05000659"
"BL6 4DX",10,367108,408620,"E92000001","E19000001","E18000002","","E08000001","E05000659"
"BL6 4DY",10,366971,408561,"E92000001","E19000001","E18000002","","E08000001","E05000659"
"BL6 4DZ",10,367057,408520,"E92000001","E19000001","E18000002","","E08000001","E05000659"
"BL6 4EA",10,367235,408645,"E92000001","E19000001","E18000002","","E08000001","E05000659"
"BL6 4EB",10,366950,407681,"E92000001","E19000001","E18000002","","E08000001","E05000668"
"BL6 4ED",10,366998,409081,"E92000001","E19000001","E18000002","","E08000001","E05000659"
"BL6 4EE",10,367592,408536,"E92000001","E19000001","E18000002","","E08000001","E05000659"
"BL6 4EF",10,367445,408452,"E92000001","E19000001","E18000002","","E08000001","E05000659"
"BL6 4EG",10,367517,408389,"E92000001","E19000001","E18000002","","E08000001","E05000659"
"BL6 4EH",10,367456,408364,"E92000001","E19000001","E18000002","","E08000001","E05000659"
"BL6 4EL",10,367302,408332,"E92000001","E19000001","E18000002","","E08000001","E05000659"
"BL6 4EN",10,366930,407616,"E92000001","E19000001","E18000002","","E08000001","E05000668"
"BL6 4EP",10,367163,407975,"E92000001","E19000001","E18000002","","E08000001","E05000668"
"BL6 4EQ",10,367923,408438,"E92000001","E19000001","E18000002","","E08000001","E05000659"
"BL6 4ER",10,367061,407858,"E92000001","E19000001","E18000002","","E08000001","E05000668"
"BL6 4ES",10,367017,407832,"E92000001","E19000001","E18000002","","E08000001","E05000668"
"BL6 4ET",10,366970,407734,"E92000001","E19000001","E18000002","","E08000001","E05000668"
"BL6 4EW",10,367007,407702,"E92000001","E19000001","E18000002","","E08000001","E05000668"
"BL6 4EX",10,366923,407798,"E92000001","E19000001","E18000002","","E08000001","E05000668"
"BL6 4EY",10,366522,407764,"E92000001","E19000001","E18000002","","E08000001","E05000668"
"BL6 4EZ",10,366849,407715,"E92000001","E19000001","E18000002","","E08000001","E05000668"
"BL6 4FA",10,366969,407892,"E92000001","E19000001","E18000002","","E08000001","E05000668"
"BL6 4FU",10,365367,409032,"E92000001","E19000001","E18000002","","E08000001","E05000660"
"BL6 4GE",10,366314,407036,"E92000001","E19000001","E18000002","","E08000001","E05000668"
"BL6 4GF",10,366041,410052,"E92000001","E19000001","E18000002","","E08000001","E05000661"
"BL6 4GG",10,365257,409431,"E92000001","E19000001","E18000002","","E08000001","E05000660"
"BL6 4GH",10,365396,409378,"E92000001","E19000001","E18000002","","E08000001","E05000660"
"BL6 4GJ",10,365357,409462,"E92000001","E19000001","E18000002","","E08000001","E05000660"
"BL6 4GL",10,365412,409425,"E92000001","E19000001","E18000002","","E08000001","E05000660"
"BL6 4GP",10,365535,409388,"E92000001","E19000001","E18000002","","E08000001","E05000660"
"BL6 4GQ",10,365624,409387,"E92000001","E19000001","E18000002","","E08000001","E05000660"
"BL6 4GR",10,365649,409324,"E92000001","E19000001","E18000002","","E08000001","E05000660"
"BL6 4GS",10,365615,409122,"E92000001","E19000001","E18000002","","E08000001","E05000660"
"BL6 4GT",10,365225,408846,"E92000001","E19000001","E18000002","","E08000001","E05000660"
"BL6 4GW",10,366332,407166,"E92000001","E19000001","E18000002","","E08000001","E05000668"
"BL6 4GX",10,366278,407181,"E92000001","E19000001","E18000002","","E08000001","E05000668"
"BL6 4HA",10,366778,407583,"E92000001","E19000001","E18000002","","E08000001","E05000668"
"BL6 4HB",10,366842,407630,"E92000001","E19000001","E18000002","","E08000001","E05000668"
"BL6 4HD",10,366592,407349,"E92000001","E19000001","E18000002","","E08000001","E05000668"
"BL6 4HE",10,367719,408599,"E92000001","E19000001","E18000002","","E08000001","E05000659"
"BL6 4HF",10,366971,407817,"E92000001","E19000001","E18000002","","E08000001","E05000668"
"BL6 4HG",10,366900,407403,"E92000001","E19000001","E18000002","","E08000001","E05000668"
"BL6 4HH",10,366380,407120,"E92000001","E19000001","E18000002","","E08000001","E05000668"
"BL6 4HJ",10,366756,407489,"E92000001","E19000001","E18000002","","E08000001","E05000668"
"BL6 4HL",10,366896,407443,"E92000001","E19000001","E18000002","","E08000001","E05000668"
"BL6 4HN",10,366940,407359,"E92000001","E19000001","E18000002","","E08000001","E05000668"
"BL6 4HP",10,366996,407189,"E92000001","E19000001","E18000002","","E08000001","E05000668"
"BL6 4HQ",10,367214,407847,"E92000001","E19000001","E18000002","","E08000001","E05000668"
"BL6 4HR",10,366982,407421,"E92000001","E19000001","E18000002","","E08000001","E05000668"
"BL6 4HS",10,367002,407532,"E92000001","E19000001","E18000002","","E08000001","E05000668"
"BL6 4HT",10,367147,407610,"E92000001","E19000001","E18000002","","E08000001","E05000668"
"BL6 4HU",10,367590,407395,"E92000001","E19000001","E18000002","","E08000001","E05000668"
"BL6 4HW",10,366891,407163,"E92000001","E19000001","E18000002","","E08000001","E05000668"
"BL6 4HX",10,367017,407368,"E92000001","E19000001","E18000002","","E08000001","E05000668"
"BL6 4HY",10,367074,407561,"E92000001","E19000001","E18000002","","E08000001","E05000668"
"BL6 4HZ",10,366871,407519,"E92000001","E19000001","E18000002","","E08000001","E05000668"
"BL6 4JA",10,367053,407472,"E92000001","E19000001","E18000002","","E08000001","E05000668"
"BL6 4JB",10,367283,408615,"E92000001","E19000001","E18000002","","E08000001","E05000659"
"BL6 4JD",10,367190,409582,"E92000001","E19000001","E18000002","","E08000001","E05000659"
"BL6 4JE",10,365912,410138,"E92000001","E19000001","E18000002","","E08000001","E05000661"
"BL6 4JF",10,365929,409908,"E92000001","E19000001","E18000002","","E08000001","E05000661"
"BL6 4JG",10,365930,410111,"E92000001","E19000001","E18000002","","E08000001","E05000661"
"BL6 4JH",10,366007,410166,"E92000001","E19000001","E18000002","","E08000001","E05000661"
"BL6 4JJ",10,368111,407899,"E92000001","E19000001","E18000002","","E08000001","E05000659"
"BL6 4JL",10,365776,409906,"E92000001","E19000001","E18000002","","E08000001","E05000661"
"BL6 4JN",10,367366,408726,"E92000001","E19000001","E18000002","","E08000001","E05000659"
"BL6 4JQ",10,365905,409960,"E92000001","E19000001","E18000002","","E08000001","E05000661"
"BL6 4JR",10,367359,409063,"E92000001","E19000001","E18000002","","E08000001","E05000659"
"BL6 4JS",10,367358,409138,"E92000001","E19000001","E18000002","","E08000001","E05000659"
"BL6 4JT",10,367436,409216,"E92000001","E19000001","E18000002","","E08000001","E05000659"
"BL6 4JU",10,367372,409236,"E92000001","E19000001","E18000002","","E08000001","E05000659"
"BL6 4JW",10,367294,408870,"E92000001","E19000001","E18000002","","E08000001","E05000659"
"BL6 4JX",10,367335,409180,"E92000001","E19000001","E18000002","","E08000001","E05000659"
"BL6 4JY",10,367427,409316,"E92000001","E19000001","E18000002","","E08000001","E05000659"
"BL6 4JZ",10,367147,409444,"E92000001","E19000001","E18000002","","E08000001","E05000659"
"BL6 4LA",10,367051,409363,"E92000001","E19000001","E18000002","","E08000001","E05000659"
"BL6 4LB",10,367104,409487,"E92000001","E19000001","E18000002","","E08000001","E05000659"
"BL6 4LD",10,366240,410001,"E92000001","E19000001","E18000002","","E08000001","E05000661"
"BL6 4LE",10,365912,409649,"E92000001","E19000001","E18000002","","E08000001","E05000661"
"BL6 4LF",10,365906,409775,"E92000001","E19000001","E18000002","","E08000001","E05000661"
"BL6 4LG",10,366019,409873,"E92000001","E19000001","E18000002","","E08000001","E05000661"
"BL6 4LH",10,366118,410389,"E92000001","E19000001","E18000002","","E08000001","E05000661"
"BL6 4LJ",10,367332,410124,"E92000001","E19000001","E18000002","","E08000001","E05000659"
"BL6 4LN",10,365758,409734,"E92000001","E19000001","E18000002","","E08000001","E05000661"
"BL6 4LP",10,365778,409867,"E92000001","E19000001","E18000002","","E08000001","E05000661"
"BL6 4LR",10,365713,409917,"E92000001","E19000001","E18000002","","E08000001","E05000661"
"BL6 4LS",10,365813,409995,"E92000001","E19000001","E18000002","","E08000001","E05000661"
"BL6 4LT",10,365803,409951,"E92000001","E19000001","E18000002","","E08000001","E05000661"
"BL6 4LU",10,365618,409933,"E92000001","E19000001","E18000002","","E08000001","E05000661"
"BL6 4LW",10,365626,409824,"E92000001","E19000001","E18000002","","E08000001","E05000661"
"BL6 4LX",10,365639,410095,"E92000001","E19000001","E18000002","","E08000001","E05000661"
"BL6 4LY",10,365578,410190,"E92000001","E19000001","E18000002","","E08000001","E05000661"
"BL6 4LZ",10,365724,410136,"E92000001","E19000001","E18000002","","E08000001","E05000661"
"BL6 4NA",10,365712,410211,"E92000001","E19000001","E18000002","","E08000001","E05000661"
"BL6 4NB",10,367195,409397,"E92000001","E19000001","E18000002","","E08000001","E05000659"
"BL6 4ND",10,365820,409739,"E92000001","E19000001","E18000002","","E08000001","E05000661"
"BL6 4NE",10,365745,409783,"E92000001","E19000001","E18000002","","E08000001","E05000661"
"BL6 4NG",10,365996,410323,"E92000001","E19000001","E18000002","","E08000001","E05000661"
"BL6 4NH",10,367323,409386,"E92000001","E19000001","E18000002","","E08000001","E05000659"
"BL6 4NJ",10,365609,410113,"E92000001","E19000001","E18000002","","E08000001","E05000661"
"BL6 4NL",10,365574,410010,"E92000001","E19000001","E18000002","","E08000001","E05000661"
"BL6 4NN",10,367219,408206,"E92000001","E19000001","E18000002","","E08000001","E05000668"
"BL6 4NP",10,366978,409529,"E92000001","E19000001","E18000002","","E08000001","E05000659"
"BL6 4NQ",10,365938,410256,"E92000001","E19000001","E18000002","","E08000001","E05000661"
"BL6 4NR",10,367181,408171,"E92000001","E19000001","E18000002","","E08000001","E05000668"
"BL6 4NU",10,366605,409361,"E92000001","E19000001","E18000002","","E08000001","E05000659"
"BL6 4NW",10,365641,409758,"E92000001","E19000001","E18000002","","E08000001","E05000660"
"BL6 4PA",10,366993,409293,"E92000001","E19000001","E18000002","","E08000001","E05000659"
"BL6 4PB",10,367196,409253,"E92000001","E19000001","E18000002","","E08000001","E05000659"
"BL6 4PD",10,367215,409211,"E92000001","E19000001","E18000002","","E08000001","E05000659"
"BL6 4PE",10,367167,409072,"E92000001","E19000001","E18000002","","E08000001","E05000659"
"BL6 4PF",10,367058,408952,"E92000001","E19000001","E18000002","","E08000001","E05000659"
"BL6 4PG",10,367169,409008,"E92000001","E19000001","E18000002","","E08000001","E05000659"
"BL6 4PH",10,367099,409384,"E92000001","E19000001","E18000002","","E08000001","E05000659"
"BL6 4PJ",10,367280,409053,"E92000001","E19000001","E18000002","","E08000001","E05000659"
"BL6 4PL",10,367180,408901,"E92000001","E19000001","E18000002","","E08000001","E05000659"
"BL6 4PN",10,367045,408761,"E92000001","E19000001","E18000002","","E08000001","E05000659"
"BL6 4PP",10,367258,408743,"E92000001","E19000001","E18000002","","E08000001","E05000659"
"BL6 4PQ",10,367073,409168,"E92000001","E19000001","E18000002","","E08000001","E05000659"
"BL6 4PR",10,367319,408658,"E92000001","E19000001","E18000002","","E08000001","E05000659"
"BL6 4PS",10,367411,408810,"E92000001","E19000001","E18000002","","E08000001","E05000659"
"BL6 4PU",10,367399,408661,"E92000001","E19000001","E18000002","","E08000001","E05000659"
"BL6 4QR",10,365307,408829,"E92000001","E19000001","E18000002","","E08000001","E05000660"
"BL6 4QS",10,366832,409595,"E92000001","E19000001","E18000002","","E08000001","E05000661"
"BL6 4QT",10,367010,409825,"E92000001","E19000001","E18000002","","E08000001","E05000661"
"BL6 4RA",10,367479,408591,"E92000001","E19000001","E18000002","","E08000001","E05000659"
"BL6 4RB",10,367533,408628,"E92000001","E19000001","E18000002","","E08000001","E05000659"
"BL6 4RD",10,367554,408640,"E92000001","E19000001","E18000002","","E08000001","E05000659"
"BL6 4RE",10,367598,408689,"E92000001","E19000001","E18000002","","E08000001","E05000659"
"BL6 4RF",10,367707,408690,"E92000001","E19000001","E18000002","","E08000001","E05000659"
"BL6 4RG",10,367809,408790,"E92000001","E19000001","E18000002","","E08000001","E05000659"
"BL6 4RH",10,367543,408567,"E92000001","E19000001","E18000002","","E08000001","E05000659"
"BL6 4RJ",10,367718,408709,"E92000001","E19000001","E18000002","","E08000001","E05000659"
"BL6 4RL",10,367817,408546,"E92000001","E19000001","E18000002","","E08000001","E05000659"
"BL6 4RN",10,368021,408527,"E92000001","E19000001","E18000002","","E08000001","E05000659"
"BL6 4RP",10,367957,408502,"E92000001","E19000001","E18000002","","E08000001","E05000659"
"BL6 4RQ",10,367864,408708,"E92000001","E19000001","E18000002","","E08000001","E05000659"
"BL6 4RR",10,367846,408519,"E92000001","E19000001","E18000002","","E08000001","E05000659"
"BL6 4RS",10,367563,408474,"E92000001","E19000001","E18000002","","E08000001","E05000659"
"BL6 4RT",10,367396,408435,"E92000001","E19000001","E18000002","","E08000001","E05000659"
"BL6 4RW",10,368044,408456,"E92000001","E19000001","E18000002","","E08000001","E05000659"
"BL6 4SA",10,365381,408831,"E92000001","E19000001","E18000002","","E08000001","E05000660"
"BL6 4SB",10,365025,409340,"E92000001","E19000001","E18000002","","E08000001","E05000660"
"BL6 4SD",10,364806,409049,"E92000001","E19000001","E18000002","","E08000001","E05000660"
"BL6 4SE",10,364709,409095,"E92000001","E19000001","E18000002","","E08000001","E05000660"
"BL6 4SF",10,364746,409254,"E92000001","E19000001","E18000002","","E08000001","E05000660"
"BL6 4SG",10,365605,408890,"E92000001","E19000001","E18000002","","E08000001","E05000660"
"BL6 4TW",10,365474,408965,"E92000001","E19000001","E18000002","","E08000001","E05000660"
"BL6 4WN",10,364423,410315,"E92000001","E19000001","E18000002","","E08000001","E05000660"
"BL6 4WT",10,364423,410315,"E92000001","E19000001","E18000002","","E08000001","E05000660"
"BL6 4YU",10,364423,410315,"E92000001","E19000001","E18000002","","E08000001","E05000660"
"BL6 5AA",10,361716,410695,"E92000001","E19000001","E18000002","","E08000001","E05000660"
"BL6 5AB",10,361627,410680,"E92000001","E19000001","E18000002","","E08000001","E05000660"
"BL6 5AD",10,361589,410760,"E92000001","E19000001","E18000002","","E08000001","E05000660"
"BL6 5AE",10,361467,410824,"E92000001","E19000001","E18000002","","E08000001","E05000660"
"BL6 5AF",10,361408,410905,"E92000001","E19000001","E18000002","","E08000001","E05000660"
"BL6 5AG",10,361532,410874,"E92000001","E19000001","E18000002","","E08000001","E05000660"
"BL6 5AH",10,361568,410918,"E92000001","E19000001","E18000002","","E08000001","E05000660"
"BL6 5AJ",10,361650,410896,"E92000001","E19000001","E18000002","","E08000001","E05000660"
"BL6 5AL",10,361571,410792,"E92000001","E19000001","E18000002","","E08000001","E05000660"
"BL6 5AN",10,361683,410773,"E92000001","E19000001","E18000002","","E08000001","E05000660"
"BL6 5AP",10,361664,410853,"E92000001","E19000001","E18000002","","E08000001","E05000660"
"BL6 5AQ",10,361633,410814,"E92000001","E19000001","E18000002","","E08000001","E05000660"
"BL6 5AR",10,361681,410835,"E92000001","E19000001","E18000002","","E08000001","E05000660"
"BL6 5AS",10,361703,410820,"E92000001","E19000001","E18000002","","E08000001","E05000660"
"BL6 5AT",10,361783,410755,"E92000001","E19000001","E18000002","","E08000001","E05000660"
"BL6 5AU",10,361755,410736,"E92000001","E19000001","E18000002","","E08000001","E05000660"
"BL6 5AW",10,361617,410860,"E92000001","E19000001","E18000002","","E08000001","E05000660"
"BL6 5AX",10,361827,410735,"E92000001","E19000001","E18000002","","E08000001","E05000660"
"BL6 5AY",10,361856,410686,"E92000001","E19000001","E18000002","","E08000001","E05000660"
"BL6 5AZ",10,361902,410582,"E92000001","E19000001","E18000002","","E08000001","E05000660"
"BL6 5BA",10,361965,410596,"E92000001","E19000001","E18000002","","E08000001","E05000660"
"BL6 5BB",10,361965,410477,"E92000001","E19000001","E18000002","","E08000001","E05000660"
"BL6 5BD",10,361974,410533,"E92000001","E19000001","E18000002","","E08000001","E05000660"
"BL6 5BE",10,362067,410349,"E92000001","E19000001","E18000002","","E08000001","E05000660"
"BL6 5BF",10,363905,411146,"E92000001","E19000001","E18000002","","E08000001","E05000660"
"BL6 5BG",10,362017,410365,"E92000001","E19000001","E18000002","","E08000001","E05000660"
"BL6 5BH",10,362113,410251,"E92000001","E19000001","E18000002","","E08000001","E05000660"
"BL6 5BJ",10,362156,410047,"E92000001","E19000001","E18000002","","E08000001","E05000660"
"BL6 5BL",10,362193,410090,"E92000001","E19000001","E18000002","","E08000001","E05000660"
"BL6 5BN",10,362238,410284,"E92000001","E19000001","E18000002","","E08000001","E05000660"
"BL6 5BP",10,362270,410154,"E92000001","E19000001","E18000002","","E08000001","E05000660"
"BL6 5BQ",10,362093,410211,"E92000001","E19000001","E18000002","","E08000001","E05000660"
"BL6 5BR",10,362287,410098,"E92000001","E19000001","E18000002","","E08000001","E05000660"
"BL6 5BS",10,362217,410340,"E92000001","E19000001","E18000002","","E08000001","E05000660"
"BL6 5BT",10,362336,410396,"E92000001","E19000001","E18000002","","E08000001","E05000660"
"BL6 5BU",10,361736,410871,"E92000001","E19000001","E18000002","","E08000001","E05000660"
"BL6 5BW",10,362319,410321,"E92000001","E19000001","E18000002","","E08000001","E05000660"
"BL6 5BX",10,361172,411187,"E92000001","E19000001","E18000002","","E08000001","E05000660"
"BL6 5BY",10,362130,410120,"E92000001","E19000001","E18000002","","E08000001","E05000660"
"BL6 5BZ",10,361886,410544,"E92000001","E19000001","E18000002","","E08000001","E05000660"
"BL6 5DA",10,361449,410795,"E92000001","E19000001","E18000002","","E08000001","E05000660"
"BL6 5DB",10,361448,410752,"E92000001","E19000001","E18000002","","E08000001","E05000660"
"BL6 5DD",10,361314,410811,"E92000001","E19000001","E18000002","","E08000001","E05000660"
"BL6 5DE",10,361178,410878,"E92000001","E19000001","E18000002","","E08000001","E05000660"
"BL6 5DF",10,361344,410876,"E92000001","E19000001","E18000002","","E08000001","E05000660"
"BL6 5DG",10,361544,411011,"E92000001","E19000001","E18000002","","E08000001","E05000660"
"BL6 5DH",10,361272,410922,"E92000001","E19000001","E18000002","","E08000001","E05000660"
"BL6 5DJ",10,361523,410962,"E92000001","E19000001","E18000002","","E08000001","E05000660"
"BL6 5DL",10,361602,410954,"E92000001","E19000001","E18000002","","E08000001","E05000660"
"BL6 5DN",10,361674,411100,"E92000001","E19000001","E18000002","","E08000001","E05000660"
"BL6 5DP",10,361507,411021,"E92000001","E19000001","E18000002","","E08000001","E05000660"
"BL6 5DQ",10,361600,411060,"E92000001","E19000001","E18000002","","E08000001","E05000660"
"BL6 5DR",10,361779,410949,"E92000001","E19000001","E18000002","","E08000001","E05000660"
"BL6 5DS",10,361883,410917,"E92000001","E19000001","E18000002","","E08000001","E05000660"
"BL6 5DT",10,361696,411016,"E92000001","E19000001","E18000002","","E08000001","E05000660"
"BL6 5DU",10,361715,411019,"E92000001","E19000001","E18000002","","E08000001","E05000660"
"BL6 5DW",10,361614,411091,"E92000001","E19000001","E18000002","","E08000001","E05000660"
"BL6 5DX",10,361507,411173,"E92000001","E19000001","E18000002","","E08000001","E05000660"
"BL6 5DY",10,361490,411154,"E92000001","E19000001","E18000002","","E08000001","E05000660"
"BL6 5DZ",10,361384,411272,"E92000001","E19000001","E18000002","","E08000001","E05000660"
"BL6 5EA",10,361276,411272,"E92000001","E19000001","E18000002","","E08000001","E05000660"
"BL6 5EB",10,361310,411197,"E92000001","E19000001","E18000002","","E08000001","E05000660"
"BL6 5ED",10,361244,411202,"E92000001","E19000001","E18000002","","E08000001","E05000660"
"BL6 5EE",10,361390,411024,"E92000001","E19000001","E18000002","","E08000001","E05000660"
"BL6 5EF",10,361426,410985,"E92000001","E19000001","E18000002","","E08000001","E05000660"
"BL6 5EG",10,361413,410952,"E92000001","E19000001","E18000002","","E08000001","E05000660"
"BL6 5EH",10,361314,411167,"E92000001","E19000001","E18000002","","E08000001","E05000660"
"BL6 5EJ",10,361410,411147,"E92000001","E19000001","E18000002","","E08000001","E05000660"
"BL6 5EL",10,361471,411095,"E92000001","E19000001","E18000002","","E08000001","E05000660"
"BL6 5EN",10,361284,411081,"E92000001","E19000001","E18000002","","E08000001","E05000660"
"BL6 5EP",10,361386,411062,"E92000001","E19000001","E18000002","","E08000001","E05000660"
"BL6 5EQ",10,361347,411019,"E92000001","E19000001","E18000002","","E08000001","E05000660"
"BL6 5ER",10,364378,410842,"E92000001","E19000001","E18000002","","E08000001","E05000661"
"BL6 5ES",10,361351,410964,"E92000001","E19000001","E18000002","","E08000001","E05000660"
"BL6 5ET",10,361040,411051,"E92000001","E19000001","E18000002","","E08000001","E05000660"
"BL6 5EU",10,361017,411098,"E92000001","E19000001","E18000002","","E08000001","E05000660"
"BL6 5EW",10,361229,411088,"E92000001","E19000001","E18000002","","E08000001","E05000660"
"BL6 5EX",10,361114,411205,"E92000001","E19000001","E18000002","","E08000001","E05000660"
"BL6 5EY",10,361052,411202,"E92000001","E19000001","E18000002","","E08000001","E05000660"
"BL6 5EZ",10,361031,411218,"E92000001","E19000001","E18000002","","E08000001","E05000660"
"BL6 5GG",10,362942,409138,"E92000001","E19000001","E18000002","","E08000001","E05000660"
"BL6 5GH",10,362755,410615,"E92000001","E19000001","E18000002","","E08000001","E05000660"
"BL6 5GJ",10,362745,410330,"E92000001","E19000001","E18000002","","E08000001","E05000660"
"BL6 5GL",10,364290,411408,"E92000001","E19000001","E18000002","","E08000001","E05000661"
"BL6 5GN",10,362482,410676,"E92000001","E19000001","E18000002","","E08000001","E05000660"
"BL6 5GQ",10,363727,411178,"E92000001","E19000001","E18000002","","E08000001","E05000660"
"BL6 5GS",10,362548,411151,"E92000001","E19000001","E18000002","","E08000001","E05000660"
"BL6 5GU",10,362472,411131,"E92000001","E19000001","E18000002","","E08000001","E05000660"
"BL6 5GW",10,362792,410885,"E92000001","E19000001","E18000002","","E08000001","E05000660"
"BL6 5GX",10,362877,410901,"E92000001","E19000001","E18000002","","E08000001","E05000660"
"BL6 5GY",10,362696,411158,"E92000001","E19000001","E18000002","","E08000001","E05000660"
"BL6 5GZ",10,362786,411235,"E92000001","E19000001","E18000002","","E08000001","E05000660"
"BL6 5HA",10,360913,411132,"E92000001","E19000001","E18000002","","E08000001","E05000660"
"BL6 5HB",10,361021,411121,"E92000001","E19000001","E18000002","","E08000001","E05000660"
"BL6 5HD",10,361151,411108,"E92000001","E19000001","E18000002","","E08000001","E05000660"
"BL6 5HE",10,361201,410995,"E92000001","E19000001","E18000002","","E08000001","E05000660"
"BL6 5HF",10,361291,410984,"E92000001","E19000001","E18000002","","E08000001","E05000660"
"BL6 5HH",10,361505,410978,"E92000001","E19000001","E18000002","","E08000001","E05000660"
"BL6 5HJ",10,362711,411267,"E92000001","E19000001","E18000002","","E08000001","E05000660"
"BL6 5HL",10,362546,411257,"E92000001","E19000001","E18000002","E10000017","E07000118","E05013064"
"BL6 5HP",10,362866,411017,"E92000001","E19000001","E18000002","","E08000001","E05000660"
"BL6 5HQ",10,362865,411103,"E92000001","E19000001","E18000002","","E08000001","E05000660"
"BL6 5HR",10,362716,411093,"E92000001","E19000001","E18000002","","E08000001","E05000660"
"BL6 5HT",10,362747,411193,"E92000001","E19000001","E18000002","","E08000001","E05000660"
"BL6 5HX",10,361256,411734,"E92000001","E19000001","E18000002","","E08000001","E05000660"
"BL6 5HY",10,362676,411023,"E92000001","E19000001","E18000002","","E08000001","E05000660"
"BL6 5HZ",10,362752,410887,"E92000001","E19000001","E18000002","","E08000001","E05000660"
"BL6 5JA",10,362338,410813,"E92000001","E19000001","E18000002","","E08000001","E05000660"
"BL6 5JB",10,362707,410625,"E92000001","E19000001","E18000002","","E08000001","E05000660"
"BL6 5JD",10,360209,412554,"E92000001","E19000001","E18000002","","E08000001","E05000660"
"BL6 5JE",10,362513,410664,"E92000001","E19000001","E18000002","","E08000001","E05000660"
"BL6 5JF",10,362396,410530,"E92000001","E19000001","E18000002","","E08000001","E05000660"
"BL6 5JG",10,361002,411010,"E92000001","E19000001","E18000002","","E08000001","E05000660"
"BL6 5JH",10,362026,410812,"E92000001","E19000001","E18000002","","E08000001","E05000660"
"BL6 5JJ",10,360603,411012,"E92000001","E19000001","E18000002","","E08000001","E05000660"
"BL6 5JL",10,360771,411156,"E92000001","E19000001","E18000002","","E08000001","E05000660"
"BL6 5JN",10,361082,410927,"E92000001","E19000001","E18000002","","E08000001","E05000660"
"BL6 5JP",10,361198,411086,"E92000001","E19000001","E18000002","","E08000001","E05000660"
"BL6 5JQ",10,361126,411010,"E92000001","E19000001","E18000002","","E08000001","E05000660"
"BL6 5JR",10,361181,411218,"E92000001","E19000001","E18000002","","E08000001","E05000660"
"BL6 5JS",10,361211,411206,"E92000001","E19000001","E18000002","","E08000001","E05000660"
"BL6 5JT",10,361194,411289,"E92000001","E19000001","E18000002","","E08000001","E05000660"
"BL6 5JU",10,361094,411374,"E92000001","E19000001","E18000002","","E08000001","E05000660"
"BL6 5JW",10,361146,410964,"E92000001","E19000001","E18000002","","E08000001","E05000660"
"BL6 5JX",10,361076,411527,"E92000001","E19000001","E18000002","","E08000001","E05000660"
"BL6 5JY",10,360955,411675,"E92000001","E19000001","E18000002","","E08000001","E05000660"
"BL6 5JZ",10,360960,411770,"E92000001","E19000001","E18000002","","E08000001","E05000660"
"BL6 5LA",10,360816,411843,"E92000001","E19000001","E18000002","","E08000001","E05000660"
"BL6 5LB",10,360711,411939,"E92000001","E19000001","E18000002","","E08000001","E05000660"
"BL6 5LD",10,361076,412123,"E92000001","E19000001","E18000002","","E08000001","E05000660"
"BL6 5LE",10,360563,412125,"E92000001","E19000001","E18000002","","E08000001","E05000660"
"BL6 5LF",10,360464,412451,"E92000001","E19000001","E18000002","","E08000001","E05000660"
"BL6 5LG",10,360343,412170,"E92000001","E19000001","E18000002","","E08000001","E05000660"
"BL6 5LH",10,360730,412699,"E92000001","E19000001","E18000002","","E08000001","E05000660"
"BL6 5LJ",10,360266,412540,"E92000001","E19000001","E18000002","","E08000001","E05000660"
"BL6 5LL",10,359397,411441,"E92000001","E19000001","E18000002","","E08000001","E05000660"
"BL6 5LN",10,360696,410462,"E92000001","E19000001","E18000002","","E08000001","E05000660"
"BL6 5LP",10,360344,410803,"E92000001","E19000001","E18000002","","E08000001","E05000660"
"BL6 5LQ",10,360495,412560,"E92000001","E19000001","E18000002","","E08000001","E05000660"
"BL6 5LR",10,361448,410558,"E92000001","E19000001","E18000002","","E08000001","E05000660"
"BL6 5LS",10,362156,410428,"E92000001","E19000001","E18000002","","E08000001","E05000660"
"BL6 5LU",10,364295,410660,"E92000001","E19000001","E18000002","","E08000001","E05000660"
"BL6 5LW",10,360723,410824,"E92000001","E19000001","E18000002","","E08000001","E05000660"
"BL6 5LX",10,361211,411183,"E92000001","E19000001","E18000002","","E08000001","E05000660"
"BL6 5LZ",10,364347,411375,"E92000001","E19000001","E18000002","","E08000001","E05000661"
"BL6 5NA",10,364274,411391,"E92000001","E19000001","E18000002","","E08000001","E05000661"
"BL6 5NB",10,364343,411344,"E92000001","E19000001","E18000002","","E08000001","E05000661"
"BL6 5ND",10,364187,411177,"E92000001","E19000001","E18000002","","E08000001","E05000661"
"BL6 5NE",10,363883,411050,"E92000001","E19000001","E18000002","","E08000001","E05000660"
"BL6 5NF",10,363901,411043,"E92000001","E19000001","E18000002","","E08000001","E05000660"
"BL6 5NG",10,363927,411009,"E92000001","E19000001","E18000002","","E08000001","E05000660"
"BL6 5NH",10,364073,411117,"E92000001","E19000001","E18000002","","E08000001","E05000660"
"BL6 5NJ",10,364106,410674,"E92000001","E19000001","E18000002","","E08000001","E05000660"
"BL6 5NL",10,363842,411125,"E92000001","E19000001","E18000002","","E08000001","E05000660"
"BL6 5NN",10,364059,410993,"E92000001","E19000001","E18000002","","E08000001","E05000660"
"BL6 5NP",10,363978,411017,"E92000001","E19000001","E18000002","","E08000001","E05000660"
"BL6 5NQ",10,363979,410963,"E92000001","E19000001","E18000002","","E08000001","E05000660"
"BL6 5NR",10,364089,411061,"E92000001","E19000001","E18000002","","E08000001","E05000660"
"BL6 5NS",10,364104,411045,"E92000001","E19000001","E18000002","","E08000001","E05000660"
"BL6 5NT",10,363999,410927,"E92000001","E19000001","E18000002","","E08000001","E05000660"
"BL6 5NU",10,364022,410918,"E92000001","E19000001","E18000002","","E08000001","E05000660"
"BL6 5NW",10,364002,411051,"E92000001","E19000001","E18000002","","E08000001","E05000660"
"BL6 5NX",10,364047,410866,"E92000001","E19000001","E18000002","","E08000001","E05000660"
"BL6 5NY",10,364118,410882,"E92000001","E19000001","E18000002","","E08000001","E05000660"
"BL6 5NZ",10,364135,411008,"E92000001","E19000001","E18000002","","E08000001","E05000660"
"BL6 5PA",10,364142,411105,"E92000001","E19000001","E18000002","","E08000001","E05000660"
"BL6 5PB",10,364210,411089,"E92000001","E19000001","E18000002","","E08000001","E05000661"
"BL6 5PD",10,364210,411133,"E92000001","E19000001","E18000002","","E08000001","E05000661"
"BL6 5PE",10,364242,411001,"E92000001","E19000001","E18000002","","E08000001","E05000661"
"BL6 5PF",10,364282,411017,"E92000001","E19000001","E18000002","","E08000001","E05000661"
"BL6 5PG",10,364477,410816,"E92000001","E19000001","E18000002","","E08000001","E05000661"
"BL6 5PH",10,364541,410825,"E92000001","E19000001","E18000002","","E08000001","E05000661"
"BL6 5PJ",10,364397,410911,"E92000001","E19000001","E18000002","","E08000001","E05000661"
"BL6 5PL",10,364232,410919,"E92000001","E19000001","E18000002","","E08000001","E05000661"
"BL6 5PP",10,364210,410841,"E92000001","E19000001","E18000002","","E08000001","E05000661"
"BL6 5PQ",10,364351,410903,"E92000001","E19000001","E18000002","","E08000001","E05000661"
"BL6 5PR",10,364261,410886,"E92000001","E19000001","E18000002","","E08000001","E05000661"
"BL6 5PS",10,364246,410763,"E92000001","E19000001","E18000002","","E08000001","E05000660"
"BL6 5PT",10,364240,410719,"E92000001","E19000001","E18000002","","E08000001","E05000660"
"BL6 5PU",10,364256,410709,"E92000001","E19000001","E18000002","","E08000001","E05000660"
"BL6 5PW",10,364191,410767,"E92000001","E19000001","E18000002","","E08000001","E05000660"
"BL6 5PX",10,363841,411350,"E92000001","E19000001","E18000002","","E08000001","E05000660"
"BL6 5PY",10,364191,411437,"E92000001","E19000001","E18000002","","E08000001","E05000660"
"BL6 5PZ",10,364360,411106,"E92000001","E19000001","E18000002","","E08000001","E05000661"
"BL6 5QA",10,364328,411052,"E92000001","E19000001","E18000002","","E08000001","E05000661"
"BL6 5QB",10,363150,411046,"E92000001","E19000001","E18000002","","E08000001","E05000660"
"BL6 5QD",10,363048,410993,"E92000001","E19000001","E18000002","","E08000001","E05000660"
"BL6 5QE",10,363693,411429,"E92000001","E19000001","E18000002","","E08000001","E05000660"
"BL6 5QF",10,363628,411530,"E92000001","E19000001","E18000002","","E08000001","E05000660"
"BL6 5QG",10,363613,411381,"E92000001","E19000001","E18000002","","E08000001","E05000660"
"BL6 5QH",10,363729,411260,"E92000001","E19000001","E18000002","","E08000001","E05000660"
"BL6 5QJ",10,363563,411573,"E92000001","E19000001","E18000002","","E08000001","E05000660"
"BL6 5QL",10,363556,411555,"E92000001","E19000001","E18000002","","E08000001","E05000660"
"BL6 5QN",10,363599,411514,"E92000001","E19000001","E18000002","","E08000001","E05000660"
"BL6 5QP",10,363567,411317,"E92000001","E19000001","E18000002","","E08000001","E05000660"
"BL6 5QQ",10,363592,411604,"E92000001","E19000001","E18000002","","E08000001","E05000660"
"BL6 5QR",10,363615,411442,"E92000001","E19000001","E18000002","","E08000001","E05000660"
"BL6 5QS",10,363582,411447,"E92000001","E19000001","E18000002","","E08000001","E05000660"
"BL6 5QT",10,363551,411456,"E92000001","E19000001","E18000002","","E08000001","E05000660"
"BL6 5QU",10,363545,411336,"E92000001","E19000001","E18000002","","E08000001","E05000660"
"BL6 5QW",10,363656,411418,"E92000001","E19000001","E18000002","","E08000001","E05000660"
"BL6 5QX",10,363426,411363,"E92000001","E19000001","E18000002","","E08000001","E05000660"
"BL6 5QY",10,363396,411346,"E92000001","E19000001","E18000002","","E08000001","E05000660"
"BL6 5QZ",10,363355,411230,"E92000001","E19000001","E18000002","","E08000001","E05000660"
"BL6 5RA",10,363342,411259,"E92000001","E19000001","E18000002","","E08000001","E05000660"
"BL6 5RB",10,363423,411240,"E92000001","E19000001","E18000002","","E08000001","E05000660"
"BL6 5RD",10,363452,411227,"E92000001","E19000001","E18000002","","E08000001","E05000660"
"BL6 5RE",10,363339,411190,"E92000001","E19000001","E18000002","","E08000001","E05000660"
"BL6 5RF",10,363136,411171,"E92000001","E19000001","E18000002","","E08000001","E05000660"
"BL6 5RG",10,363082,411106,"E92000001","E19000001","E18000002","","E08000001","E05000660"
"BL6 5RH",10,363203,411268,"E92000001","E19000001","E18000002","","E08000001","E05000660"
"BL6 5RJ",10,363169,411253,"E92000001","E19000001","E18000002","","E08000001","E05000660"
"BL6 5RL",10,362926,411205,"E92000001","E19000001","E18000002","","E08000001","E05000660"
"BL6 5RN",10,363090,411217,"E92000001","E19000001","E18000002","","E08000001","E05000660"
"BL6 5RP",10,363221,411070,"E92000001","E19000001","E18000002","","E08000001","E05000660"
"BL6 5RQ",10,363281,411142,"E92000001","E19000001","E18000002","","E08000001","E05000660"
"BL6 5RR",10,362367,409405,"E92000001","E19000001","E18000002","","E08000001","E05000660"
"BL6 5RS",10,362566,410303,"E92000001","E19000001","E18000002","","E08000001","E05000660"
"BL6 5RT",10,362767,409625,"E92000001","E19000001","E18000002","","E08000001","E05000660"
"BL6 5RU",10,362893,409128,"E92000001","E19000001","E18000002","","E08000001","E05000660"
"BL6 5RW",10,364133,411331,"E92000001","E19000001","E18000002","","E08000001","E05000660"
"BL6 5RX",10,362617,409295,"E92000001","E19000001","E18000002","","E08000001","E05000660"
"BL6 5RY",10,362562,409307,"E92000001","E19000001","E18000002","","E08000001","E05000660"
"BL6 5RZ",10,362561,409380,"E92000001","E19000001","E18000002","","E08000001","E05000660"
"BL6 5SA",10,362492,409329,"E92000001","E19000001","E18000002","","E08000001","E05000660"
"BL6 5SB",10,362418,409278,"E92000001","E19000001","E18000002","","E08000001","E05000660"
"BL6 5SD",10,362308,409267,"E92000001","E19000001","E18000002","","E08000001","E05000660"
"BL6 5SE",10,362325,409337,"E92000001","E19000001","E18000002","","E08000001","E05000660"
"BL6 5SF",10,362235,409230,"E92000001","E19000001","E18000002","","E08000001","E05000660"
"BL6 5SG",10,362483,409285,"E92000001","E19000001","E18000002","","E08000001","E05000660"
"BL6 5SH",10,362322,409214,"E92000001","E19000001","E18000002","","E08000001","E05000660"
"BL6 5SJ",10,363490,411204,"E92000001","E19000001","E18000002","","E08000001","E05000660"
"BL6 5SL",10,362414,409037,"E92000001","E19000001","E18000002","","E08000001","E05000660"
"BL6 5SN",10,362509,409387,"E92000001","E19000001","E18000002","","E08000001","E05000660"
"BL6 5SP",10,362260,408936,"E92000001","E19000001","E18000002","","E08000001","E05000660"
"BL6 5SQ",10,363544,411135,"E92000001","E19000001","E18000002","","E08000001","E05000660"
"BL6 5SR",10,362463,409464,"E92000001","E19000001","E18000002","","E08000001","E05000660"
"BL6 5SS",10,362298,409688,"E92000001","E19000001","E18000002","","E08000001","E05000660"
"BL6 5ST",10,362267,409678,"E92000001","E19000001","E18000002","","E08000001","E05000660"
"BL6 5SU",10,362252,409769,"E92000001","E19000001","E18000002","","E08000001","E05000660"
"BL6 5SW",10,362374,409536,"E92000001","E19000001","E18000002","","E08000001","E05000660"
"BL6 5SX",10,362034,409616,"E92000001","E19000001","E18000002","","E08000001","E05000660"
"BL6 5SY",10,362264,409924,"E92000001","E19000001","E18000002","","E08000001","E05000660"
"BL6 5SZ",10,363576,411158,"E92000001","E19000001","E18000002","","E08000001","E05000660"
"BL6 5TA",10,362063,410122,"E92000001","E19000001","E18000002","","E08000001","E05000660"
"BL6 5TB",10,362002,410181,"E92000001","E19000001","E18000002","","E08000001","E05000660"
"BL6 5TD",10,362027,410133,"E92000001","E19000001","E18000002","","E08000001","E05000660"
"BL6 5TE",10,361954,410343,"E92000001","E19000001","E18000002","","E08000001","E05000660"
"BL6 5TF",10,361827,410412,"E92000001","E19000001","E18000002","","E08000001","E05000660"
"BL6 5TG",10,361757,410539,"E92000001","E19000001","E18000002","","E08000001","E05000660"
"BL6 5TH",10,361639,410456,"E92000001","E19000001","E18000002","","E08000001","E05000660"
"BL6 5TJ",10,361616,410543,"E92000001","E19000001","E18000002","","E08000001","E05000660"
"BL6 5TL",10,361906,410335,"E92000001","E19000001","E18000002","","E08000001","E05000660"
"BL6 5TN",10,361897,410287,"E92000001","E19000001","E18000002","","E08000001","E05000660"
"BL6 5TP",10,361890,410453,"E92000001","E19000001","E18000002","","E08000001","E05000660"
"BL6 5TQ",10,363997,411271,"E92000001","E19000001","E18000002","","E08000001","E05000660"
"BL6 5TR",10,361833,410476,"E92000001","E19000001","E18000002","","E08000001","E05000660"
"BL6 5TS",10,361727,410412,"E92000001","E19000001","E18000002","","E08000001","E05000660"
"BL6 5TT",10,363690,411222,"E92000001","E19000001","E18000002","","E08000001","E05000660"
"BL6 5TW",10,361811,410342,"E92000001","E19000001","E18000002","","E08000001","E05000660"
"BL6 5TX",10,363454,411081,"E92000001","E19000001","E18000002","","E08000001","E05000660"
"BL6 5TY",10,361474,410990,"E92000001","E19000001","E18000002","","E08000001","E05000660"
"BL6 5TZ",10,362129,410284,"E92000001","E19000001","E18000002","","E08000001","E05000660"
"BL6 5UA",10,364125,410951,"E92000001","E19000001","E18000002","","E08000001","E05000661"
"BL6 5UB",10,364160,410891,"E92000001","E19000001","E18000002","","E08000001","E05000661"
"BL6 5UD",10,364166,410945,"E92000001","E19000001","E18000002","","E08000001","E05000661"
"BL6 5UE",10,363841,410974,"E92000001","E19000001","E18000002","","E08000001","E05000660"
"BL6 5UG",10,362969,410924,"E92000001","E19000001","E18000002","","E08000001","E05000660"
"BL6 5UJ",10,360940,410967,"E92000001","E19000001","E18000002","","E08000001","E05000660"
"BL6 5UP",10,360958,410928,"E92000001","E19000001","E18000002","","E08000001","E05000660"
"BL6 5UQ",10,361012,410884,"E92000001","E19000001","E18000002","","E08000001","E05000660"
"BL6 5US",10,360897,410867,"E92000001","E19000001","E18000002","","E08000001","E05000660"
"BL6 5UT",10,360855,410930,"E92000001","E19000001","E18000002","","E08000001","E05000660"
"BL6 5UU",10,360840,410882,"E92000001","E19000001","E18000002","","E08000001","E05000660"
"BL6 5UW",10,360874,410976,"E92000001","E19000001","E18000002","","E08000001","E05000660"
"BL6 5UX",10,361271,411157,"E92000001","E19000001","E18000002","","E08000001","E05000660"
"BL6 5UY",10,360166,412467,"E92000001","E19000001","E18000002","","E08000001","E05000660"
"BL6 5UZ",10,362174,411698,"E92000001","E19000001","E18000002","E10000017","E07000118","E05013064"
"BL6 5WF",10,361155,412134,"E92000001","E19000001","E18000002","","E08000001","E05000660"
"BL6 5WG",10,363625,411040,"E92000001","E19000001","E18000002","","E08000001","E05000660"
"BL6 5WH",10,363573,411075,"E92000001","E19000001","E18000002","","E08000001","E05000660"
"BL6 6AA",10,364325,411508,"E92000001","E19000001","E18000002","","E08000001","E05000661"
"BL6 6AB",10,364346,411481,"E92000001","E19000001","E18000002","","E08000001","E05000661"
"BL6 6AD",10,364498,411484,"E92000001","E19000001","E18000002","","E08000001","E05000661"
"BL6 6AE",10,364632,411202,"E92000001","E19000001","E18000002","","E08000001","E05000661"
"BL6 6AF",10,364522,411543,"E92000001","E19000001","E18000002","","E08000001","E05000661"
"BL6 6AG",10,364554,411591,"E92000001","E19000001","E18000002","","E08000001","E05000661"
"BL6 6AH",10,364552,411513,"E92000001","E19000001","E18000002","","E08000001","E05000661"
"BL6 6AJ",10,364814,411891,"E92000001","E19000001","E18000002","","E08000001","E05000661"
"BL6 6AL",10,364871,412043,"E92000001","E19000001","E18000002","","E08000001","E05000661"
"BL6 6AN",10,364722,411988,"E92000001","E19000001","E18000002","","E08000001","E05000661"
"BL6 6AP",10,364799,411941,"E92000001","E19000001","E18000002","","E08000001","E05000661"
"BL6 6AQ",10,364608,411719,"E92000001","E19000001","E18000002","","E08000001","E05000661"
"BL6 6AR",10,364703,411889,"E92000001","E19000001","E18000002","","E08000001","E05000661"
"BL6 6AS",10,364681,411813,"E92000001","E19000001","E18000002","","E08000001","E05000661"
"BL6 6AT",10,364565,411548,"E92000001","E19000001","E18000002","","E08000001","E05000661"
"BL6 6AU",10,364680,411523,"E92000001","E19000001","E18000002","","E08000001","E05000661"
"BL6 6AW",10,364803,412034,"E92000001","E19000001","E18000002","","E08000001","E05000661"
"BL6 6AX",10,364908,411525,"E92000001","E19000001","E18000002","","E08000001","E05000661"
"BL6 6AY",10,364791,411490,"E92000001","E19000001","E18000002","","E08000001","E05000661"
"BL6 6AZ",10,364787,411482,"E92000001","E19000001","E18000002","","E08000001","E05000661"
"BL6 6BA",10,365005,411336,"E92000001","E19000001","E18000002","","E08000001","E05000661"
"BL6 6BB",10,365075,411240,"E92000001","E19000001","E18000002","","E08000001","E05000661"
"BL6 6BD",10,364861,411377,"E92000001","E19000001","E18000002","","E08000001","E05000661"
"BL6 6BE",10,364447,410594,"E92000001","E19000001","E18000002","","E08000001","E05000660"
"BL6 6BF",10,364419,411196,"E92000001","E19000001","E18000002","","E08000001","E05000661"
"BL6 6BG",10,364710,411476,"E92000001","E19000001","E18000002","","E08000001","E05000661"
"BL6 6BH",10,364451,411406,"E92000001","E19000001","E18000002","","E08000001","E05000661"
"BL6 6BJ",10,364516,411440,"E92000001","E19000001","E18000002","","E08000001","E05000661"
"BL6 6BL",10,364490,411446,"E92000001","E19000001","E18000002","","E08000001","E05000661"
"BL6 6BN",10,364420,411448,"E92000001","E19000001","E18000002","","E08000001","E05000661"
"BL6 6BP",10,364363,411416,"E92000001","E19000001","E18000002","","E08000001","E05000661"
"BL6 6BQ",10,364612,411477,"E92000001","E19000001","E18000002","","E08000001","E05000661"
"BL6 6BR",10,364520,411405,"E92000001","E19000001","E18000002","","E08000001","E05000661"
"BL6 6BS",10,364347,411454,"E92000001","E19000001","E18000002","","E08000001","E05000661"
"BL6 6BT",10,364338,411445,"E92000001","E19000001","E18000002","","E08000001","E05000661"
"BL6 6BU",10,364665,411391,"E92000001","E19000001","E18000002","","E08000001","E05000661"
"BL6 6BW",10,364391,411443,"E92000001","E19000001","E18000002","","E08000001","E05000661"
"BL6 6BX",10,364803,411392,"E92000001","E19000001","E18000002","","E08000001","E05000661"
"BL6 6BY",10,364723,411347,"E92000001","E19000001","E18000002","","E08000001","E05000661"
"BL6 6BZ",10,364558,411370,"E92000001","E19000001","E18000002","","E08000001","E05000661"
"BL6 6DA",10,364576,411428,"E92000001","E19000001","E18000002","","E08000001","E05000661"
"BL6 6DB",10,364766,411305,"E92000001","E19000001","E18000002","","E08000001","E05000661"
"BL6 6DD",10,364555,411298,"E92000001","E19000001","E18000002","","E08000001","E05000661"
"BL6 6DE",10,364337,411215,"E92000001","E19000001","E18000002","","E08000001","E05000661"
"BL6 6DF",10,364239,411142,"E92000001","E19000001","E18000002","","E08000001","E05000661"
"BL6 6DG",10,364582,411147,"E92000001","E19000001","E18000002","","E08000001","E05000661"
"BL6 6DH",10,364792,411209,"E92000001","E19000001","E18000002","","E08000001","E05000661"
"BL6 6DJ",10,364334,411261,"E92000001","E19000001","E18000002","","E08000001","E05000661"
"BL6 6DL",10,364448,411372,"E92000001","E19000001","E18000002","","E08000001","E05000661"
"BL6 6DP",10,364277,410877,"E92000001","E19000001","E18000002","","E08000001","E05000661"
"BL6 6DQ",10,364732,411228,"E92000001","E19000001","E18000002","","E08000001","E05000661"
"BL6 6DR",10,364337,410880,"E92000001","E19000001","E18000002","","E08000001","E05000661"
"BL6 6DS",10,364362,410823,"E92000001","E19000001","E18000002","","E08000001","E05000661"
"BL6 6DT",10,364349,410765,"E92000001","E19000001","E18000002","","E08000001","E05000661"
"BL6 6DU",10,364396,410619,"E92000001","E19000001","E18000002","","E08000001","E05000660"
"BL6 6DX",10,364788,410489,"E92000001","E19000001","E18000002","","E08000001","E05000661"
"BL6 6DY",10,364522,410714,"E92000001","E19000001","E18000002","","E08000001","E05000661"
"BL6 6EA",10,364583,410707,"E92000001","E19000001","E18000002","","E08000001","E05000661"
"BL6 6EB",10,364544,410714,"E92000001","E19000001","E18000002","","E08000001","E05000661"
"BL6 6EE",10,364725,410379,"E92000001","E19000001","E18000002","","E08000001","E05000660"
"BL6 6EF",10,364771,410338,"E92000001","E19000001","E18000002","","E08000001","E05000660"
"BL6 6EH",10,364551,410659,"E92000001","E19000001","E18000002","","E08000001","E05000661"
"BL6 6EJ",10,364511,410631,"E92000001","E19000001","E18000002","","E08000001","E05000661"
"BL6 6EL",10,364576,410623,"E92000001","E19000001","E18000002","","E08000001","E05000661"
"BL6 6EP",10,364622,410699,"E92000001","E19000001","E18000002","","E08000001","E05000661"
"BL6 6EQ",10,364738,410366,"E92000001","E19000001","E18000002","","E08000001","E05000660"
"BL6 6ES",10,364730,410436,"E92000001","E19000001","E18000002","","E08000001","E05000660"
"BL6 6ET",10,364831,410309,"E92000001","E19000001","E18000002","","E08000001","E05000660"
"BL6 6EU",10,365201,410242,"E92000001","E19000001","E18000002","","E08000001","E05000661"
"BL6 6EW",10,364608,410494,"E92000001","E19000001","E18000002","","E08000001","E05000660"
"BL6 6EX",10,364869,410340,"E92000001","E19000001","E18000002","","E08000001","E05000660"
"BL6 6EY",10,364840,410293,"E92000001","E19000001","E18000002","","E08000001","E05000660"
"BL6 6EZ",10,364902,410255,"E92000001","E19000001","E18000002","","E08000001","E05000660"
"BL6 6FA",10,364771,410265,"E92000001","E19000001","E18000002","","E08000001","E05000660"
"BL6 6FY",10,364609,410572,"E92000001","E19000001","E18000002","","E08000001","E05000661"
"BL6 6FZ",10,364648,410438,"E92000001","E19000001","E18000002","","E08000001","E05000660"
"BL6 6GB",50,364615,410459,"E92000001","E19000001","E18000002","","E08000001","E05000660"
"BL6 6GD",10,364615,410459,"E92000001","E19000001","E18000002","","E08000001","E05000660"
"BL6 6GE",10,364514,410659,"E92000001","E19000001","E18000002","","E08000001","E05000661"
"BL6 6GF",10,364519,410460,"E92000001","E19000001","E18000002","","E08000001","E05000660"
"BL6 6GG",10,366427,411251,"E92000001","E19000001","E18000002","","E08000001","E05000661"
"BL6 6GH",10,364690,410675,"E92000001","E19000001","E18000002","","E08000001","E05000661"
"BL6 6GJ",10,364761,410603,"E92000001","E19000001","E18000002","","E08000001","E05000661"
"BL6 6GL",10,364679,410647,"E92000001","E19000001","E18000002","","E08000001","E05000661"
"BL6 6GN",10,364647,410341,"E92000001","E19000001","E18000002","","E08000001","E05000660"
"BL6 6GP",10,365993,411676,"E92000001","E19000001","E18000002","","E08000001","E05000661"
"BL6 6GQ",10,365107,410222,"E92000001","E19000001","E18000002","","E08000001","E05000661"
"BL6 6HA",10,364936,410288,"E92000001","E19000001","E18000002","","E08000001","E05000660"
"BL6 6HB",10,364935,410223,"E92000001","E19000001","E18000002","","E08000001","E05000660"
"BL6 6HD",10,364978,410256,"E92000001","E19000001","E18000002","","E08000001","E05000660"
"BL6 6HE",10,364962,410223,"E92000001","E19000001","E18000002","","E08000001","E05000660"
"BL6 6HF",10,364942,410079,"E92000001","E19000001","E18000002","","E08000001","E05000660"
"BL6 6HG",10,365268,409963,"E92000001","E19000001","E18000002","","E08000001","E05000660"
"BL6 6HH",10,365038,410171,"E92000001","E19000001","E18000002","","E08000001","E05000660"
"BL6 6HJ",10,364973,410059,"E92000001","E19000001","E18000002","","E08000001","E05000660"
"BL6 6HL",10,364988,409989,"E92000001","E19000001","E18000002","","E08000001","E05000660"
"BL6 6HN",10,365228,410125,"E92000001","E19000001","E18000002","","E08000001","E05000661"
"BL6 6HP",10,365272,410124,"E92000001","E19000001","E18000002","","E08000001","E05000661"
"BL6 6HR",10,365312,410060,"E92000001","E19000001","E18000002","","E08000001","E05000661"
"BL6 6HS",10,365374,410041,"E92000001","E19000001","E18000002","","E08000001","E05000661"
"BL6 6HT",10,365311,410109,"E92000001","E19000001","E18000002","","E08000001","E05000661"
"BL6 6HU",10,365433,410153,"E92000001","E19000001","E18000002","","E08000001","E05000661"
"BL6 6HW",10,365118,410119,"E92000001","E19000001","E18000002","","E08000001","E05000660"
"BL6 6HX",10,365393,410256,"E92000001","E19000001","E18000002","","E08000001","E05000661"
"BL6 6HY",10,365412,410264,"E92000001","E19000001","E18000002","","E08000001","E05000661"
"BL6 6HZ",10,365439,410302,"E92000001","E19000001","E18000002","","E08000001","E05000661"
"BL6 6JA",10,364663,409792,"E92000001","E19000001","E18000002","","E08000001","E05000660"
"BL6 6JB",10,365503,410225,"E92000001","E19000001","E18000002","","E08000001","E05000661"
"BL6 6JD",10,365440,410041,"E92000001","E19000001","E18000002","","E08000001","E05000661"
"BL6 6JE",10,365443,409986,"E92000001","E19000001","E18000002","","E08000001","E05000661"
"BL6 6JF",10,365422,410004,"E92000001","E19000001","E18000002","","E08000001","E05000661"
"BL6 6JG",10,365454,410342,"E92000001","E19000001","E18000002","","E08000001","E05000661"
"BL6 6JH",10,364317,410237,"E92000001","E19000001","E18000002","","E08000001","E05000660"
"BL6 6JJ",10,365488,410385,"E92000001","E19000001","E18000002","","E08000001","E05000661"
"BL6 6JL",10,364874,409562,"E92000001","E19000001","E18000002","","E08000001","E05000660"
"BL6 6JP",10,365451,410548,"E92000001","E19000001","E18000002","","E08000001","E05000661"
"BL6 6JQ",10,365462,410378,"E92000001","E19000001","E18000002","","E08000001","E05000661"
"BL6 6JR",10,365565,410536,"E92000001","E19000001","E18000002","","E08000001","E05000661"
"BL6 6JS",10,364874,409562,"E92000001","E19000001","E18000002","","E08000001","E05000660"
"BL6 6JT",10,364687,410515,"E92000001","E19000001","E18000002","","E08000001","E05000661"
"BL6 6JU",10,364705,410531,"E92000001","E19000001","E18000002","","E08000001","E05000661"
"BL6 6JW",10,364591,409420,"E92000001","E19000001","E18000002","","E08000001","E05000660"
"BL6 6JX",10,364793,410526,"E92000001","E19000001","E18000002","","E08000001","E05000661"
"BL6 6JY",10,364780,410513,"E92000001","E19000001","E18000002","","E08000001","E05000661"
"BL6 6JZ",10,364770,410459,"E92000001","E19000001","E18000002","","E08000001","E05000661"
"BL6 6LA",10,364929,410396,"E92000001","E19000001","E18000002","","E08000001","E05000661"
"BL6 6LB",10,364471,409276,"E92000001","E19000001","E18000002","","E08000001","E05000660"
"BL6 6LD",10,364872,410437,"E92000001","E19000001","E18000002","","E08000001","E05000661"
"BL6 6LE",10,365223,410313,"E92000001","E19000001","E18000002","","E08000001","E05000661"
"BL6 6LF",10,365320,410408,"E92000001","E19000001","E18000002","","E08000001","E05000661"
"BL6 6LG",10,365276,410389,"E92000001","E19000001","E18000002","","E08000001","E05000661"
"BL6 6LH",10,365016,410282,"E92000001","E19000001","E18000002","","E08000001","E05000661"
"BL6 6LJ",10,365023,410300,"E92000001","E19000001","E18000002","","E08000001","E05000661"
"BL6 6LL",10,364976,410360,"E92000001","E19000001","E18000002","","E08000001","E05000661"
"BL6 6LN",10,365575,410116,"E92000001","E19000001","E18000002","","E08000001","E05000661"
"BL6 6LP",10,365061,410367,"E92000001","E19000001","E18000002","","E08000001","E05000661"
"BL6 6LQ",10,365232,410535,"E92000001","E19000001","E18000002","","E08000001","E05000661"
"BL6 6LR",10,365108,410276,"E92000001","E19000001","E18000002","","E08000001","E05000661"
"BL6 6LS",10,365277,410281,"E92000001","E19000001","E18000002","","E08000001","E05000661"
"BL6 6LT",10,365284,410536,"E92000001","E19000001","E18000002","","E08000001","E05000661"
"BL6 6LU",10,365247,410472,"E92000001","E19000001","E18000002","","E08000001","E05000661"
"BL6 6LW",10,365597,410162,"E92000001","E19000001","E18000002","","E08000001","E05000661"
"BL6 6LX",10,365142,410500,"E92000001","E19000001","E18000002","","E08000001","E05000661"
"BL6 6LY",10,365186,410387,"E92000001","E19000001","E18000002","","E08000001","E05000661"
"BL6 6LZ",10,365128,410352,"E92000001","E19000001","E18000002","","E08000001","E05000661"
"BL6 6NA",10,365106,410487,"E92000001","E19000001","E18000002","","E08000001","E05000661"
"BL6 6NB",10,365143,410432,"E92000001","E19000001","E18000002","","E08000001","E05000661"
"BL6 6ND",10,364949,410598,"E92000001","E19000001","E18000002","","E08000001","E05000661"
"BL6 6NE",10,365041,410478,"E92000001","E19000001","E18000002","","E08000001","E05000661"
"BL6 6NF",10,365009,410533,"E92000001","E19000001","E18000002","","E08000001","E05000661"
"BL6 6NG",10,364980,410692,"E92000001","E19000001","E18000002","","E08000001","E05000661"
"BL6 6NH",10,364882,410638,"E92000001","E19000001","E18000002","","E08000001","E05000661"
"BL6 6NJ",10,365139,410587,"E92000001","E19000001","E18000002","","E08000001","E05000661"
"BL6 6NL",10,365213,410643,"E92000001","E19000001","E18000002","","E08000001","E05000661"
"BL6 6NN",10,365304,410646,"E92000001","E19000001","E18000002","","E08000001","E05000661"
"BL6 6NP",10,365331,410677,"E92000001","E19000001","E18000002","","E08000001","E05000661"
"BL6 6NQ",10,364997,410637,"E92000001","E19000001","E18000002","","E08000001","E05000661"
"BL6 6NR",10,365241,410764,"E92000001","E19000001","E18000002","","E08000001","E05000661"
"BL6 6NS",10,365085,410860,"E92000001","E19000001","E18000002","","E08000001","E05000661"
"BL6 6NT",10,365159,410779,"E92000001","E19000001","E18000002","","E08000001","E05000661"
"BL6 6NU",10,365104,410811,"E92000001","E19000001","E18000002","","E08000001","E05000661"
"BL6 6NW",10,365273,410691,"E92000001","E19000001","E18000002","","E08000001","E05000661"
"BL6 6NX",10,365045,410758,"E92000001","E19000001","E18000002","","E08000001","E05000661"
"BL6 6NY",10,364739,410481,"E92000001","E19000001","E18000002","","E08000001","E05000661"
"BL6 6NZ",10,365856,411255,"E92000001","E19000001","E18000002","","E08000001","E05000661"
"BL6 6PA",10,364856,410583,"E92000001","E19000001","E18000002","","E08000001","E05000661"
"BL6 6PB",10,364841,410540,"E92000001","E19000001","E18000002","","E08000001","E05000661"
"BL6 6PD",10,364943,410473,"E92000001","E19000001","E18000002","","E08000001","E05000661"
"BL6 6PE",10,364344,409910,"E92000001","E19000001","E18000002","","E08000001","E05000660"
"BL6 6PF",10,365188,410740,"E92000001","E19000001","E18000002","","E08000001","E05000661"
"BL6 6PG",10,364238,410023,"E92000001","E19000001","E18000002","","E08000001","E05000660"
"BL6 6PH",10,364778,411521,"E92000001","E19000001","E18000002","","E08000001","E05000661"
"BL6 6PJ",10,364798,411557,"E92000001","E19000001","E18000002","","E08000001","E05000661"
"BL6 6PP",10,365704,411607,"E92000001","E19000001","E18000002","","E08000001","E05000661"
"BL6 6PQ",10,364383,410423,"E92000001","E19000001","E18000002","","E08000001","E05000660"
"BL6 6PR",10,367126,412276,"E92000001","E19000001","E18000002","","E08000001","E05000661"
"BL6 6PS",10,366027,411265,"E92000001","E19000001","E18000002","","E08000001","E05000661"
"BL6 6PT",10,366220,411201,"E92000001","E19000001","E18000002","","E08000001","E05000661"
"BL6 6PU",10,366423,411147,"E92000001","E19000001","E18000002","","E08000001","E05000661"
"BL6 6PW",10,366548,412002,"E92000001","E19000001","E18000002","","E08000001","E05000661"
"BL6 6PX",10,366409,411104,"E92000001","E19000001","E18000002","","E08000001","E05000661"
"BL6 6PY",10,366594,411089,"E92000001","E19000001","E18000002","","E08000001","E05000661"
"BL6 6PZ",10,367080,411131,"E92000001","E19000001","E18000002","","E08000001","E05000666"
"BL6 6QA",10,367148,411181,"E92000001","E19000001","E18000002","","E08000001","E05000666"
"BL6 6QB",10,366556,411043,"E92000001","E19000001","E18000002","","E08000001","E05000661"
"BL6 6QD",10,366210,410865,"E92000001","E19000001","E18000002","","E08000001","E05000661"
"BL6 6QE",10,366179,411144,"E92000001","E19000001","E18000002","","E08000001","E05000661"
"BL6 6QF",10,366079,411165,"E92000001","E19000001","E18000002","","E08000001","E05000661"
"BL6 6QG",10,365988,411192,"E92000001","E19000001","E18000002","","E08000001","E05000661"
"BL6 6QH",10,365945,411306,"E92000001","E19000001","E18000002","","E08000001","E05000661"
"BL6 6QJ",10,365934,411162,"E92000001","E19000001","E18000002","","E08000001","E05000661"
"BL6 6QL",10,365931,411030,"E92000001","E19000001","E18000002","","E08000001","E05000661"
"BL6 6QN",10,365547,410791,"E92000001","E19000001","E18000002","","E08000001","E05000661"
"BL6 6QP",10,365664,410990,"E92000001","E19000001","E18000002","","E08000001","E05000661"
"BL6 6QQ",10,364560,410366,"E92000001","E19000001","E18000002","","E08000001","E05000660"
"BL6 6QR",10,365897,411143,"E92000001","E19000001","E18000002","","E08000001","E05000661"
"BL6 6QS",10,365856,411312,"E92000001","E19000001","E18000002","","E08000001","E05000661"
"BL6 6QT",10,365867,411153,"E92000001","E19000001","E18000002","","E08000001","E05000661"
"BL6 6QU",10,365777,411138,"E92000001","E19000001","E18000002","","E08000001","E05000661"
"BL6 6QW",10,365506,410706,"E92000001","E19000001","E18000002","","E08000001","E05000661"
"BL6 6QX",10,365715,411129,"E92000001","E19000001","E18000002","","E08000001","E05000661"
"BL6 6QY",10,365804,411216,"E92000001","E19000001","E18000002","","E08000001","E05000661"
"BL6 6QZ",10,365668,411217,"E92000001","E19000001","E18000002","","E08000001","E05000661"
"BL6 6RA",10,365592,411224,"E92000001","E19000001","E18000002","","E08000001","E05000661"
"BL6 6RB",10,365642,411294,"E92000001","E19000001","E18000002","","E08000001","E05000661"
"BL6 6RD",10,365568,411341,"E92000001","E19000001","E18000002","","E08000001","E05000661"
"BL6 6RE",10,365856,411368,"E92000001","E19000001","E18000002","","E08000001","E05000661"
"BL6 6RF",10,365063,411470,"E92000001","E19000001","E18000002","","E08000001","E05000661"
"BL6 6RG",10,365641,411329,"E92000001","E19000001","E18000002","","E08000001","E05000661"
"BL6 6RH",10,364810,410038,"E92000001","E19000001","E18000002","","E08000001","E05000660"
"BL6 6RJ",10,364891,409851,"E92000001","E19000001","E18000002","","E08000001","E05000660"
"BL6 6RL",10,364838,409915,"E92000001","E19000001","E18000002","","E08000001","E05000660"
"BL6 6RN",10,364786,410011,"E92000001","E19000001","E18000002","","E08000001","E05000660"
"BL6 6RP",10,365792,411311,"E92000001","E19000001","E18000002","","E08000001","E05000661"
"BL6 6RQ",10,364416,409316,"E92000001","E19000001","E18000002","","E08000001","E05000660"
"BL6 6RR",10,365702,411268,"E92000001","E19000001","E18000002","","E08000001","E05000661"
"BL6 6RS",10,365493,412175,"E92000001","E19000001","E18000002","","E08000001","E05000661"
"BL6 6RT",10,365324,412281,"E92000001","E19000001","E18000002","","E08000001","E05000661"
"BL6 6RU",10,364880,413169,"E92000001","E19000001","E18000002","","E08000001","E05000661"
"BL6 6RW",10,364565,411948,"E92000001","E19000001","E18000002","","E08000001","E05000661"
"BL6 6RX",10,364460,411741,"E92000001","E19000001","E18000002","","E08000001","E05000661"
"BL6 6RY",10,364585,411814,"E92000001","E19000001","E18000002","","E08000001","E05000661"
"BL6 6RZ",10,364601,411894,"E92000001","E19000001","E18000002","","E08000001","E05000661"
"BL6 6SA",10,364779,412297,"E92000001","E19000001","E18000002","","E08000001","E05000661"
"BL6 6SB",10,364818,412214,"E92000001","E19000001","E18000002","","E08000001","E05000661"
"BL6 6SD",10,365001,412326,"E92000001","E19000001","E18000002","","E08000001","E05000661"
"BL6 6SE",10,364794,412088,"E92000001","E19000001","E18000002","","E08000001","E05000661"
"BL6 6SF",10,364707,409390,"E92000001","E19000001","E18000002","","E08000001","E05000660"
"BL6 6SG",10,364856,410088,"E92000001","E19000001","E18000002","","E08000001","E05000660"
"BL6 6SH",10,364797,412464,"E92000001","E19000001","E18000002","","E08000001","E05000661"
"BL6 6SJ",10,364555,412396,"E92000001","E19000001","E18000002","","E08000001","E05000661"
"BL6 6SL",10,366073,414522,"E92000001","E19000001","E18000002","E10000017","E07000118","E05013064"
"BL6 6SN",10,364832,410144,"E92000001","E19000001","E18000002","","E08000001","E05000660"
"BL6 6SP",10,365128,412261,"E92000001","E19000001","E18000002","","E08000001","E05000661"
"BL6 6SQ",10,364659,410248,"E92000001","E19000001","E18000002","","E08000001","E05000660"
"BL6 6SR",10,364717,410050,"E92000001","E19000001","E18000002","","E08000001","E05000660"
"BL6 6SS",10,364598,410170,"E92000001","E19000001","E18000002","","E08000001","E05000660"
"BL6 6SU",10,364178,410073,"E92000001","E19000001","E18000002","","E08000001","E05000660"
"BL6 6SX",10,364213,410094,"E92000001","E19000001","E18000002","","E08000001","E05000660"
"BL6 6SY",10,364869,409680,"E92000001","E19000001","E18000002","","E08000001","E05000660"
"BL6 6TA",10,365398,410423,"E92000001","E19000001","E18000002","","E08000001","E05000661"
"BL6 6TB",10,365456,410425,"E92000001","E19000001","E18000002","","E08000001","E05000661"
"BL6 6TD",10,365432,410496,"E92000001","E19000001","E18000002","","E08000001","E05000661"
"BL6 6TE",10,365501,410427,"E92000001","E19000001","E18000002","","E08000001","E05000661"
"BL6 6TF",10,365319,410563,"E92000001","E19000001","E18000002","","E08000001","E05000661"
"BL6 6TH",10,365329,410339,"E92000001","E19000001","E18000002","","E08000001","E05000661"
"BL6 6TJ",10,365425,411774,"E92000001","E19000001","E18000002","","E08000001","E05000661"
"BL6 6TL",10,365302,411796,"E92000001","E19000001","E18000002","","E08000001","E05000661"
"BL6 6TN",10,365373,411752,"E92000001","E19000001","E18000002","","E08000001","E05000661"
"BL6 6TQ",10,365361,411823,"E92000001","E19000001","E18000002","","E08000001","E05000661"
"BL6 6TR",10,365383,411811,"E92000001","E19000001","E18000002","","E08000001","E05000661"
"BL6 6TS",10,365289,411845,"E92000001","E19000001","E18000002","","E08000001","E05000661"
"BL6 6TT",10,365359,411858,"E92000001","E19000001","E18000002","","E08000001","E05000661"
"BL6 6TU",10,364818,410469,"E92000001","E19000001","E18000002","","E08000001","E05000661"
"BL6 6TZ",10,364888,410294,"E92000001","E19000001","E18000002","","E08000001","E05000660"
"BL6 6XX",10,364423,410315,"E92000001","E19000001","E18000002","","E08000001","E05000660"
"BL6 6YT",10,364423,410315,"E92000001","E19000001","E18000002","","E08000001","E05000660"
"BL6 6ZE",10,364423,410315,"E92000001","E19000001","E18000002","","E08000001","E05000660"
"BL6 7AA",10,363911,411544,"E92000001","E19000001","E18000002","","E08000001","E05000660"
"BL6 7AD",10,363894,411564,"E92000001","E19000001","E18000002","","E08000001","E05000660"
"BL6 7AE",10,363894,411683,"E92000001","E19000001","E18000002","","E08000001","E05000660"
"BL6 7AF",10,363695,411770,"E92000001","E19000001","E18000002","","E08000001","E05000660"
"BL6 7AG",10,363729,411792,"E92000001","E19000001","E18000002","","E08000001","E05000661"
"BL6 7AH",10,363916,411525,"E92000001","E19000001","E18000002","","E08000001","E05000660"
"BL6 7AJ",10,363754,411839,"E92000001","E19000001","E18000002","","E08000001","E05000661"
"BL6 7AL",10,363772,411875,"E92000001","E19000001","E18000002","","E08000001","E05000661"
"BL6 7AN",10,363645,411873,"E92000001","E19000001","E18000002","","E08000001","E05000661"
"BL6 7AP",10,363931,411900,"E92000001","E19000001","E18000002","","E08000001","E05000661"
"BL6 7AQ",10,363766,411776,"E92000001","E19000001","E18000002","","E08000001","E05000661"
"BL6 7AR",10,363823,411758,"E92000001","E19000001","E18000002","","E08000001","E05000661"
"BL6 7AS",10,363850,411786,"E92000001","E19000001","E18000002","","E08000001","E05000661"
"BL6 7AT",10,363920,411787,"E92000001","E19000001","E18000002","","E08000001","E05000661"
"BL6 7AU",10,363896,411716,"E92000001","E19000001","E18000002","","E08000001","E05000661"
"BL6 7AW",10,363863,411819,"E92000001","E19000001","E18000002","","E08000001","E05000661"
"BL6 7AX",10,363964,411633,"E92000001","E19000001","E18000002","","E08000001","E05000661"
"BL6 7AY",10,363979,411604,"E92000001","E19000001","E18000002","","E08000001","E05000661"
"BL6 7BA",10,364020,411636,"E92000001","E19000001","E18000002","","E08000001","E05000661"
"BL6 7BD",10,364098,411542,"E92000001","E19000001","E18000002","","E08000001","E05000661"
"BL6 7BE",10,364210,411747,"E92000001","E19000001","E18000002","","E08000001","E05000661"
"BL6 7BF",10,364130,411640,"E92000001","E19000001","E18000002","","E08000001","E05000661"
"BL6 7BG",10,364019,411684,"E92000001","E19000001","E18000002","","E08000001","E05000661"
"BL6 7BH",10,364289,411744,"E92000001","E19000001","E18000002","","E08000001","E05000661"
"BL6 7BJ",10,364230,411715,"E92000001","E19000001","E18000002","","E08000001","E05000661"
"BL6 7BL",10,364112,411665,"E92000001","E19000001","E18000002","","E08000001","E05000661"
"BL6 7BP",10,364009,411565,"E92000001","E19000001","E18000002","","E08000001","E05000661"
"BL6 7BQ",10,364066,411723,"E92000001","E19000001","E18000002","","E08000001","E05000661"
"BL6 7BR",10,364084,411544,"E92000001","E19000001","E18000002","","E08000001","E05000661"
"BL6 7BT",10,364253,411593,"E92000001","E19000001","E18000002","","E08000001","E05000661"
"BL6 7BW",10,364272,412432,"E92000001","E19000001","E18000002","","E08000001","E05000661"
"BL6 7BX",10,364057,411486,"E92000001","E19000001","E18000002","","E08000001","E05000660"
"BL6 7BY",10,363996,411540,"E92000001","E19000001","E18000002","","E08000001","E05000660"
"BL6 7DB",10,364051,411594,"E92000001","E19000001","E18000002","","E08000001","E05000661"
"BL6 7DD",10,364035,411851,"E92000001","E19000001","E18000002","","E08000001","E05000661"
"BL6 7DE",10,364240,412369,"E92000001","E19000001","E18000002","","E08000001","E05000661"
"BL6 7DF",10,364261,412242,"E92000001","E19000001","E18000002","","E08000001","E05000661"
"BL6 7DG",10,364311,412182,"E92000001","E19000001","E18000002","","E08000001","E05000661"
"BL6 7DH",10,363970,411677,"E92000001","E19000001","E18000002","","E08000001","E05000661"
"BL6 7DJ",10,363961,411744,"E92000001","E19000001","E18000002","","E08000001","E05000661"
"BL6 7DL",10,363973,411847,"E92000001","E19000001","E18000002","","E08000001","E05000661"
"BL6 7DN",10,363947,411719,"E92000001","E19000001","E18000002","","E08000001","E05000661"
"BL6 7DP",10,364030,411879,"E92000001","E19000001","E18000002","","E08000001","E05000661"
"BL6 7DQ",10,364301,412234,"E92000001","E19000001","E18000002","","E08000001","E05000661"
"BL6 7DR",10,364052,411867,"E92000001","E19000001","E18000002","","E08000001","E05000661"
"BL6 7DS",10,364077,411961,"E92000001","E19000001","E18000002","","E08000001","E05000661"
"BL6 7DT",10,364103,412090,"E92000001","E19000001","E18000002","","E08000001","E05000661"
"BL6 7DU",10,364064,412001,"E92000001","E19000001","E18000002","","E08000001","E05000661"
"BL6 7DW",10,363993,411779,"E92000001","E19000001","E18000002","","E08000001","E05000661"
"BL6 7DX",10,364039,412108,"E92000001","E19000001","E18000002","","E08000001","E05000661"
"BL6 7DY",10,364007,412107,"E92000001","E19000001","E18000002","","E08000001","E05000661"
"BL6 7DZ",10,364010,412242,"E92000001","E19000001","E18000002","","E08000001","E05000661"
"BL6 7EA",10,364030,412263,"E92000001","E19000001","E18000002","","E08000001","E05000661"
"BL6 7EB",10,364144,412133,"E92000001","E19000001","E18000002","","E08000001","E05000661"
"BL6 7ED",10,364154,412043,"E92000001","E19000001","E18000002","","E08000001","E05000661"
"BL6 7EE",10,364192,412002,"E92000001","E19000001","E18000002","","E08000001","E05000661"
"BL6 7EF",10,364261,412019,"E92000001","E19000001","E18000002","","E08000001","E05000661"
"BL6 7EG",10,364128,411948,"E92000001","E19000001","E18000002","","E08000001","E05000661"
"BL6 7EH",10,364178,411913,"E92000001","E19000001","E18000002","","E08000001","E05000661"
"BL6 7EJ",10,364107,411860,"E92000001","E19000001","E18000002","","E08000001","E05000661"
"BL6 7EL",10,364315,411977,"E92000001","E19000001","E18000002","","E08000001","E05000661"
"BL6 7EN",10,364304,411922,"E92000001","E19000001","E18000002","","E08000001","E05000661"
"BL6 7EP",10,364437,412061,"E92000001","E19000001","E18000002","","E08000001","E05000661"
"BL6 7EQ",10,364161,412007,"E92000001","E19000001","E18000002","","E08000001","E05000661"
"BL6 7ER",10,364424,412095,"E92000001","E19000001","E18000002","","E08000001","E05000661"
"BL6 7ES",10,364410,411996,"E92000001","E19000001","E18000002","","E08000001","E05000661"
"BL6 7ET",10,364516,411920,"E92000001","E19000001","E18000002","","E08000001","E05000661"
"BL6 7EU",10,364369,411920,"E92000001","E19000001","E18000002","","E08000001","E05000661"
"BL6 7EW",10,364386,412007,"E92000001","E19000001","E18000002","","E08000001","E05000661"
"BL6 7EX",10,364452,411894,"E92000001","E19000001","E18000002","","E08000001","E05000661"
"BL6 7EY",10,364388,411831,"E92000001","E19000001","E18000002","","E08000001","E05000661"
"BL6 7EZ",10,364363,411759,"E92000001","E19000001","E18000002","","E08000001","E05000661"
"BL6 7FL",10,364059,411455,"E92000001","E19000001","E18000002","","E08000001","E05000660"
"BL6 7FN",10,363796,411912,"E92000001","E19000001","E18000002","","E08000001","E05000661"
"BL6 7FP",10,363691,411519,"E92000001","E19000001","E18000002","","E08000001","E05000660"
"BL6 7FQ",10,363671,411550,"E92000001","E19000001","E18000002","","E08000001","E05000660"
"BL6 7FR",10,363446,411444,"E92000001","E19000001","E18000002","","E08000001","E05000660"
"BL6 7HA",10,364347,411728,"E92000001","E19000001","E18000002","","E08000001","E05000661"
"BL6 7HB",10,364349,411846,"E92000001","E19000001","E18000002","","E08000001","E05000661"
"BL6 7HD",10,364320,411883,"E92000001","E19000001","E18000002","","E08000001","E05000661"
"BL6 7HE",10,364366,411678,"E92000001","E19000001","E18000002","","E08000001","E05000661"
"BL6 7HF",10,364323,411664,"E92000001","E19000001","E18000002","","E08000001","E05000661"
"BL6 7HG",10,364299,411866,"E92000001","E19000001","E18000002","","E08000001","E05000661"
"BL6 7HH",10,364286,411826,"E92000001","E19000001","E18000002","","E08000001","E05000661"
"BL6 7HJ",10,364168,411811,"E92000001","E19000001","E18000002","","E08000001","E05000661"
"BL6 7HL",10,364196,411848,"E92000001","E19000001","E18000002","","E08000001","E05000661"
"BL6 7HN",10,364379,412132,"E92000001","E19000001","E18000002","","E08000001","E05000661"
"BL6 7HP",10,364116,412243,"E92000001","E19000001","E18000002","","E08000001","E05000661"
"BL6 7HQ",10,364260,411867,"E92000001","E19000001","E18000002","","E08000001","E05000661"
"BL6 7HR",10,364202,412230,"E92000001","E19000001","E18000002","","E08000001","E05000661"
"BL6 7HS",10,364477,411927,"E92000001","E19000001","E18000002","","E08000001","E05000661"
"BL6 7HU",10,363868,411644,"E92000001","E19000001","E18000002","","E08000001","E05000660"
"BL6 7HW",10,364279,412090,"E92000001","E19000001","E18000002","","E08000001","E05000661"
"BL6 7HX",10,363868,411601,"E92000001","E19000001","E18000002","","E08000001","E05000660"
"BL6 7HY",10,363741,411721,"E92000001","E19000001","E18000002","","E08000001","E05000660"
"BL6 7HZ",10,363626,411769,"E92000001","E19000001","E18000002","","E08000001","E05000660"
"BL6 7JB",10,363828,411436,"E92000001","E19000001","E18000002","","E08000001","E05000660"
"BL6 7JD",10,363607,411849,"E92000001","E19000001","E18000002","","E08000001","E05000661"
"BL6 7JE",10,363590,411823,"E92000001","E19000001","E18000002","","E08000001","E05000660"
"BL6 7JF",10,363488,411844,"E92000001","E19000001","E18000002","","E08000001","E05000660"
"BL6 7JG",10,363534,411770,"E92000001","E19000001","E18000002","","E08000001","E05000660"
"BL6 7JH",10,363521,411818,"E92000001","E19000001","E18000002","","E08000001","E05000660"
"BL6 7JJ",10,363512,411876,"E92000001","E19000001","E18000002","","E08000001","E05000661"
"BL6 7JL",10,363433,411906,"E92000001","E19000001","E18000002","","E08000001","E05000661"
"BL6 7JN",10,363488,411933,"E92000001","E19000001","E18000002","","E08000001","E05000661"
"BL6 7JR",10,363604,411877,"E92000001","E19000001","E18000002","","E08000001","E05000661"
"BL6 7JS",10,363642,411916,"E92000001","E19000001","E18000002","","E08000001","E05000661"
"BL6 7JT",10,363533,411953,"E92000001","E19000001","E18000002","","E08000001","E05000661"
"BL6 7JU",10,363449,411997,"E92000001","E19000001","E18000002","","E08000001","E05000661"
"BL6 7JW",10,363496,411910,"E92000001","E19000001","E18000002","","E08000001","E05000661"
"BL6 7JX",10,363476,412013,"E92000001","E19000001","E18000002","","E08000001","E05000661"
"BL6 7JY",10,363537,412001,"E92000001","E19000001","E18000002","","E08000001","E05000661"
"BL6 7JZ",10,363677,411985,"E92000001","E19000001","E18000002","","E08000001","E05000661"
"BL6 7LA",10,363768,411923,"E92000001","E19000001","E18000002","","E08000001","E05000661"
"BL6 7LB",10,363683,412009,"E92000001","E19000001","E18000002","","E08000001","E05000661"
"BL6 7LD",10,363556,412054,"E92000001","E19000001","E18000002","","E08000001","E05000661"
"BL6 7LE",10,363468,412055,"E92000001","E19000001","E18000002","","E08000001","E05000661"
"BL6 7LF",10,363461,412108,"E92000001","E19000001","E18000002","","E08000001","E05000661"
"BL6 7LG",10,363603,412168,"E92000001","E19000001","E18000002","","E08000001","E05000661"
"BL6 7LJ",10,363816,412326,"E92000001","E19000001","E18000002","","E08000001","E05000661"
"BL6 7LL",10,363658,412182,"E92000001","E19000001","E18000002","","E08000001","E05000661"
"BL6 7LN",10,363729,412178,"E92000001","E19000001","E18000002","","E08000001","E05000661"
"BL6 7LP",10,363676,412084,"E92000001","E19000001","E18000002","","E08000001","E05000661"
"BL6 7LQ",10,363572,412306,"E92000001","E19000001","E18000002","","E08000001","E05000661"
"BL6 7LR",10,363919,412318,"E92000001","E19000001","E18000002","","E08000001","E05000661"
"BL6 7LS",10,363837,412293,"E92000001","E19000001","E18000002","","E08000001","E05000661"
"BL6 7LT",10,363729,412264,"E92000001","E19000001","E18000002","","E08000001","E05000661"
"BL6 7LU",10,363807,412364,"E92000001","E19000001","E18000002","","E08000001","E05000661"
"BL6 7LW",10,363787,412227,"E92000001","E19000001","E18000002","","E08000001","E05000661"
"BL6 7LX",10,363958,412395,"E92000001","E19000001","E18000002","","E08000001","E05000661"
"BL6 7LY",10,364013,412453,"E92000001","E19000001","E18000002","","E08000001","E05000661"
"BL6 7LZ",10,363978,412329,"E92000001","E19000001","E18000002","","E08000001","E05000661"
"BL6 7NA",10,363943,412294,"E92000001","E19000001","E18000002","","E08000001","E05000661"
"BL6 7NB",10,363806,412220,"E92000001","E19000001","E18000002","","E08000001","E05000661"
"BL6 7ND",10,363713,412054,"E92000001","E19000001","E18000002","","E08000001","E05000661"
"BL6 7NE",10,363965,412486,"E92000001","E19000001","E18000002","","E08000001","E05000661"
"BL6 7NF",10,363958,412435,"E92000001","E19000001","E18000002","","E08000001","E05000661"
"BL6 7NG",10,363887,412470,"E92000001","E19000001","E18000002","","E08000001","E05000661"
"BL6 7NH",10,363690,411848,"E92000001","E19000001","E18000002","","E08000001","E05000661"
"BL6 7NJ",10,364105,412355,"E92000001","E19000001","E18000002","","E08000001","E05000661"
"BL6 7NL",10,363850,412428,"E92000001","E19000001","E18000002","","E08000001","E05000661"
"BL6 7NN",10,364088,412299,"E92000001","E19000001","E18000002","","E08000001","E05000661"
"BL6 7NP",10,363844,411550,"E92000001","E19000001","E18000002","","E08000001","E05000660"
"BL6 7NQ",10,363905,412420,"E92000001","E19000001","E18000002","","E08000001","E05000661"
"BL6 7NR",10,363802,411540,"E92000001","E19000001","E18000002","","E08000001","E05000660"
"BL6 7NS",10,363772,411513,"E92000001","E19000001","E18000002","","E08000001","E05000660"
"BL6 7NT",10,363822,411499,"E92000001","E19000001","E18000002","","E08000001","E05000660"
"BL6 7NW",10,364102,412441,"E92000001","E19000001","E18000002","","E08000001","E05000661"
"BL6 7NX",10,363847,411488,"E92000001","E19000001","E18000002","","E08000001","E05000660"
"BL6 7NY",10,363914,411484,"E92000001","E19000001","E18000002","","E08000001","E05000660"
"BL6 7NZ",10,363789,411426,"E92000001","E19000001","E18000002","","E08000001","E05000660"
"BL6 7PA",10,363782,411461,"E92000001","E19000001","E18000002","","E08000001","E05000660"
"BL6 7PB",10,363830,411390,"E92000001","E19000001","E18000002","","E08000001","E05000660"
"BL6 7PD",10,363800,411346,"E92000001","E19000001","E18000002","","E08000001","E05000660"
"BL6 7PE",10,364180,412520,"E92000001","E19000001","E18000002","","E08000001","E05000661"
"BL6 7PF",10,363696,411565,"E92000001","E19000001","E18000002","","E08000001","E05000660"
"BL6 7PH",10,363702,411473,"E92000001","E19000001","E18000002","","E08000001","E05000660"
"BL6 7PJ",10,363749,411386,"E92000001","E19000001","E18000002","","E08000001","E05000660"
"BL6 7PN",10,363796,411405,"E92000001","E19000001","E18000002","","E08000001","E05000660"
"BL6 7PP",10,363756,411497,"E92000001","E19000001","E18000002","","E08000001","E05000660"
"BL6 7PQ",10,363811,411454,"E92000001","E19000001","E18000002","","E08000001","E05000660"
"BL6 7PS",10,363833,411700,"E92000001","E19000001","E18000002","","E08000001","E05000660"
"BL6 7PT",10,363992,411958,"E92000001","E19000001","E18000002","","E08000001","E05000661"
"BL6 7PX",10,364032,412310,"E92000001","E19000001","E18000002","","E08000001","E05000661"
"BL6 7PZ",10,363583,411795,"E92000001","E19000001","E18000002","","E08000001","E05000660"
"BL6 7QA",10,363544,411668,"E92000001","E19000001","E18000002","","E08000001","E05000660"
"BL6 7QB",10,363477,411706,"E92000001","E19000001","E18000002","","E08000001","E05000660"
"BL6 7QE",10,363329,411927,"E92000001","E19000001","E18000002","","E08000001","E05000660"
"BL6 7QF",10,363291,412051,"E92000001","E19000001","E18000002","","E08000001","E05000661"
"BL6 7QG",10,363336,412076,"E92000001","E19000001","E18000002","","E08000001","E05000661"
"BL6 7QH",10,363427,411788,"E92000001","E19000001","E18000002","","E08000001","E05000660"
"BL6 7QJ",10,363456,411806,"E92000001","E19000001","E18000002","","E08000001","E05000660"
"BL6 7QL",10,363375,411763,"E92000001","E19000001","E18000002","","E08000001","E05000660"
"BL6 7QN",10,363261,411577,"E92000001","E19000001","E18000002","","E08000001","E05000660"
"BL6 7QP",10,363055,411471,"E92000001","E19000001","E18000002","","E08000001","E05000660"
"BL6 7QQ",10,363394,411919,"E92000001","E19000001","E18000002","","E08000001","E05000661"
"BL6 7QR",10,363047,411308,"E92000001","E19000001","E18000002","","E08000001","E05000660"
"BL6 7QS",10,362911,411356,"E92000001","E19000001","E18000002","","E08000001","E05000660"
"BL6 7QT",10,362982,411260,"E92000001","E19000001","E18000002","","E08000001","E05000660"
"BL6 7QU",10,362975,411163,"E92000001","E19000001","E18000002","","E08000001","E05000660"
"BL6 7QW",10,363125,411459,"E92000001","E19000001","E18000002","","E08000001","E05000660"
"BL6 7QX",10,363139,411425,"E92000001","E19000001","E18000002","","E08000001","E05000660"
"BL6 7QY",10,363251,411459,"E92000001","E19000001","E18000002","","E08000001","E05000660"
"BL6 7QZ",10,363418,411467,"E92000001","E19000001","E18000002","","E08000001","E05000660"
"BL6 7RA",10,363362,411525,"E92000001","E19000001","E18000002","","E08000001","E05000660"
"BL6 7RB",10,363610,411684,"E92000001","E19000001","E18000002","","E08000001","E05000660"
"BL6 7RE",10,362919,411264,"E92000001","E19000001","E18000002","","E08000001","E05000660"
"BL6 7RF",10,363001,411412,"E92000001","E19000001","E18000002","","E08000001","E05000660"
"BL6 7RH",10,363105,411992,"E92000001","E19000001","E18000002","E10000017","E07000118","E05013064"
"BL6 7RL",10,364103,412531,"E92000001","E19000001","E18000002","","E08000001","E05000661"
"BL6 7RN",10,363100,412037,"E92000001","E19000001","E18000002","E10000017","E07000118","E05013064"
"BL6 7RP",10,363959,412578,"E92000001","E19000001","E18000002","","E08000001","E05000661"
"BL6 7RQ",10,364141,412528,"E92000001","E19000001","E18000002","","E08000001","E05000661"
"BL6 7RR",10,363035,411966,"E92000001","E19000001","E18000002","E10000017","E07000118","E05013064"
"BL6 7RT",10,363284,412443,"E92000001","E19000001","E18000002","E10000017","E07000118","E05013064"
"BL6 7RU",10,363763,412782,"E92000001","E19000001","E18000002","E10000017","E07000118","E05013064"
"BL6 7RW",10,362723,412276,"E92000001","E19000001","E18000002","E10000017","E07000118","E05013064"
"BL6 7RX",10,363517,413049,"E92000001","E19000001","E18000002","E10000017","E07000118","E05013064"
"BL6 7RY",10,363430,413189,"E92000001","E19000001","E18000002","E10000017","E07000118","E05013064"
"BL6 7RZ",10,363080,413563,"E92000001","E19000001","E18000002","E10000017","E07000118","E05013064"
"BL6 7SA",10,363436,413550,"E92000001","E19000001","E18000002","E10000017","E07000118","E05013064"
"BL6 7SB",10,362915,414219,"E92000001","E19000001","E18000002","E10000017","E07000118","E05013064"
"BL6 7SD",10,362824,414555,"E92000001","E19000001","E18000002","E10000017","E07000118","E05013064"
"BL6 7SE",10,362458,414412,"E92000001","E19000001","E18000002","E10000017","E07000118","E05013064"
"BL6 7SH",10,362701,415185,"E92000001","E19000001","E18000002","E10000017","E07000118","E05013064"
"BL6 7SJ",10,363220,415563,"E92000001","E19000001","E18000002","E10000017","E07000118","E05013064"
"BL6 7SL",10,362688,414462,"E92000001","E19000001","E18000002","E10000017","E07000118","E05013064"
"BL6 7SP",10,362741,414430,"E92000001","E19000001","E18000002","E10000017","E07000118","E05013064"
"BL6 7TA",10,363388,411736,"E92000001","E19000001","E18000002","","E08000001","E05000660"
"BL6 7TB",10,363465,411599,"E92000001","E19000001","E18000002","","E08000001","E05000660"
"BL6 7TD",10,363427,411691,"E92000001","E19000001","E18000002","","E08000001","E05000660"
"BL6 7TE",10,363413,411754,"E92000001","E19000001","E18000002","","E08000001","E05000660"
"BL6 7TG",10,363992,411585,"E92000001","E19000001","E18000002","","E08000001","E05000661"
"BL6 7TH",10,363626,411632,"E92000001","E19000001","E18000002","","E08000001","E05000660"
"BL6 7TJ",10,363629,411657,"E92000001","E19000001","E18000002","","E08000001","E05000660"
"BL6 7TL",10,363661,411631,"E92000001","E19000001","E18000002","","E08000001","E05000660"
"BL6 7TN",10,363611,411727,"E92000001","E19000001","E18000002","","E08000001","E05000660"
"BL6 7TP",10,363682,411685,"E92000001","E19000001","E18000002","","E08000001","E05000660"
"BL6 7TR",10,363644,411736,"E92000001","E19000001","E18000002","","E08000001","E05000660"
"BL6 7TS",10,363814,411613,"E92000001","E19000001","E18000002","","E08000001","E05000660"
"BL6 7TT",10,363765,411611,"E92000001","E19000001","E18000002","","E08000001","E05000660"
"BL6 7TU",10,363709,411622,"E92000001","E19000001","E18000002","","E08000001","E05000660"
"BL6 7TW",10,363747,411684,"E92000001","E19000001","E18000002","","E08000001","E05000660"
"BL6 7TX",10,363748,411597,"E92000001","E19000001","E18000002","","E08000001","E05000660"
"BL6 9BN",10,364423,410315,"E92000001","E19000001","E18000002","","E08000001","E05000660"
"BL6 9BR",10,364423,410315,"E92000001","E19000001","E18000002","","E08000001","E05000660"
"BL6 9BS",10,364423,410315,"E92000001","E19000001","E18000002","","E08000001","E05000660"
"BL6 9DD",10,364423,410315,"E92000001","E19000001","E18000002","","E08000001","E05000660"
"BL6 9DH",10,364423,410315,"E92000001","E19000001","E18000002","","E08000001","E05000660"
"BL6 9DJ",10,364423,410315,"E92000001","E19000001","E18000002","","E08000001","E05000660"
"BL6 9DL",10,364423,410315,"E92000001","E19000001","E18000002","","E08000001","E05000660"
"BL6 9DN",10,364423,410315,"E92000001","E19000001","E18000002","","E08000001","E05000660"
"BL6 9DQ",10,364423,410315,"E92000001","E19000001","E18000002","","E08000001","E05000660"
"BL6 9DR",10,364423,410315,"E92000001","E19000001","E18000002","","E08000001","E05000660"
"BL6 9DS",10,364423,410315,"E92000001","E19000001","E18000002","","E08000001","E05000660"
"BL6 9DT",10,364423,410315,"E92000001","E19000001","E18000002","","E08000001","E05000660"
"BL6 9ED",10,364423,410315,"E92000001","E19000001","E18000002","","E08000001","E05000660"
"BL6 9EH",10,364423,410315,"E92000001","E19000001","E18000002","","E08000001","E05000660"
"BL6 9EU",10,364423,410315,"E92000001","E19000001","E18000002","","E08000001","E05000660"
"BL6 9FB",10,364423,410315,"E92000001","E19000001","E18000002","","E08000001","E05000660"
"BL6 9FJ",10,364423,410315,"E92000001","E19000001","E18000002","","E08000001","E05000660"
"BL6 9GY",10,364423,410315,"E92000001","E19000001","E18000002","","E08000001","E05000660"
"BL6 9HL",10,364423,410315,"E92000001","E19000001","E18000002","","E08000001","E05000660"
"BL6 9HW",10,364423,410315,"E92000001","E19000001","E18000002","","E08000001","E05000660"
"BL6 9HX",10,364423,410315,"E92000001","E19000001","E18000002","","E08000001","E05000660"
"BL6 9HY",10,364423,410315,"E92000001","E19000001","E18000002","","E08000001","E05000660"
"BL6 9JB",10,364423,410315,"E92000001","E19000001","E18000002","","E08000001","E05000660"
"BL6 9JQ",10,364423,410315,"E92000001","E19000001","E18000002","","E08000001","E05000660"
"BL6 9JR",10,364423,410315,"E92000001","E19000001","E18000002","","E08000001","E05000660"
"BL6 9JS",10,364423,410315,"E92000001","E19000001","E18000002","","E08000001","E05000660"
"BL6 9JT",10,364423,410315,"E92000001","E19000001","E18000002","","E08000001","E05000660"
"BL6 9JU",10,364423,410315,"E92000001","E19000001","E18000002","","E08000001","E05000660"
"BL6 9JX",10,364423,410315,"E92000001","E19000001","E18000002","","E08000001","E05000660"
"BL6 9LE",10,364423,410315,"E92000001","E19000001","E18000002","","E08000001","E05000660"
"BL6 9LG",10,364423,410315,"E92000001","E19000001","E18000002","","E08000001","E05000660"
"BL6 9LH",10,364423,410315,"E92000001","E19000001","E18000002","","E08000001","E05000660"
"BL6 9LL",10,364423,410315,"E92000001","E19000001","E18000002","","E08000001","E05000660"
"BL7 0AA",10,373965,416077,"E92000001","E19000001","E18000002","","E06000008","E05011524"
"BL7 0AB",10,373886,416096,"E92000001","E19000001","E18000002","","E06000008","E05011524"
"BL7 0AD",10,373916,416111,"E92000001","E19000001","E18000002","","E06000008","E05011524"
"BL7 0AE",10,373932,416148,"E92000001","E19000001","E18000002","","E06000008","E05011524"
"BL7 0AF",10,373849,416266,"E92000001","E19000001","E18000002","","E06000008","E05011524"
"BL7 0AG",10,373914,416202,"E92000001","E19000001","E18000002","","E06000008","E05011524"
"BL7 0AH",10,373955,416345,"E92000001","E19000001","E18000002","","E06000008","E05011524"
"BL7 0AJ",10,374055,416356,"E92000001","E19000001","E18000002","","E06000008","E05011524"
"BL7 0AL",10,374041,416431,"E92000001","E19000001","E18000002","","E06000008","E05011524"
"BL7 0AN",10,374053,416447,"E92000001","E19000001","E18000002","","E06000008","E05011524"
"BL7 0AP",10,374099,416591,"E92000001","E19000001","E18000002","","E06000008","E05011524"
"BL7 0AQ",10,373933,416355,"E92000001","E19000001","E18000002","","E06000008","E05011524"
"BL7 0AR",10,374332,416632,"E92000001","E19000001","E18000002","","E06000008","E05011524"
"BL7 0AT",10,374299,416802,"E92000001","E19000001","E18000002","","E06000008","E05011524"
"BL7 0AU",10,374219,416760,"E92000001","E19000001","E18000002","","E06000008","E05011524"
"BL7 0AW",10,374048,416544,"E92000001","E19000001","E18000002","","E06000008","E05011524"
"BL7 0AX",10,374303,416848,"E92000001","E19000001","E18000002","","E06000008","E05011524"
"BL7 0AY",10,374206,416828,"E92000001","E19000001","E18000002","","E06000008","E05011524"
"BL7 0AZ",10,374116,416770,"E92000001","E19000001","E18000002","","E06000008","E05011524"
"BL7 0BA",10,374047,416891,"E92000001","E19000001","E18000002","","E06000008","E05011524"
"BL7 0BB",10,374049,416934,"E92000001","E19000001","E18000002","","E06000008","E05011524"
"BL7 0BD",10,373999,416911,"E92000001","E19000001","E18000002","","E06000008","E05011524"
"BL7 0BE",10,374048,416871,"E92000001","E19000001","E18000002","","E06000008","E05011524"
"BL7 0BF",10,373896,415800,"E92000001","E19000001","E18000002","","E06000008","E05011524"
"BL7 0BG",10,374119,416910,"E92000001","E19000001","E18000002","","E06000008","E05011524"
"BL7 0BH",10,374027,417014,"E92000001","E19000001","E18000002","","E06000008","E05011524"
"BL7 0BJ",10,374064,417019,"E92000001","E19000001","E18000002","","E06000008","E05011524"
"BL7 0BL",10,374204,417098,"E92000001","E19000001","E18000002","","E06000008","E05011524"
"BL7 0BN",10,374120,417052,"E92000001","E19000001","E18000002","","E06000008","E05011524"
"BL7 0BP",10,374372,417314,"E92000001","E19000001","E18000002","","E06000008","E05011524"
"BL7 0BQ",10,374293,417156,"E92000001","E19000001","E18000002","","E06000008","E05011524"
"BL7 0BR",10,374666,416212,"E92000001","E19000001","E18000002","","E06000008","E05011524"
"BL7 0BS",10,374403,416139,"E92000001","E19000001","E18000002","","E06000008","E05011524"
"BL7 0BT",10,374427,416339,"E92000001","E19000001","E18000002","","E06000008","E05011524"
"BL7 0BU",10,374445,415982,"E92000001","E19000001","E18000002","","E06000008","E05011524"
"BL7 0BW",10,374162,417203,"E92000001","E19000001","E18000002","","E06000008","E05011524"
"BL7 0BX",10,374453,415802,"E92000001","E19000001","E18000002","","E06000008","E05011524"
"BL7 0BY",10,374679,417620,"E92000001","E19000001","E18000002","","E06000008","E05011524"
"BL7 0BZ",10,375005,417068,"E92000001","E19000001","E18000002","","E06000008","E05011524"
"BL7 0DA",10,374837,416820,"E92000001","E19000001","E18000002","","E06000008","E05011524"
"BL7 0DB",10,374935,416760,"E92000001","E19000001","E18000002","","E06000008","E05011524"
"BL7 0DD",10,375298,417010,"E92000001","E19000001","E18000002","","E06000008","E05011524"
"BL7 0DE",10,374019,416564,"E92000001","E19000001","E18000002","","E06000008","E05011524"
"BL7 0DF",10,373961,416583,"E92000001","E19000001","E18000002","","E06000008","E05011524"
"BL7 0DG",10,373949,416689,"E92000001","E19000001","E18000002","","E06000008","E05011524"
"BL7 0DH",10,373954,416804,"E92000001","E19000001","E18000002","","E06000008","E05011524"
"BL7 0DJ",10,374050,416808,"E92000001","E19000001","E18000002","","E06000008","E05011524"
"BL7 0DL",10,373668,416252,"E92000001","E19000001","E18000002","","E06000008","E05011524"
"BL7 0DN",10,373966,416453,"E92000001","E19000001","E18000002","","E06000008","E05011524"
"BL7 0DP",10,373142,414847,"E92000001","E19000001","E18000002","","E06000008","E05011524"
"BL7 0DQ",10,373975,416640,"E92000001","E19000001","E18000002","","E06000008","E05011524"
"BL7 0DR",10,373907,416007,"E92000001","E19000001","E18000002","","E06000008","E05011524"
"BL7 0DS",10,373870,415857,"E92000001","E19000001","E18000002","","E06000008","E05011524"
"BL7 0DT",10,373917,415818,"E92000001","E19000001","E18000002","","E06000008","E05011524"
"BL7 0DU",10,374171,416773,"E92000001","E19000001","E18000002","","E06000008","E05011524"
"BL7 0DW",10,373915,416508,"E92000001","E19000001","E18000002","","E06000008","E05011524"
"BL7 0DX",10,373883,415722,"E92000001","E19000001","E18000002","","E06000008","E05011524"
"BL7 0DY",10,373820,415742,"E92000001","E19000001","E18000002","","E06000008","E05011524"
"BL7 0DZ",10,373852,415796,"E92000001","E19000001","E18000002","","E06000008","E05011524"
"BL7 0EA",10,373773,415811,"E92000001","E19000001","E18000002","","E06000008","E05011524"
"BL7 0EB",10,373708,415637,"E92000001","E19000001","E18000002","","E06000008","E05011524"
"BL7 0ED",10,374332,416780,"E92000001","E19000001","E18000002","","E06000008","E05011524"
"BL7 0EE",10,373644,415495,"E92000001","E19000001","E18000002","","E06000008","E05011524"
"BL7 0EF",10,373582,415640,"E92000001","E19000001","E18000002","","E06000008","E05011524"
"BL7 0EG",10,373439,415545,"E92000001","E19000001","E18000002","","E06000008","E05011524"
"BL7 0EH",10,373397,415561,"E92000001","E19000001","E18000002","","E06000008","E05011524"
"BL7 0EJ",10,373412,415381,"E92000001","E19000001","E18000002","","E06000008","E05011524"
"BL7 0EL",10,373365,415528,"E92000001","E19000001","E18000002","","E06000008","E05011524"
"BL7 0EN",10,373545,415738,"E92000001","E19000001","E18000002","","E06000008","E05011524"
"BL7 0EP",10,373784,415867,"E92000001","E19000001","E18000002","","E06000008","E05011524"
"BL7 0EQ",10,373370,415460,"E92000001","E19000001","E18000002","","E06000008","E05011524"
"BL7 0ER",10,373351,415750,"E92000001","E19000001","E18000002","","E06000008","E05011524"
"BL7 0ES",10,373384,415751,"E92000001","E19000001","E18000002","","E06000008","E05011524"
"BL7 0ET",10,373377,415762,"E92000001","E19000001","E18000002","","E06000008","E05011524"
"BL7 0EU",10,373363,415794,"E92000001","E19000001","E18000002","","E06000008","E05011524"
"BL7 0EW",10,373354,415706,"E92000001","E19000001","E18000002","","E06000008","E05011524"
"BL7 0EX",10,373315,415827,"E92000001","E19000001","E18000002","","E06000008","E05011524"
"BL7 0EY",10,373854,415915,"E92000001","E19000001","E18000002","","E06000008","E05011524"
"BL7 0EZ",10,373299,415805,"E92000001","E19000001","E18000002","","E06000008","E05011524"
"BL7 0FA",10,373344,415839,"E92000001","E19000001","E18000002","","E06000008","E05011524"
"BL7 0FR",10,373822,417080,"E92000001","E19000001","E18000002","","E06000008","E05011524"
"BL7 0FS",10,374307,416728,"E92000001","E19000001","E18000002","","E06000008","E05011524"
"BL7 0HA",10,373273,415672,"E92000001","E19000001","E18000002","","E06000008","E05011524"
"BL7 0HB",10,373026,415632,"E92000001","E19000001","E18000002","","E06000008","E05011524"
"BL7 0HE",10,372615,415850,"E92000001","E19000001","E18000002","","E06000008","E05011524"
"BL7 0HF",10,372359,414822,"E92000001","E19000001","E18000002","","E06000008","E05011524"
"BL7 0HG",10,373057,415220,"E92000001","E19000001","E18000002","","E06000008","E05011524"
"BL7 0HH",10,373178,414923,"E92000001","E19000001","E18000002","","E06000008","E05011524"
"BL7 0HJ",10,373363,414695,"E92000001","E19000001","E18000002","","E06000008","E05011524"
"BL7 0HL",10,373218,414648,"E92000001","E19000001","E18000002","","E06000008","E05011524"
"BL7 0HN",10,373518,414764,"E92000001","E19000001","E18000002","","E06000008","E05011524"
"BL7 0HP",10,374623,414610,"E92000001","E19000001","E18000002","","E08000001","E05000651"
"BL7 0HQ",10,373098,414924,"E92000001","E19000001","E18000002","","E06000008","E05011524"
"BL7 0HR",10,374641,414785,"E92000001","E19000001","E18000002","","E08000001","E05000651"
"BL7 0HS",10,374758,414941,"E92000001","E19000001","E18000002","","E08000001","E05000651"
"BL7 0HT",10,374729,414966,"E92000001","E19000001","E18000002","","E08000001","E05000651"
"BL7 0HU",10,374779,415363,"E92000001","E19000001","E18000002","","E06000008","E05011524"
"BL7 0HW",10,373954,414603,"E92000001","E19000001","E18000002","","E08000001","E05000651"
"BL7 0HX",10,374060,415436,"E92000001","E19000001","E18000002","","E06000008","E05011524"
"BL7 0HY",10,373996,416418,"E92000001","E19000001","E18000002","","E06000008","E05011524"
"BL7 0JA",10,373231,414757,"E92000001","E19000001","E18000002","","E06000008","E05011524"
"BL7 0JB",10,373068,415623,"E92000001","E19000001","E18000002","","E06000008","E05011524"
"BL7 0JD",10,374603,418103,"E92000001","E19000001","E18000002","","E06000008","E05011524"
"BL7 0JE",10,374545,417372,"E92000001","E19000001","E18000002","","E06000008","E05011524"
"BL7 0JF",10,374524,418051,"E92000001","E19000001","E18000002","","E06000008","E05011524"
"BL7 0JG",10,374680,418760,"E92000001","E19000001","E18000002","","E06000008","E05011524"
"BL7 0JH",10,374145,419809,"E92000001","E19000001","E18000002","","E06000008","E05011524"
"BL7 0JJ",10,374646,420089,"E92000001","E19000001","E18000002","","E06000008","E05011524"
"BL7 0JL",10,374701,420494,"E92000001","E19000001","E18000002","","E06000008","E05011524"
"BL7 0JN",10,374626,420990,"E92000001","E19000001","E18000002","","E06000008","E05011524"
"BL7 0JP",10,373814,420338,"E92000001","E19000001","E18000002","","E06000008","E05011524"
"BL7 0JQ",10,374623,419511,"E92000001","E19000001","E18000002","","E06000008","E05011524"
"BL7 0JR",10,374607,418171,"E92000001","E19000001","E18000002","","E06000008","E05011524"
"BL7 0JS",10,374664,418158,"E92000001","E19000001","E18000002","","E06000008","E05011524"
"BL7 0JT",10,374649,418318,"E92000001","E19000001","E18000002","","E06000008","E05011524"
"BL7 0JU",10,374651,418114,"E92000001","E19000001","E18000002","","E06000008","E05011524"
"BL7 0JW",10,373877,421569,"E92000001","E19000001","E18000002","","E06000008","E05011524"
"BL7 0JX",10,375355,418216,"E92000001","E19000001","E18000002","","E06000008","E05011524"
"BL7 0JY",10,374470,418336,"E92000001","E19000001","E18000002","","E06000008","E05011524"
"BL7 0JZ",10,373741,418660,"E92000001","E19000001","E18000002","","E06000008","E05011524"
"BL7 0LA",10,373805,417975,"E92000001","E19000001","E18000002","","E06000008","E05011524"
"BL7 0LB",10,374570,418087,"E92000001","E19000001","E18000002","","E06000008","E05011524"
"BL7 0LD",10,374486,418024,"E92000001","E19000001","E18000002","","E06000008","E05011524"
"BL7 0LE",10,372985,415695,"E92000001","E19000001","E18000002","","E06000008","E05011524"
"BL7 0LJ",10,373344,416157,"E92000001","E19000001","E18000002","","E06000008","E05011524"
"BL7 0LL",10,372816,416596,"E92000001","E19000001","E18000002","","E06000008","E05011524"
"BL7 0LN",10,372884,416807,"E92000001","E19000001","E18000002","","E06000008","E05011524"
"BL7 0LP",10,372954,417369,"E92000001","E19000001","E18000002","","E06000008","E05011524"
"BL7 0LR",10,372859,417489,"E92000001","E19000001","E18000002","","E06000008","E05011524"
"BL7 0LU",10,372542,417464,"E92000001","E19000001","E18000002","","E06000008","E05011524"
"BL7 0LW",10,373037,417235,"E92000001","E19000001","E18000002","","E06000008","E05011524"
"BL7 0LX",10,372698,417602,"E92000001","E19000001","E18000002","","E06000008","E05011524"
"BL7 0NA",10,373266,416045,"E92000001","E19000001","E18000002","","E06000008","E05011524"
"BL7 0NB",10,372923,416339,"E92000001","E19000001","E18000002","","E06000008","E05011524"
"BL7 0ND",10,372822,416565,"E92000001","E19000001","E18000002","","E06000008","E05011524"
"BL7 0NE",10,372615,416432,"E92000001","E19000001","E18000002","","E06000008","E05011524"
"BL7 0NF",10,372585,416801,"E92000001","E19000001","E18000002","","E06000008","E05011524"
"BL7 0NG",10,372672,417761,"E92000001","E19000001","E18000002","","E06000008","E05011524"
"BL7 0NH",10,372315,418121,"E92000001","E19000001","E18000002","","E06000008","E05011524"
"BL7 0NJ",10,371897,418779,"E92000001","E19000001","E18000002","","E06000008","E05011524"
"BL7 0NL",10,373397,415968,"E92000001","E19000001","E18000002","","E06000008","E05011524"
"BL7 0NQ",10,372230,418237,"E92000001","E19000001","E18000002","","E06000008","E05011524"
"BL7 0PA",10,373901,416461,"E92000001","E19000001","E18000002","","E06000008","E05011524"
"BL7 0PB",10,374082,416484,"E92000001","E19000001","E18000002","","E06000008","E05011524"
"BL7 0PD",10,373866,416824,"E92000001","E19000001","E18000002","","E06000008","E05011524"
"BL7 0PE",10,373947,416766,"E92000001","E19000001","E18000002","","E06000008","E05011524"
"BL7 0PF",10,373820,416942,"E92000001","E19000001","E18000002","","E06000008","E05011524"
"BL7 0PG",10,373761,417087,"E92000001","E19000001","E18000002","","E06000008","E05011524"
"BL7 0PH",10,373764,417250,"E92000001","E19000001","E18000002","","E06000008","E05011524"
"BL7 0PJ",10,373649,417267,"E92000001","E19000001","E18000002","","E06000008","E05011524"
"BL7 0PL",10,373662,417394,"E92000001","E19000001","E18000002","","E06000008","E05011524"
"BL7 0PN",10,373641,417375,"E92000001","E19000001","E18000002","","E06000008","E05011524"
"BL7 0PP",10,373597,417551,"E92000001","E19000001","E18000002","","E06000008","E05011524"
"BL7 0PQ",10,373802,417141,"E92000001","E19000001","E18000002","","E06000008","E05011524"
"BL7 0PR",10,373688,417598,"E92000001","E19000001","E18000002","","E06000008","E05011524"
"BL7 0PS",10,373542,417533,"E92000001","E19000001","E18000002","","E06000008","E05011524"
"BL7 0PT",10,373378,417442,"E92000001","E19000001","E18000002","","E06000008","E05011524"
"BL7 0PU",10,373524,417573,"E92000001","E19000001","E18000002","","E06000008","E05011524"
"BL7 0PW",10,373575,417483,"E92000001","E19000001","E18000002","","E06000008","E05011524"
"BL7 0PX",10,373295,418212,"E92000001","E19000001","E18000002","","E06000008","E05011524"
"BL7 0PY",10,373543,418425,"E92000001","E19000001","E18000002","","E06000008","E05011524"
"BL7 0PZ",10,372945,418567,"E92000001","E19000001","E18000002","","E06000008","E05011524"
"BL7 0QA",10,372706,418945,"E92000001","E19000001","E18000002","","E06000008","E05011524"
"BL7 0QB",10,372594,419026,"E92000001","E19000001","E18000002","","E06000008","E05011524"
"BL7 0QD",10,372576,419087,"E92000001","E19000001","E18000002","","E06000008","E05011524"
"BL7 0QE",10,373468,417861,"E92000001","E19000001","E18000002","","E06000008","E05011524"
"BL7 0QF",10,373158,418141,"E92000001","E19000001","E18000002","","E06000008","E05011524"
"BL7 0QG",10,374216,416877,"E92000001","E19000001","E18000002","","E06000008","E05011524"
"BL7 0QH",10,372370,419251,"E92000001","E19000001","E18000002","","E06000008","E05011524"
"BL7 0QJ",10,373688,417131,"E92000001","E19000001","E18000002","","E06000008","E05011524"
"BL7 0QN",10,374262,417186,"E92000001","E19000001","E18000002","","E06000008","E05011524"
"BL7 0QX",10,374048,416402,"E92000001","E19000001","E18000002","","E06000008","E05011524"
"BL7 0QY",10,373832,417007,"E92000001","E19000001","E18000002","","E06000008","E05011524"
"BL7 0QZ",10,373912,416959,"E92000001","E19000001","E18000002","","E06000008","E05011524"
"BL7 0RY",10,373294,415710,"E92000001","E19000001","E18000002","","E06000008","E05011524"
"BL7 0RZ",10,374047,415805,"E92000001","E19000001","E18000002","","E06000008","E05011524"
"BL7 8AA",10,367431,415866,"E92000001","E19000001","E18000002","","E06000008","E05011524"
"BL7 8AB",10,367406,415802,"E92000001","E19000001","E18000002","","E06000008","E05011524"
"BL7 8AD",10,367355,415874,"E92000001","E19000001","E18000002","","E06000008","E05011524"
"BL7 8AE",10,367546,415792,"E92000001","E19000001","E18000002","","E06000008","E05011524"
"BL7 8AF",10,367460,415856,"E92000001","E19000001","E18000002","","E06000008","E05011524"
"BL7 8AG",10,367692,415723,"E92000001","E19000001","E18000002","","E06000008","E05011524"
"BL7 8AH",10,367288,416061,"E92000001","E19000001","E18000002","","E06000008","E05011524"
"BL7 8AJ",10,367341,416140,"E92000001","E19000001","E18000002","","E06000008","E05011524"
"BL7 8AL",10,367370,416172,"E92000001","E19000001","E18000002","","E06000008","E05011524"
"BL7 8AN",10,367371,416223,"E92000001","E19000001","E18000002","","E06000008","E05011524"
"BL7 8AP",10,367257,416193,"E92000001","E19000001","E18000002","","E06000008","E05011524"
"BL7 8AQ",10,367695,415803,"E92000001","E19000001","E18000002","","E06000008","E05011524"
"BL7 8AR",10,367307,416144,"E92000001","E19000001","E18000002","","E06000008","E05011524"
"BL7 8AS",10,367236,416231,"E92000001","E19000001","E18000002","","E06000008","E05011524"
"BL7 8AT",10,367269,416255,"E92000001","E19000001","E18000002","","E06000008","E05011524"
"BL7 8AU",10,367320,416222,"E92000001","E19000001","E18000002","","E06000008","E05011524"
"BL7 8AW",10,367378,416241,"E92000001","E19000001","E18000002","","E06000008","E05011524"
"BL7 8AX",10,367321,416282,"E92000001","E19000001","E18000002","","E06000008","E05011524"
"BL7 8AY",10,367345,416299,"E92000001","E19000001","E18000002","","E06000008","E05011524"
"BL7 8AZ",10,367367,416233,"E92000001","E19000001","E18000002","","E06000008","E05011524"
"BL7 8BA",10,367109,415496,"E92000001","E19000001","E18000002","","E06000008","E05011524"
"BL7 8BB",10,366980,416444,"E92000001","E19000001","E18000002","","E06000008","E05011524"
"BL7 8BD",10,367277,416646,"E92000001","E19000001","E18000002","","E06000008","E05011524"
"BL7 8BE",10,367639,417045,"E92000001","E19000001","E18000002","","E06000008","E05011524"
"BL7 8BG",10,366978,418410,"E92000001","E19000001","E18000002","","E06000008","E05011524"
"BL7 8BH",10,368038,416244,"E92000001","E19000001","E18000002","","E06000008","E05011524"
"BL7 8BJ",10,367866,415795,"E92000001","E19000001","E18000002","","E06000008","E05011524"
"BL7 8BL",10,368615,415965,"E92000001","E19000001","E18000002","","E06000008","E05011524"
"BL7 8BN",10,367675,415760,"E92000001","E19000001","E18000002","","E06000008","E05011524"
"BL7 8BQ",10,366416,416954,"E92000001","E19000001","E18000002","","E06000008","E05011524"
"BL7 8BR",10,367450,416026,"E92000001","E19000001","E18000002","","E06000008","E05011524"
"BL7 8BS",10,367322,416008,"E92000001","E19000001","E18000002","","E06000008","E05011524"
"BL7 8BT",10,367658,415787,"E92000001","E19000001","E18000002","","E06000008","E05011524"
"BL7 8BW",10,367573,415754,"E92000001","E19000001","E18000002","","E06000008","E05011524"
"BL7 9AA",10,372742,412970,"E92000001","E19000001","E18000002","","E08000001","E05000653"
"BL7 9AB",10,372607,412804,"E92000001","E19000001","E18000002","","E08000001","E05000653"
"BL7 9AD",10,372845,413034,"E92000001","E19000001","E18000002","","E08000001","E05000653"
"BL7 9AE",10,372966,412917,"E92000001","E19000001","E18000002","","E08000001","E05000653"
"BL7 9AF",10,372919,413056,"E92000001","E19000001","E18000002","","E08000001","E05000653"
"BL7 9AG",10,372931,413131,"E92000001","E19000001","E18000002","","E08000001","E05000653"
"BL7 9AJ",10,372920,414186,"E92000001","E19000001","E18000002","","E08000001","E05000653"
"BL7 9AL",10,373003,414320,"E92000001","E19000001","E18000002","","E08000001","E05000653"
"BL7 9AN",10,372973,414411,"E92000001","E19000001","E18000002","","E06000008","E05011524"
"BL7 9AP",10,372722,413876,"E92000001","E19000001","E18000002","","E08000001","E05000653"
"BL7 9AQ",10,373014,413276,"E92000001","E19000001","E18000002","","E08000001","E05000653"
"BL7 9AR",10,372640,413795,"E92000001","E19000001","E18000002","","E08000001","E05000653"
"BL7 9AS",10,372647,413692,"E92000001","E19000001","E18000002","","E08000001","E05000653"
"BL7 9AT",10,372733,413436,"E92000001","E19000001","E18000002","","E08000001","E05000653"
"BL7 9AU",10,373095,413285,"E92000001","E19000001","E18000002","","E08000001","E05000653"
"BL7 9AW",10,372864,413948,"E92000001","E19000001","E18000002","","E08000001","E05000653"
"BL7 9AX",10,373374,413836,"E92000001","E19000001","E18000002","","E08000001","E05000653"
"BL7 9AY",10,372779,413950,"E92000001","E19000001","E18000002","","E08000001","E05000653"
"BL7 9AZ",10,372767,413984,"E92000001","E19000001","E18000002","","E08000001","E05000653"
"BL7 9BA",10,372248,413304,"E92000001","E19000001","E18000002","","E08000001","E05000653"
"BL7 9BB",10,371549,413781,"E92000001","E19000001","E18000002","","E08000001","E05000653"
"BL7 9BD",10,371569,413807,"E92000001","E19000001","E18000002","","E08000001","E05000653"
"BL7 9BE",10,372082,413447,"E92000001","E19000001","E18000002","","E08000001","E05000653"
"BL7 9BG",10,372538,413081,"E92000001","E19000001","E18000002","","E08000001","E05000653"
"BL7 9BH",10,371844,413261,"E92000001","E19000001","E18000002","","E08000001","E05000653"
"BL7 9BJ",10,372438,413097,"E92000001","E19000001","E18000002","","E08000001","E05000653"
"BL7 9BL",10,372279,413263,"E92000001","E19000001","E18000002","","E08000001","E05000653"
"BL7 9BN",10,372405,413092,"E92000001","E19000001","E18000002","","E08000001","E05000653"
"BL7 9BP",10,372549,412984,"E92000001","E19000001","E18000002","","E08000001","E05000653"
"BL7 9BQ",10,372590,413073,"E92000001","E19000001","E18000002","","E08000001","E05000653"
"BL7 9BR",10,372434,413182,"E92000001","E19000001","E18000002","","E08000001","E05000653"
"BL7 9BS",10,372302,413280,"E92000001","E19000001","E18000002","","E08000001","E05000653"
"BL7 9BT",10,372192,413388,"E92000001","E19000001","E18000002","","E08000001","E05000653"
"BL7 9BU",10,372118,413396,"E92000001","E19000001","E18000002","","E08000001","E05000653"
"BL7 9BW",10,372439,412955,"E92000001","E19000001","E18000002","","E08000001","E05000653"
"BL7 9BX",10,371973,413126,"E92000001","E19000001","E18000002","","E08000001","E05000653"
"BL7 9BY",10,372098,413470,"E92000001","E19000001","E18000002","","E08000001","E05000653"
"BL7 9BZ",10,372033,413545,"E92000001","E19000001","E18000002","","E08000001","E05000653"
"BL7 9DA",10,372002,413475,"E92000001","E19000001","E18000002","","E08000001","E05000653"
"BL7 9DB",10,372022,413388,"E92000001","E19000001","E18000002","","E08000001","E05000653"
"BL7 9DD",10,371982,413283,"E92000001","E19000001","E18000002","","E08000001","E05000653"
"BL7 9DE",10,372022,413246,"E92000001","E19000001","E18000002","","E08000001","E05000653"
"BL7 9DF",10,372051,413133,"E92000001","E19000001","E18000002","","E08000001","E05000653"
"BL7 9DG",10,372012,413132,"E92000001","E19000001","E18000002","","E08000001","E05000653"
"BL7 9DH",10,371920,413186,"E92000001","E19000001","E18000002","","E08000001","E05000653"
"BL7 9DL",10,371802,413235,"E92000001","E19000001","E18000002","","E08000001","E05000653"
"BL7 9DN",10,371659,413132,"E92000001","E19000001","E18000002","","E08000001","E05000650"
"BL7 9DP",10,372068,413415,"E92000001","E19000001","E18000002","","E08000001","E05000653"
"BL7 9DQ",10,371666,413203,"E92000001","E19000001","E18000002","","E08000001","E05000653"
"BL7 9DR",10,371716,413147,"E92000001","E19000001","E18000002","","E08000001","E05000650"
"BL7 9DS",10,371850,413213,"E92000001","E19000001","E18000002","","E08000001","E05000653"
"BL7 9DT",10,371590,413408,"E92000001","E19000001","E18000002","","E08000001","E05000653"
"BL7 9DU",10,371862,413097,"E92000001","E19000001","E18000002","","E08000001","E05000650"
"BL7 9DW",10,371855,413149,"E92000001","E19000001","E18000002","","E08000001","E05000653"
"BL7 9DX",10,371663,413772,"E92000001","E19000001","E18000002","","E08000001","E05000653"
"BL7 9DY",10,371753,413197,"E92000001","E19000001","E18000002","","E08000001","E05000653"
"BL7 9DZ",10,371642,413741,"E92000001","E19000001","E18000002","","E08000001","E05000653"
"BL7 9EA",10,371559,413649,"E92000001","E19000001","E18000002","","E08000001","E05000653"
"BL7 9EB",10,371547,413827,"E92000001","E19000001","E18000002","","E08000001","E05000653"
"BL7 9ED",10,371518,413872,"E92000001","E19000001","E18000002","","E08000001","E05000653"
"BL7 9EE",10,371626,413928,"E92000001","E19000001","E18000002","","E08000001","E05000653"
"BL7 9EF",10,371558,413981,"E92000001","E19000001","E18000002","","E08000001","E05000653"
"BL7 9EG",10,371559,413860,"E92000001","E19000001","E18000002","","E08000001","E05000653"
"BL7 9EH",10,371351,413841,"E92000001","E19000001","E18000002","","E08000001","E05000653"
"BL7 9EJ",10,371189,413727,"E92000001","E19000001","E18000002","","E08000001","E05000653"
"BL7 9EL",10,371215,413855,"E92000001","E19000001","E18000002","","E08000001","E05000653"
"BL7 9EN",10,371179,413922,"E92000001","E19000001","E18000002","","E08000001","E05000653"
"BL7 9EP",10,371144,413760,"E92000001","E19000001","E18000002","","E08000001","E05000653"
"BL7 9EQ",10,371493,413873,"E92000001","E19000001","E18000002","","E08000001","E05000653"
"BL7 9ER",10,371234,414030,"E92000001","E19000001","E18000002","","E08000001","E05000653"
"BL7 9ES",10,371275,413989,"E92000001","E19000001","E18000002","","E08000001","E05000653"
"BL7 9ET",10,371538,414054,"E92000001","E19000001","E18000002","","E08000001","E05000653"
"BL7 9EU",10,371695,414039,"E92000001","E19000001","E18000002","","E08000001","E05000653"
"BL7 9EW",10,371169,414072,"E92000001","E19000001","E18000002","","E08000001","E05000653"
"BL7 9EX",10,371639,414052,"E92000001","E19000001","E18000002","","E08000001","E05000653"
"BL7 9EY",10,371770,414070,"E92000001","E19000001","E18000002","","E08000001","E05000653"
"BL7 9EZ",10,371698,414162,"E92000001","E19000001","E18000002","","E08000001","E05000653"
"BL7 9GA",10,373124,413489,"E92000001","E19000001","E18000002","","E08000001","E05000653"
"BL7 9GE",10,372584,413101,"E92000001","E19000001","E18000002","","E08000001","E05000653"
"BL7 9GL",10,371876,413642,"E92000001","E19000001","E18000002","","E08000001","E05000653"
"BL7 9GW",10,372104,413856,"E92000001","E19000001","E18000002","","E08000001","E05000653"
"BL7 9GX",10,372158,413904,"E92000001","E19000001","E18000002","","E08000001","E05000653"
"BL7 9HA",10,371747,414206,"E92000001","E19000001","E18000002","","E08000001","E05000653"
"BL7 9HD",10,371620,413468,"E92000001","E19000001","E18000002","","E08000001","E05000653"
"BL7 9HE",10,371856,414124,"E92000001","E19000001","E18000002","","E08000001","E05000653"
"BL7 9HF",10,371782,413981,"E92000001","E19000001","E18000002","","E08000001","E05000653"
"BL7 9HG",10,371598,413726,"E92000001","E19000001","E18000002","","E08000001","E05000653"
"BL7 9HH",10,371832,414110,"E92000001","E19000001","E18000002","","E08000001","E05000653"
"BL7 9HL",10,371639,413880,"E92000001","E19000001","E18000002","","E08000001","E05000653"
"BL7 9HN",10,371658,413534,"E92000001","E19000001","E18000002","","E08000001","E05000653"
"BL7 9HP",10,371673,413632,"E92000001","E19000001","E18000002","","E08000001","E05000653"
"BL7 9HQ",10,371780,413599,"E92000001","E19000001","E18000002","","E08000001","E05000653"
"BL7 9HR",10,371702,413592,"E92000001","E19000001","E18000002","","E08000001","E05000653"
"BL7 9HS",10,371569,413463,"E92000001","E19000001","E18000002","","E08000001","E05000653"
"BL7 9HT",10,371956,413516,"E92000001","E19000001","E18000002","","E08000001","E05000653"
"BL7 9HU",10,371748,413746,"E92000001","E19000001","E18000002","","E08000001","E05000653"
"BL7 9HW",10,371570,413608,"E92000001","E19000001","E18000002","","E08000001","E05000653"
"BL7 9HX",10,371777,413719,"E92000001","E19000001","E18000002","","E08000001","E05000653"
"BL7 9HY",10,371715,413780,"E92000001","E19000001","E18000002","","E08000001","E05000653"
"BL7 9HZ",10,371772,413686,"E92000001","E19000001","E18000002","","E08000001","E05000653"
"BL7 9JB",10,371941,413661,"E92000001","E19000001","E18000002","","E08000001","E05000653"
"BL7 9JD",10,371908,413599,"E92000001","E19000001","E18000002","","E08000001","E05000653"
"BL7 9JE",10,371986,413597,"E92000001","E19000001","E18000002","","E08000001","E05000653"
"BL7 9JF",10,372051,413572,"E92000001","E19000001","E18000002","","E08000001","E05000653"
"BL7 9JG",10,372176,413462,"E92000001","E19000001","E18000002","","E08000001","E05000653"
"BL7 9JH",10,371949,413585,"E92000001","E19000001","E18000002","","E08000001","E05000653"
"BL7 9JJ",10,372432,413235,"E92000001","E19000001","E18000002","","E08000001","E05000653"
"BL7 9JL",10,372552,413285,"E92000001","E19000001","E18000002","","E08000001","E05000653"
"BL7 9JN",10,372366,413357,"E92000001","E19000001","E18000002","","E08000001","E05000653"
"BL7 9JP",10,372460,413352,"E92000001","E19000001","E18000002","","E08000001","E05000653"
"BL7 9JQ",10,372279,413351,"E92000001","E19000001","E18000002","","E08000001","E05000653"
"BL7 9JR",10,372349,413532,"E92000001","E19000001","E18000002","","E08000001","E05000653"
"BL7 9JS",10,372466,413525,"E92000001","E19000001","E18000002","","E08000001","E05000653"
"BL7 9JT",10,372460,413477,"E92000001","E19000001","E18000002","","E08000001","E05000653"
"BL7 9JU",10,372451,413417,"E92000001","E19000001","E18000002","","E08000001","E05000653"
"BL7 9JW",10,372447,413317,"E92000001","E19000001","E18000002","","E08000001","E05000653"
"BL7 9JX",10,372447,413451,"E92000001","E19000001","E18000002","","E08000001","E05000653"
"BL7 9JY",10,372530,413467,"E92000001","E19000001","E18000002","","E08000001","E05000653"
"BL7 9JZ",10,372445,413584,"E92000001","E19000001","E18000002","","E08000001","E05000653"
"BL7 9LA",10,372253,413618,"E92000001","E19000001","E18000002","","E08000001","E05000653"
"BL7 9LB",10,372302,413527,"E92000001","E19000001","E18000002","","E08000001","E05000653"
"BL7 9LD",10,372228,413511,"E92000001","E19000001","E18000002","","E08000001","E05000653"
"BL7 9LE",10,372076,413710,"E92000001","E19000001","E18000002","","E08000001","E05000653"
"BL7 9LF",10,372136,413702,"E92000001","E19000001","E18000002","","E08000001","E05000653"
"BL7 9LG",10,372348,413771,"E92000001","E19000001","E18000002","","E08000001","E05000653"
"BL7 9LH",10,372304,413418,"E92000001","E19000001","E18000002","","E08000001","E05000653"
"BL7 9LJ",10,372004,413734,"E92000001","E19000001","E18000002","","E08000001","E05000653"
"BL7 9LL",10,372032,413644,"E92000001","E19000001","E18000002","","E08000001","E05000653"
"BL7 9LN",10,372381,413679,"E92000001","E19000001","E18000002","","E08000001","E05000653"
"BL7 9LP",10,372385,413890,"E92000001","E19000001","E18000002","","E08000001","E05000653"
"BL7 9LQ",10,372292,413706,"E92000001","E19000001","E18000002","","E08000001","E05000653"
"BL7 9LR",10,372982,413312,"E92000001","E19000001","E18000002","","E08000001","E05000653"
"BL7 9LS",10,372612,413172,"E92000001","E19000001","E18000002","","E08000001","E05000653"
"BL7 9LT",10,372794,413130,"E92000001","E19000001","E18000002","","E08000001","E05000653"
"BL7 9LU",10,372737,413014,"E92000001","E19000001","E18000002","","E08000001","E05000653"
"BL7 9LW",10,372636,413853,"E92000001","E19000001","E18000002","","E08000001","E05000653"
"BL7 9LX",10,372783,413074,"E92000001","E19000001","E18000002","","E08000001","E05000653"
"BL7 9LY",10,372886,413191,"E92000001","E19000001","E18000002","","E08000001","E05000653"
"BL7 9LZ",10,372807,413703,"E92000001","E19000001","E18000002","","E08000001","E05000653"
"BL7 9NA",10,372922,413572,"E92000001","E19000001","E18000002","","E08000001","E05000653"
"BL7 9NB",10,372816,413396,"E92000001","E19000001","E18000002","","E08000001","E05000653"
"BL7 9ND",10,372890,413744,"E92000001","E19000001","E18000002","","E08000001","E05000653"
"BL7 9NE",10,372915,413492,"E92000001","E19000001","E18000002","","E08000001","E05000653"
"BL7 9NF",10,372940,413329,"E92000001","E19000001","E18000002","","E08000001","E05000653"
"BL7 9NG",10,373017,413497,"E92000001","E19000001","E18000002","","E08000001","E05000653"
"BL7 9NH",10,373030,413625,"E92000001","E19000001","E18000002","","E08000001","E05000653"
"BL7 9NJ",10,373147,413746,"E92000001","E19000001","E18000002","","E08000001","E05000653"
"BL7 9NL",10,372990,413731,"E92000001","E19000001","E18000002","","E08000001","E05000653"
"BL7 9NP",10,373074,413797,"E92000001","E19000001","E18000002","","E08000001","E05000653"
"BL7 9NQ",10,373024,413917,"E92000001","E19000001","E18000002","","E08000001","E05000653"
"BL7 9NR",10,373109,413950,"E92000001","E19000001","E18000002","","E08000001","E05000653"
"BL7 9NS",10,372983,413889,"E92000001","E19000001","E18000002","","E08000001","E05000653"
"BL7 9NW",10,371831,413718,"E92000001","E19000001","E18000002","","E08000001","E05000653"
"BL7 9NX",10,371935,413833,"E92000001","E19000001","E18000002","","E08000001","E05000653"
"BL7 9NY",10,371964,413925,"E92000001","E19000001","E18000002","","E08000001","E05000653"
"BL7 9PD",10,372543,413855,"E92000001","E19000001","E18000002","","E08000001","E05000653"
"BL7 9PE",10,371099,413408,"E92000001","E19000001","E18000002","","E08000001","E05000650"
"BL7 9PH",10,372623,413987,"E92000001","E19000001","E18000002","","E08000001","E05000653"
"BL7 9PJ",10,371278,414708,"E92000001","E19000001","E18000002","","E08000001","E05000653"
"BL7 9PL",10,371174,414777,"E92000001","E19000001","E18000002","","E08000001","E05000653"
"BL7 9PN",10,370647,414914,"E92000001","E19000001","E18000002","","E08000001","E05000653"
"BL7 9PP",10,370543,415395,"E92000001","E19000001","E18000002","","E08000001","E05000653"
"BL7 9PQ",10,371216,413482,"E92000001","E19000001","E18000002","","E08000001","E05000653"
"BL7 9PR",10,370537,415634,"E92000001","E19000001","E18000002","","E08000001","E05000653"
"BL7 9PS",10,370593,415907,"E92000001","E19000001","E18000002","","E08000001","E05000653"
"BL7 9PT",10,370527,415666,"E92000001","E19000001","E18000002","","E08000001","E05000653"
"BL7 9PU",10,370380,414924,"E92000001","E19000001","E18000002","","E08000001","E05000653"
"BL7 9PW",10,372608,413931,"E92000001","E19000001","E18000002","","E08000001","E05000653"
"BL7 9PX",10,371818,413813,"E92000001","E19000001","E18000002","","E08000001","E05000653"
"BL7 9PZ",10,372250,414027,"E92000001","E19000001","E18000002","","E08000001","E05000653"
"BL7 9QA",10,372447,414038,"E92000001","E19000001","E18000002","","E08000001","E05000653"
"BL7 9QB",10,372379,413933,"E92000001","E19000001","E18000002","","E08000001","E05000653"
"BL7 9QD",10,372540,414495,"E92000001","E19000001","E18000002","","E06000008","E05011524"
"BL7 9QE",10,370723,415453,"E92000001","E19000001","E18000002","","E08000001","E05000653"
"BL7 9QG",10,372399,413266,"E92000001","E19000001","E18000002","","E08000001","E05000653"
"BL7 9QJ",10,372630,413941,"E92000001","E19000001","E18000002","","E08000001","E05000653"
"BL7 9QL",10,369943,414003,"E92000001","E19000001","E18000002","","E06000008","E05011524"
"BL7 9QN",10,372318,413671,"E92000001","E19000001","E18000002","","E08000001","E05000653"
"BL7 9QP",10,369144,414439,"E92000001","E19000001","E18000002","","E06000008","E05011524"
"BL7 9QR",10,369669,414742,"E92000001","E19000001","E18000002","","E06000008","E05011524"
"BL7 9QS",10,368983,415369,"E92000001","E19000001","E18000002","","E06000008","E05011524"
"BL7 9QT",10,368192,415349,"E92000001","E19000001","E18000002","","E06000008","E05011524"
"BL7 9QU",10,369178,414886,"E92000001","E19000001","E18000002","","E06000008","E05011524"
"BL7 9QW",10,370933,414658,"E92000001","E19000001","E18000002","","E08000001","E05000653"
"BL7 9QY",10,370805,413628,"E92000001","E19000001","E18000002","","E08000001","E05000650"
"BL7 9QZ",10,370525,414307,"E92000001","E19000001","E18000002","","E08000001","E05000650"
"BL7 9RA",10,370852,415451,"E92000001","E19000001","E18000002","","E08000001","E05000653"
"BL7 9RB",10,371083,415160,"E92000001","E19000001","E18000002","","E08000001","E05000653"
"BL7 9RD",10,371240,414969,"E92000001","E19000001","E18000002","","E08000001","E05000653"
"BL7 9RE",10,370836,415345,"E92000001","E19000001","E18000002","","E08000001","E05000653"
"BL7 9RF",10,370906,415257,"E92000001","E19000001","E18000002","","E08000001","E05000653"
"BL7 9RG",10,371892,413534,"E92000001","E19000001","E18000002","","E08000001","E05000653"
"BL7 9RH",10,371373,414799,"E92000001","E19000001","E18000002","","E08000001","E05000653"
"BL7 9RJ",10,371466,415080,"E92000001","E19000001","E18000002","","E08000001","E05000653"
"BL7 9RL",10,370873,415406,"E92000001","E19000001","E18000002","","E08000001","E05000653"
"BL7 9RN",10,370984,414884,"E92000001","E19000001","E18000002","","E08000001","E05000653"
"BL7 9RP",10,370759,414546,"E92000001","E19000001","E18000002","","E08000001","E05000653"
"BL7 9RR",10,372319,413832,"E92000001","E19000001","E18000002","","E08000001","E05000653"
"BL7 9RS",10,371081,414651,"E92000001","E19000001","E18000002","","E08000001","E05000653"
"BL7 9RT",10,371478,413907,"E92000001","E19000001","E18000002","","E08000001","E05000653"
"BL7 9RU",10,371498,413945,"E92000001","E19000001","E18000002","","E08000001","E05000653"
"BL7 9RW",10,370759,414546,"E92000001","E19000001","E18000002","","E08000001","E05000653"
"BL7 9RX",10,371442,413906,"E92000001","E19000001","E18000002","","E08000001","E05000653"
"BL7 9RY",10,371432,414038,"E92000001","E19000001","E18000002","","E08000001","E05000653"
"BL7 9RZ",10,371263,414160,"E92000001","E19000001","E18000002","","E08000001","E05000653"
"BL7 9SA",10,371156,414361,"E92000001","E19000001","E18000002","","E08000001","E05000653"
"BL7 9SB",10,371115,414463,"E92000001","E19000001","E18000002","","E08000001","E05000653"
"BL7 9SD",10,371141,414482,"E92000001","E19000001","E18000002","","E08000001","E05000653"
"BL7 9SE",10,371207,414469,"E92000001","E19000001","E18000002","","E08000001","E05000653"
"BL7 9SF",10,371133,414527,"E92000001","E19000001","E18000002","","E08000001","E05000653"
"BL7 9SG",10,371184,414579,"E92000001","E19000001","E18000002","","E08000001","E05000653"
"BL7 9SH",10,370963,414704,"E92000001","E19000001","E18000002","","E08000001","E05000653"
"BL7 9SJ",10,370959,414761,"E92000001","E19000001","E18000002","","E08000001","E05000653"
"BL7 9SL",10,370920,414821,"E92000001","E19000001","E18000002","","E08000001","E05000653"
"BL7 9SN",10,370888,414940,"E92000001","E19000001","E18000002","","E08000001","E05000653"
"BL7 9SP",10,370914,414807,"E92000001","E19000001","E18000002","","E08000001","E05000653"
"BL7 9SQ",10,371235,414746,"E92000001","E19000001","E18000002","","E08000001","E05000653"
"BL7 9SR",10,370932,414903,"E92000001","E19000001","E18000002","","E08000001","E05000653"
"BL7 9SS",10,370964,414900,"E92000001","E19000001","E18000002","","E08000001","E05000653"
"BL7 9ST",10,371008,414909,"E92000001","E19000001","E18000002","","E08000001","E05000653"
"BL7 9SU",10,371050,414956,"E92000001","E19000001","E18000002","","E08000001","E05000653"
"BL7 9SX",10,370886,414930,"E92000001","E19000001","E18000002","","E08000001","E05000653"
"BL7 9SY",10,370873,414957,"E92000001","E19000001","E18000002","","E08000001","E05000653"
"BL7 9SZ",10,370953,414988,"E92000001","E19000001","E18000002","","E08000001","E05000653"
"BL7 9TA",10,370956,415014,"E92000001","E19000001","E18000002","","E08000001","E05000653"
"BL7 9TB",10,370873,415052,"E92000001","E19000001","E18000002","","E08000001","E05000653"
"BL7 9TD",10,370905,415085,"E92000001","E19000001","E18000002","","E08000001","E05000653"
"BL7 9TE",10,371351,414420,"E92000001","E19000001","E18000002","","E08000001","E05000653"
"BL7 9TF",10,371445,414313,"E92000001","E19000001","E18000002","","E08000001","E05000653"
"BL7 9TG",10,371279,414278,"E92000001","E19000001","E18000002","","E08000001","E05000653"
"BL7 9TH",10,370778,415158,"E92000001","E19000001","E18000002","","E08000001","E05000653"
"BL7 9TJ",10,370813,415082,"E92000001","E19000001","E18000002","","E08000001","E05000653"
"BL7 9TL",10,370786,415105,"E92000001","E19000001","E18000002","","E08000001","E05000653"
"BL7 9TN",10,370831,415203,"E92000001","E19000001","E18000002","","E08000001","E05000653"
"BL7 9TP",10,370732,415210,"E92000001","E19000001","E18000002","","E08000001","E05000653"
"BL7 9TQ",10,371327,414344,"E92000001","E19000001","E18000002","","E08000001","E05000653"
"BL7 9TR",10,370793,415188,"E92000001","E19000001","E18000002","","E08000001","E05000653"
"BL7 9TS",10,370726,415022,"E92000001","E19000001","E18000002","","E08000001","E05000653"
"BL7 9TT",10,370588,415022,"E92000001","E19000001","E18000002","","E08000001","E05000653"
"BL7 9TU",10,370762,414953,"E92000001","E19000001","E18000002","","E08000001","E05000653"
"BL7 9TW",10,370866,415164,"E92000001","E19000001","E18000002","","E08000001","E05000653"
"BL7 9TX",10,370857,414913,"E92000001","E19000001","E18000002","","E08000001","E05000653"
"BL7 9TY",10,370719,414794,"E92000001","E19000001","E18000002","","E08000001","E05000653"
"BL7 9TZ",10,370748,414838,"E92000001","E19000001","E18000002","","E08000001","E05000653"
"BL7 9UA",10,370776,414803,"E92000001","E19000001","E18000002","","E08000001","E05000653"
"BL7 9UB",10,370876,414722,"E92000001","E19000001","E18000002","","E08000001","E05000653"
"BL7 9UD",10,370815,414669,"E92000001","E19000001","E18000002","","E08000001","E05000653"
"BL7 9UE",10,371005,414410,"E92000001","E19000001","E18000002","","E08000001","E05000653"
"BL7 9UF",10,370957,414422,"E92000001","E19000001","E18000002","","E08000001","E05000653"
"BL7 9UG",10,371313,414444,"E92000001","E19000001","E18000002","","E08000001","E05000653"
"BL7 9UH",10,370878,414593,"E92000001","E19000001","E18000002","","E08000001","E05000653"
"BL7 9UJ",10,371011,414543,"E92000001","E19000001","E18000002","","E08000001","E05000653"
"BL7 9UL",10,371328,414625,"E92000001","E19000001","E18000002","","E08000001","E05000653"
"BL7 9UN",10,371366,414679,"E92000001","E19000001","E18000002","","E08000001","E05000653"
"BL7 9UP",10,371317,414790,"E92000001","E19000001","E18000002","","E08000001","E05000653"
"BL7 9UQ",10,371365,414493,"E92000001","E19000001","E18000002","","E08000001","E05000653"
"BL7 9UR",10,371266,414871,"E92000001","E19000001","E18000002","","E08000001","E05000653"
"BL7 9US",10,371172,414658,"E92000001","E19000001","E18000002","","E08000001","E05000653"
"BL7 9UT",10,371388,414779,"E92000001","E19000001","E18000002","","E08000001","E05000653"
"BL7 9UW",10,371359,414765,"E92000001","E19000001","E18000002","","E08000001","E05000653"
"BL7 9UX",10,371061,415180,"E92000001","E19000001","E18000002","","E08000001","E05000653"
"BL7 9UY",10,371503,414591,"E92000001","E19000001","E18000002","","E08000001","E05000653"
"BL7 9UZ",10,371506,414635,"E92000001","E19000001","E18000002","","E08000001","E05000653"
"BL7 9WU",10,371936,410296,"E92000001","E19000001","E18000002","","E08000001","E05000654"
"BL7 9XA",10,371017,415031,"E92000001","E19000001","E18000002","","E08000001","E05000653"
"BL7 9XB",10,371048,415108,"E92000001","E19000001","E18000002","","E08000001","E05000653"
"BL7 9XD",10,371036,414929,"E92000001","E19000001","E18000002","","E08000001","E05000653"
"BL7 9XE",10,371133,415035,"E92000001","E19000001","E18000002","","E08000001","E05000653"
"BL7 9XF",10,371064,415068,"E92000001","E19000001","E18000002","","E08000001","E05000653"
"BL7 9XG",10,371533,414099,"E92000001","E19000001","E18000002","","E08000001","E05000653"
"BL7 9XH",10,371170,414912,"E92000001","E19000001","E18000002","","E08000001","E05000653"
"BL7 9XJ",10,370796,415013,"E92000001","E19000001","E18000002","","E08000001","E05000653"
"BL7 9XL",10,371417,414145,"E92000001","E19000001","E18000002","","E08000001","E05000653"
"BL7 9XN",10,371449,414079,"E92000001","E19000001","E18000002","","E08000001","E05000653"
"BL7 9XP",10,371379,414229,"E92000001","E19000001","E18000002","","E08000001","E05000653"
"BL7 9XQ",10,371333,414168,"E92000001","E19000001","E18000002","","E08000001","E05000653"
"BL7 9XR",10,371802,413464,"E92000001","E19000001","E18000002","","E08000001","E05000653"
"BL7 9XS",10,371844,413385,"E92000001","E19000001","E18000002","","E08000001","E05000653"
"BL7 9XT",10,371894,413317,"E92000001","E19000001","E18000002","","E08000001","E05000653"
"BL7 9XU",10,371939,413363,"E92000001","E19000001","E18000002","","E08000001","E05000653"
"BL7 9XW",10,371528,414208,"E92000001","E19000001","E18000002","","E08000001","E05000653"
"BL7 9YA",10,373178,413144,"E92000001","E19000001","E18000002","","E08000001","E05000653"
"BL7 9YB",10,373012,412963,"E92000001","E19000001","E18000002","","E08000001","E05000653"
"BL7 9YD",10,373059,413008,"E92000001","E19000001","E18000002","","E08000001","E05000653"
"BL7 9YE",10,373160,412975,"E92000001","E19000001","E18000002","","E08000001","E05000653"
"BL7 9YF",10,373122,412945,"E92000001","E19000001","E18000002","","E08000001","E05000653"
"BL7 9YG",10,373073,413111,"E92000001","E19000001","E18000002","","E08000001","E05000653"
"BL7 9YH",10,373209,413125,"E92000001","E19000001","E18000002","","E08000001","E05000653"
"BL7 9YJ",10,373182,413035,"E92000001","E19000001","E18000002","","E08000001","E05000653"
"BL7 9YL",10,373105,412829,"E92000001","E19000001","E18000002","","E08000001","E05000653"
"BL7 9YQ",10,373094,413190,"E92000001","E19000001","E18000002","","E08000001","E05000653"
"BL7 9YT",10,370762,414455,"E92000001","E19000001","E18000002","","E08000001","E05000653"
"BL7 9YU",10,370672,414511,"E92000001","E19000001","E18000002","","E08000001","E05000653"
"BL7 9YW",10,370703,414465,"E92000001","E19000001","E18000002","","E08000001","E05000653"
"BL7 9YX",10,370737,414500,"E92000001","E19000001","E18000002","","E08000001","E05000653"
"BL7 9ZD",10,371306,414215,"E92000001","E19000001","E18000002","","E08000001","E05000653"
"BL781AA",10,373367,406557,"E92000001","E19000001","E18000002","","E08000001","E05000655"
"BL781AB",50,373367,406557,"E92000001","E19000001","E18000002","","E08000001","E05000655"
"BL781AD",50,373367,406557,"E92000001","E19000001","E18000002","","E08000001","E05000655"
"BL781AE",50,373367,406557,"E92000001","E19000001","E18000002","","E08000001","E05000655"
"BL781AJ",50,373367,406557,"E92000001","E19000001","E18000002","","E08000001","E05000655"
"BL781AP",50,373367,406557,"E92000001","E19000001","E18000002","","E08000001","E05000655"
"BL781BF",10,373259,406556,"E92000001","E19000001","E18000002","","E08000001","E05000655"
"BL781BG",10,371936,410296,"E92000001","E19000001","E18000002","","E08000001","E05000654"
"BL787NA",10,371936,410296,"E92000001","E19000001","E18000002","","E08000001","E05000654"
"BL787WZ",10,371648,409297,"E92000001","E19000001","E18000002","","E08000001","E05000656"
"BL8 1AA",10,379737,411017,"E92000001","E19000001","E18000002","","E08000002","E05000673"
"BL8 1AB",10,379418,411270,"E92000001","E19000001","E18000002","","E08000002","E05000673"
"BL8 1AE",10,379659,411707,"E92000001","E19000001","E18000002","","E08000002","E05000673"
"BL8 1AF",10,379696,411141,"E92000001","E19000001","E18000002","","E08000002","E05000673"
"BL8 1AH",10,379564,411434,"E92000001","E19000001","E18000002","","E08000002","E05000673"
"BL8 1AJ",10,379682,411274,"E92000001","E19000001","E18000002","","E08000002","E05000673"
"BL8 1AL",10,379644,411245,"E92000001","E19000001","E18000002","","E08000002","E05000673"
"BL8 1AN",10,379602,411296,"E92000001","E19000001","E18000002","","E08000002","E05000673"
"BL8 1AP",10,379656,411345,"E92000001","E19000001","E18000002","","E08000002","E05000673"
"BL8 1AQ",10,379711,411280,"E92000001","E19000001","E18000002","","E08000002","E05000673"
"BL8 1AR",10,379736,411394,"E92000001","E19000001","E18000002","","E08000002","E05000673"
"BL8 1AS",10,379702,411472,"E92000001","E19000001","E18000002","","E08000002","E05000673"
"BL8 1AT",10,379725,411540,"E92000001","E19000001","E18000002","","E08000002","E05000673"
"BL8 1AU",10,379604,411699,"E92000001","E19000001","E18000002","","E08000002","E05000673"
"BL8 1AW",10,379581,411353,"E92000001","E19000001","E18000002","","E08000002","E05000673"
"BL8 1AX",10,379575,411792,"E92000001","E19000001","E18000002","","E08000002","E05000673"
"BL8 1AY",10,379612,411791,"E92000001","E19000001","E18000002","","E08000002","E05000673"
"BL8 1AZ",10,379542,411785,"E92000001","E19000001","E18000002","","E08000002","E05000673"
"BL8 1BA",10,379573,411649,"E92000001","E19000001","E18000002","","E08000002","E05000673"
"BL8 1BB",10,379695,411658,"E92000001","E19000001","E18000002","","E08000002","E05000673"
"BL8 1BD",10,379811,411565,"E92000001","E19000001","E18000002","","E08000002","E05000673"
"BL8 1BE",10,379736,411501,"E92000001","E19000001","E18000002","","E08000002","E05000673"
"BL8 1BH",10,379749,411521,"E92000001","E19000001","E18000002","","E08000002","E05000673"
"BL8 1BJ",10,379806,411661,"E92000001","E19000001","E18000002","","E08000002","E05000673"
"BL8 1BN",10,379950,411812,"E92000001","E19000001","E18000002","","E08000002","E05000673"
"BL8 1BP",10,379837,411842,"E92000001","E19000001","E18000002","","E08000002","E05000673"
"BL8 1BR",10,379902,411822,"E92000001","E19000001","E18000002","","E08000002","E05000673"
"BL8 1BS",10,380085,412074,"E92000001","E19000001","E18000002","","E08000002","E05000673"
"BL8 1BT",10,380130,412158,"E92000001","E19000001","E18000002","","E08000002","E05000673"
"BL8 1BU",10,380059,412451,"E92000001","E19000001","E18000002","","E08000002","E05000673"
"BL8 1BX",10,379574,412004,"E92000001","E19000001","E18000002","","E08000002","E05000673"
"BL8 1BY",10,379761,411400,"E92000001","E19000001","E18000002","","E08000002","E05000673"
"BL8 1BZ",10,379878,411736,"E92000001","E19000001","E18000002","","E08000002","E05000673"
"BL8 1DA",10,379930,412708,"E92000001","E19000001","E18000002","","E08000002","E05000673"
"BL8 1DB",10,378875,411131,"E92000001","E19000001","E18000002","","E08000002","E05000685"
"BL8 1DD",10,378808,411077,"E92000001","E19000001","E18000002","","E08000002","E05000685"
"BL8 1DE",10,379668,411594,"E92000001","E19000001","E18000002","","E08000002","E05000673"
"BL8 1DH",10,379464,412121,"E92000001","E19000001","E18000002","","E08000002","E05000673"
"BL8 1DJ",10,379507,411904,"E92000001","E19000001","E18000002","","E08000002","E05000673"
"BL8 1DL",10,379115,412213,"E92000001","E19000001","E18000002","","E08000002","E05000673"
"BL8 1DN",10,379310,411994,"E92000001","E19000001","E18000002","","E08000002","E05000673"
"BL8 1DP",10,379351,412116,"E92000001","E19000001","E18000002","","E08000002","E05000673"
"BL8 1DQ",10,378588,411651,"E92000001","E19000001","E18000002","","E08000002","E05000673"
"BL8 1DR",10,379324,411948,"E92000001","E19000001","E18000002","","E08000002","E05000673"
"BL8 1DS",10,379262,411894,"E92000001","E19000001","E18000002","","E08000002","E05000673"
"BL8 1DT",10,379432,411961,"E92000001","E19000001","E18000002","","E08000002","E05000673"
"BL8 1DU",10,379442,411853,"E92000001","E19000001","E18000002","","E08000002","E05000673"
"BL8 1DW",10,379418,412103,"E92000001","E19000001","E18000002","","E08000002","E05000673"
"BL8 1DX",10,379405,411811,"E92000001","E19000001","E18000002","","E08000002","E05000673"
"BL8 1DY",10,379156,412025,"E92000001","E19000001","E18000002","","E08000002","E05000673"
"BL8 1DZ",10,379279,412067,"E92000001","E19000001","E18000002","","E08000002","E05000673"
"BL8 1EA",10,379289,412169,"E92000001","E19000001","E18000002","","E08000002","E05000673"
"BL8 1EB",10,379261,412192,"E92000001","E19000001","E18000002","","E08000002","E05000673"
"BL8 1ED",10,379123,412294,"E92000001","E19000001","E18000002","","E08000002","E05000673"
"BL8 1EE",10,379291,412261,"E92000001","E19000001","E18000002","","E08000002","E05000673"
"BL8 1EF",10,379396,412287,"E92000001","E19000001","E18000002","","E08000002","E05000673"
"BL8 1EG",10,379664,412101,"E92000001","E19000001","E18000002","","E08000002","E05000673"
"BL8 1EH",10,379149,412344,"E92000001","E19000001","E18000002","","E08000002","E05000673"
"BL8 1EJ",10,379141,412107,"E92000001","E19000001","E18000002","","E08000002","E05000673"
"BL8 1EL",10,379758,412195,"E92000001","E19000001","E18000002","","E08000002","E05000673"
"BL8 1EN",10,379718,412214,"E92000001","E19000001","E18000002","","E08000002","E05000673"
"BL8 1EP",10,379737,412330,"E92000001","E19000001","E18000002","","E08000002","E05000673"
"BL8 1EQ",10,379622,412186,"E92000001","E19000001","E18000002","","E08000002","E05000673"
"BL8 1ER",10,379498,412186,"E92000001","E19000001","E18000002","","E08000002","E05000673"
"BL8 1ES",10,379579,412216,"E92000001","E19000001","E18000002","","E08000002","E05000673"
"BL8 1EW",10,379644,412314,"E92000001","E19000001","E18000002","","E08000002","E05000673"
"BL8 1EX",10,379461,412352,"E92000001","E19000001","E18000002","","E08000002","E05000673"
"BL8 1EY",10,379431,412306,"E92000001","E19000001","E18000002","","E08000002","E05000673"
"BL8 1EZ",10,379418,412376,"E92000001","E19000001","E18000002","","E08000002","E05000673"
"BL8 1FA",10,378791,411999,"E92000001","E19000001","E18000002","","E08000002","E05000673"
"BL8 1FD",10,378859,412020,"E92000001","E19000001","E18000002","","E08000002","E05000673"
"BL8 1FE",10,379113,411236,"E92000001","E19000001","E18000002","","E08000002","E05000673"
"BL8 1FZ",10,379028,411236,"E92000001","E19000001","E18000002","","E08000002","E05000673"
"BL8 1GS",10,379145,412531,"E92000001","E19000001","E18000002","","E08000002","E05000673"
"BL8 1GU",10,379486,411048,"E92000001","E19000001","E18000002","","E08000002","E05000673"
"BL8 1GW",10,379254,412680,"E92000001","E19000001","E18000002","","E08000002","E05000673"
"BL8 1HA",10,379538,412548,"E92000001","E19000001","E18000002","","E08000002","E05000673"
"BL8 1HB",10,379505,412476,"E92000001","E19000001","E18000002","","E08000002","E05000673"
"BL8 1HD",10,379444,412524,"E92000001","E19000001","E18000002","","E08000002","E05000673"
"BL8 1HE",10,378969,412698,"E92000001","E19000001","E18000002","","E08000002","E05000673"
"BL8 1HF",10,378988,412654,"E92000001","E19000001","E18000002","","E08000002","E05000673"
"BL8 1HG",10,379537,412403,"E92000001","E19000001","E18000002","","E08000002","E05000673"
"BL8 1HH",10,379454,412592,"E92000001","E19000001","E18000002","","E08000002","E05000673"
"BL8 1HJ",10,379362,412544,"E92000001","E19000001","E18000002","","E08000002","E05000673"
"BL8 1HN",10,379232,412380,"E92000001","E19000001","E18000002","","E08000002","E05000673"
"BL8 1HP",10,379281,412640,"E92000001","E19000001","E18000002","","E08000002","E05000673"
"BL8 1HQ",10,379581,412423,"E92000001","E19000001","E18000002","","E08000002","E05000673"
"BL8 1HR",10,379264,412609,"E92000001","E19000001","E18000002","","E08000002","E05000673"
"BL8 1HS",10,379346,412503,"E92000001","E19000001","E18000002","","E08000002","E05000673"
"BL8 1HT",10,379076,412519,"E92000001","E19000001","E18000002","","E08000002","E05000673"
"BL8 1HU",10,379249,412440,"E92000001","E19000001","E18000002","","E08000002","E05000673"
"BL8 1HW",10,379078,412472,"E92000001","E19000001","E18000002","","E08000002","E05000673"
"BL8 1HX",10,379314,412492,"E92000001","E19000001","E18000002","","E08000002","E05000673"
"BL8 1HY",10,378806,412536,"E92000001","E19000001","E18000002","","E08000002","E05000673"
"BL8 1HZ",10,379108,412583,"E92000001","E19000001","E18000002","","E08000002","E05000673"
"BL8 1JA",10,378944,412632,"E92000001","E19000001","E18000002","","E08000002","E05000673"
"BL8 1JB",10,379097,412723,"E92000001","E19000001","E18000002","","E08000002","E05000673"
"BL8 1JD",10,379041,412822,"E92000001","E19000001","E18000002","","E08000002","E05000673"
"BL8 1JE",10,379035,412694,"E92000001","E19000001","E18000002","","E08000002","E05000673"
"BL8 1JF",10,378963,412751,"E92000001","E19000001","E18000002","","E08000002","E05000673"
"BL8 1JG",10,379168,412868,"E92000001","E19000001","E18000002","","E08000002","E05000673"
"BL8 1JH",10,379090,412831,"E92000001","E19000001","E18000002","","E08000002","E05000673"
"BL8 1JJ",10,379107,413037,"E92000001","E19000001","E18000002","","E08000002","E05000673"
"BL8 1JL",10,379132,412904,"E92000001","E19000001","E18000002","","E08000002","E05000673"
"BL8 1JN",10,379644,411613,"E92000001","E19000001","E18000002","","E08000002","E05000673"
"BL8 1JP",10,379621,412332,"E92000001","E19000001","E18000002","","E08000002","E05000673"
"BL8 1JQ",10,379204,412880,"E92000001","E19000001","E18000002","","E08000002","E05000673"
"BL8 1JR",10,378956,412828,"E92000001","E19000001","E18000002","","E08000002","E05000673"
"BL8 1JS",10,379225,412695,"E92000001","E19000001","E18000002","","E08000002","E05000673"
"BL8 1JT",10,379259,412757,"E92000001","E19000001","E18000002","","E08000002","E05000673"
"BL8 1JU",10,379326,412677,"E92000001","E19000001","E18000002","","E08000002","E05000673"
"BL8 1JW",10,379639,412450,"E92000001","E19000001","E18000002","","E08000002","E05000673"
"BL8 1JY",10,379503,411349,"E92000001","E19000001","E18000002","","E08000002","E05000673"
"BL8 1LA",10,378796,411189,"E92000001","E19000001","E18000002","","E08000002","E05000685"
"BL8 1LB",10,379592,411151,"E92000001","E19000001","E18000002","","E08000002","E05000673"
"BL8 1LE",10,379575,411151,"E92000001","E19000001","E18000002","","E08000002","E05000673"
"BL8 1LF",10,379562,411179,"E92000001","E19000001","E18000002","","E08000002","E05000673"
"BL8 1LG",10,379427,411312,"E92000001","E19000001","E18000002","","E08000002","E05000673"
"BL8 1LH",10,379610,411208,"E92000001","E19000001","E18000002","","E08000002","E05000673"
"BL8 1LJ",10,379516,411282,"E92000001","E19000001","E18000002","","E08000002","E05000673"
"BL8 1LL",10,379596,411248,"E92000001","E19000001","E18000002","","E08000002","E05000673"
"BL8 1LN",10,379428,411364,"E92000001","E19000001","E18000002","","E08000002","E05000673"
"BL8 1LP",10,379344,411378,"E92000001","E19000001","E18000002","","E08000002","E05000673"
"BL8 1LQ",10,379388,411342,"E92000001","E19000001","E18000002","","E08000002","E05000673"
"BL8 1LR",10,379354,411492,"E92000001","E19000001","E18000002","","E08000002","E05000673"
"BL8 1LS",10,379342,411448,"E92000001","E19000001","E18000002","","E08000002","E05000673"
"BL8 1LT",10,379323,411567,"E92000001","E19000001","E18000002","","E08000002","E05000673"
"BL8 1LU",10,379241,411433,"E92000001","E19000001","E18000002","","E08000002","E05000673"
"BL8 1LW",10,379453,411427,"E92000001","E19000001","E18000002","","E08000002","E05000673"
"BL8 1LX",10,379287,411408,"E92000001","E19000001","E18000002","","E08000002","E05000673"
"BL8 1LY",10,379266,411352,"E92000001","E19000001","E18000002","","E08000002","E05000673"
"BL8 1LZ",10,379318,411303,"E92000001","E19000001","E18000002","","E08000002","E05000673"
"BL8 1NA",10,379159,411379,"E92000001","E19000001","E18000002","","E08000002","E05000673"
"BL8 1NB",10,379095,411402,"E92000001","E19000001","E18000002","","E08000002","E05000673"
"BL8 1ND",10,379433,411451,"E92000001","E19000001","E18000002","","E08000002","E05000673"
"BL8 1NE",10,379106,411323,"E92000001","E19000001","E18000002","","E08000002","E05000673"
"BL8 1NF",10,379409,411104,"E92000001","E19000001","E18000002","","E08000002","E05000673"
"BL8 1NG",10,378890,411328,"E92000001","E19000001","E18000002","","E08000002","E05000673"
"BL8 1NH",10,379053,411370,"E92000001","E19000001","E18000002","","E08000002","E05000673"
"BL8 1NJ",10,379185,411325,"E92000001","E19000001","E18000002","","E08000002","E05000673"
"BL8 1NL",10,379185,411258,"E92000001","E19000001","E18000002","","E08000002","E05000673"
"BL8 1NN",10,379254,411289,"E92000001","E19000001","E18000002","","E08000002","E05000673"
"BL8 1NP",10,379215,411218,"E92000001","E19000001","E18000002","","E08000002","E05000673"
"BL8 1NS",10,379225,411152,"E92000001","E19000001","E18000002","","E08000002","E05000673"
"BL8 1NT",10,379330,411211,"E92000001","E19000001","E18000002","","E08000002","E05000673"
"BL8 1NU",10,379363,411221,"E92000001","E19000001","E18000002","","E08000002","E05000673"
"BL8 1NW",10,379279,411233,"E92000001","E19000001","E18000002","","E08000002","E05000673"
"BL8 1NX",10,379372,411318,"E92000001","E19000001","E18000002","","E08000002","E05000673"
"BL8 1NY",10,379465,411242,"E92000001","E19000001","E18000002","","E08000002","E05000673"
"BL8 1NZ",10,379448,411224,"E92000001","E19000001","E18000002","","E08000002","E05000673"
"BL8 1PA",10,379477,411265,"E92000001","E19000001","E18000002","","E08000002","E05000673"
"BL8 1PB",10,379533,411259,"E92000001","E19000001","E18000002","","E08000002","E05000673"
"BL8 1PD",10,379359,411087,"E92000001","E19000001","E18000002","","E08000002","E05000673"
"BL8 1PE",10,378711,411074,"E92000001","E19000001","E18000002","","E08000002","E05000685"
"BL8 1PF",10,379455,411147,"E92000001","E19000001","E18000002","","E08000002","E05000673"
"BL8 1PG",10,379055,411303,"E92000001","E19000001","E18000002","","E08000002","E05000673"
"BL8 1PJ",10,378832,411451,"E92000001","E19000001","E18000002","","E08000002","E05000685"
"BL8 1PL",10,378588,411651,"E92000001","E19000001","E18000002","","E08000002","E05000673"
"BL8 1PN",10,379223,412243,"E92000001","E19000001","E18000002","","E08000002","E05000673"
"BL8 1PP",10,378587,411705,"E92000001","E19000001","E18000002","","E08000002","E05000673"
"BL8 1PQ",10,378681,411171,"E92000001","E19000001","E18000002","","E08000002","E05000685"
"BL8 1PR",10,378629,411773,"E92000001","E19000001","E18000002","","E08000002","E05000673"
"BL8 1PT",10,378217,411825,"E92000001","E19000001","E18000002","","E08000002","E05000685"
"BL8 1PU",10,378471,411798,"E92000001","E19000001","E18000002","","E08000002","E05000685"
"BL8 1PW",10,378983,411301,"E92000001","E19000001","E18000002","","E08000002","E05000673"
"BL8 1PX",10,378714,411557,"E92000001","E19000001","E18000002","","E08000002","E05000685"
"BL8 1PY",10,378732,411591,"E92000001","E19000001","E18000002","","E08000002","E05000673"
"BL8 1PZ",10,378705,411486,"E92000001","E19000001","E18000002","","E08000002","E05000685"
"BL8 1QA",10,378750,411498,"E92000001","E19000001","E18000002","","E08000002","E05000685"
"BL8 1QB",10,378461,411258,"E92000001","E19000001","E18000002","","E08000002","E05000685"
"BL8 1QD",10,378514,411212,"E92000001","E19000001","E18000002","","E08000002","E05000685"
"BL8 1QE",10,378653,411238,"E92000001","E19000001","E18000002","","E08000002","E05000685"
"BL8 1QF",10,378592,411266,"E92000001","E19000001","E18000002","","E08000002","E05000685"
"BL8 1QH",10,378603,411346,"E92000001","E19000001","E18000002","","E08000002","E05000685"
"BL8 1QJ",10,378792,411425,"E92000001","E19000001","E18000002","","E08000002","E05000685"
"BL8 1QL",10,378479,411528,"E92000001","E19000001","E18000002","","E08000002","E05000685"
"BL8 1QN",10,379235,411627,"E92000001","E19000001","E18000002","","E08000002","E05000673"
"BL8 1QP",10,378591,411301,"E92000001","E19000001","E18000002","","E08000002","E05000685"
"BL8 1QQ",10,379471,411372,"E92000001","E19000001","E18000002","","E08000002","E05000673"
"BL8 1QR",10,378737,411442,"E92000001","E19000001","E18000002","","E08000002","E05000685"
"BL8 1QS",10,378893,411439,"E92000001","E19000001","E18000002","","E08000002","E05000673"
"BL8 1QT",10,378731,411190,"E92000001","E19000001","E18000002","","E08000002","E05000685"
"BL8 1QU",10,378738,411286,"E92000001","E19000001","E18000002","","E08000002","E05000685"
"BL8 1QX",10,378742,411221,"E92000001","E19000001","E18000002","","E08000002","E05000685"
"BL8 1QY",10,378633,411507,"E92000001","E19000001","E18000002","","E08000002","E05000685"
"BL8 1QZ",10,378569,411448,"E92000001","E19000001","E18000002","","E08000002","E05000685"
"BL8 1RA",10,378502,411393,"E92000001","E19000001","E18000002","","E08000002","E05000685"
"BL8 1RB",10,378541,411482,"E92000001","E19000001","E18000002","","E08000002","E05000685"
"BL8 1RD",10,378163,411403,"E92000001","E19000001","E18000002","","E08000002","E05000685"
"BL8 1RE",10,378659,411940,"E92000001","E19000001","E18000002","","E08000002","E05000673"
"BL8 1RH",10,378192,411543,"E92000001","E19000001","E18000002","","E08000002","E05000685"
"BL8 1RJ",10,378072,411201,"E92000001","E19000001","E18000002","","E08000002","E05000671"
"BL8 1RN",10,378467,411621,"E92000001","E19000001","E18000002","","E08000002","E05000685"
"BL8 1RP",10,378355,411644,"E92000001","E19000001","E18000002","","E08000002","E05000685"
"BL8 1RT",10,378761,411653,"E92000001","E19000001","E18000002","","E08000002","E05000673"
"BL8 1RU",10,379220,411585,"E92000001","E19000001","E18000002","","E08000002","E05000673"
"BL8 1RW",10,378222,411519,"E92000001","E19000001","E18000002","","E08000002","E05000685"
"BL8 1RX",10,379219,411546,"E92000001","E19000001","E18000002","","E08000002","E05000673"
"BL8 1RY",10,379298,411585,"E92000001","E19000001","E18000002","","E08000002","E05000673"
"BL8 1RZ",10,379190,411460,"E92000001","E19000001","E18000002","","E08000002","E05000673"
"BL8 1SA",10,379140,411428,"E92000001","E19000001","E18000002","","E08000002","E05000673"
"BL8 1SB",10,379133,411531,"E92000001","E19000001","E18000002","","E08000002","E05000673"
"BL8 1SE",10,379108,411624,"E92000001","E19000001","E18000002","","E08000002","E05000673"
"BL8 1SF",10,379085,411600,"E92000001","E19000001","E18000002","","E08000002","E05000673"
"BL8 1SG",10,379057,411567,"E92000001","E19000001","E18000002","","E08000002","E05000673"
"BL8 1SH",10,379062,411695,"E92000001","E19000001","E18000002","","E08000002","E05000673"
"BL8 1SJ",10,378965,411757,"E92000001","E19000001","E18000002","","E08000002","E05000673"
"BL8 1SN",10,378909,411604,"E92000001","E19000001","E18000002","","E08000002","E05000673"
"BL8 1SP",10,379007,411509,"E92000001","E19000001","E18000002","","E08000002","E05000673"
"BL8 1SQ",10,378911,411687,"E92000001","E19000001","E18000002","","E08000002","E05000673"
"BL8 1SR",10,379018,411734,"E92000001","E19000001","E18000002","","E08000002","E05000673"
"BL8 1ST",10,378976,411724,"E92000001","E19000001","E18000002","","E08000002","E05000673"
"BL8 1SU",10,378917,411513,"E92000001","E19000001","E18000002","","E08000002","E05000673"
"BL8 1SW",10,378958,411599,"E92000001","E19000001","E18000002","","E08000002","E05000673"
"BL8 1SX",10,378861,411567,"E92000001","E19000001","E18000002","","E08000002","E05000673"
"BL8 1SZ",10,378923,411750,"E92000001","E19000001","E18000002","","E08000002","E05000673"
"BL8 1TA",10,378796,411894,"E92000001","E19000001","E18000002","","E08000002","E05000673"
"BL8 1TB",10,378883,411819,"E92000001","E19000001","E18000002","","E08000002","E05000673"
"BL8 1TD",10,378882,411555,"E92000001","E19000001","E18000002","","E08000002","E05000673"
"BL8 1TE",10,378624,412061,"E92000001","E19000001","E18000002","","E08000002","E05000685"
"BL8 1TF",10,378905,411716,"E92000001","E19000001","E18000002","","E08000002","E05000673"
"BL8 1TG",10,378957,411546,"E92000001","E19000001","E18000002","","E08000002","E05000673"
"BL8 1TH",10,378856,411876,"E92000001","E19000001","E18000002","","E08000002","E05000673"
"BL8 1TJ",10,378824,411898,"E92000001","E19000001","E18000002","","E08000002","E05000673"
"BL8 1TL",10,378856,411831,"E92000001","E19000001","E18000002","","E08000002","E05000673"
"BL8 1TN",10,378654,411835,"E92000001","E19000001","E18000002","","E08000002","E05000673"
"BL8 1TP",10,378653,412118,"E92000001","E19000001","E18000002","","E08000002","E05000673"
"BL8 1TQ",10,378867,411892,"E92000001","E19000001","E18000002","","E08000002","E05000673"
"BL8 1TR",10,378687,411895,"E92000001","E19000001","E18000002","","E08000002","E05000673"
"BL8 1TS",10,378738,411923,"E92000001","E19000001","E18000002","","E08000002","E05000673"
"BL8 1TT",10,378796,411926,"E92000001","E19000001","E18000002","","E08000002","E05000673"
"BL8 1TU",10,378618,412127,"E92000001","E19000001","E18000002","","E08000002","E05000673"
"BL8 1TW",10,378721,411857,"E92000001","E19000001","E18000002","","E08000002","E05000673"
"BL8 1TX",10,378659,412028,"E92000001","E19000001","E18000002","","E08000002","E05000673"
"BL8 1TY",10,378635,412040,"E92000001","E19000001","E18000002","","E08000002","E05000673"
"BL8 1TZ",10,378681,412169,"E92000001","E19000001","E18000002","","E08000002","E05000673"
"BL8 1UA",10,378612,412297,"E92000001","E19000001","E18000002","","E08000002","E05000673"
"BL8 1UB",10,378556,412122,"E92000001","E19000001","E18000002","","E08000002","E05000685"
"BL8 1UD",10,378552,412105,"E92000001","E19000001","E18000002","","E08000002","E05000685"
"BL8 1UE",10,378749,412214,"E92000001","E19000001","E18000002","","E08000002","E05000673"
"BL8 1UF",10,378740,412123,"E92000001","E19000001","E18000002","","E08000002","E05000673"
"BL8 1UG",10,378831,412087,"E92000001","E19000001","E18000002","","E08000002","E05000673"
"BL8 1UH",10,378691,412260,"E92000001","E19000001","E18000002","","E08000002","E05000673"
"BL8 1UJ",10,378666,412295,"E92000001","E19000001","E18000002","","E08000002","E05000673"
"BL8 1UL",10,378753,411748,"E92000001","E19000001","E18000002","","E08000002","E05000673"
"BL8 1UN",10,378707,411796,"E92000001","E19000001","E18000002","","E08000002","E05000673"
"BL8 1UP",10,379957,411393,"E92000001","E19000001","E18000002","","E08000002","E05000673"
"BL8 1UQ",10,378860,412169,"E92000001","E19000001","E18000002","","E08000002","E05000673"
"BL8 1UR",10,379892,411393,"E92000001","E19000001","E18000002","","E08000002","E05000673"
"BL8 1US",10,379914,411452,"E92000001","E19000001","E18000002","","E08000002","E05000673"
"BL8 1UT",10,378887,411962,"E92000001","E19000001","E18000002","","E08000002","E05000673"
"BL8 1UU",10,379907,411518,"E92000001","E19000001","E18000002","","E08000002","E05000673"
"BL8 1UW",10,378805,411698,"E92000001","E19000001","E18000002","","E08000002","E05000673"
"BL8 1UX",10,379807,411462,"E92000001","E19000001","E18000002","","E08000002","E05000673"
"BL8 1UY",10,379853,411367,"E92000001","E19000001","E18000002","","E08000002","E05000673"
"BL8 1WA",10,378379,412884,"E92000001","E19000001","E18000002","","E08000002","E05000685"
"BL8 1WB",10,378431,412870,"E92000001","E19000001","E18000002","","E08000002","E05000685"
"BL8 1WD",10,378457,412643,"E92000001","E19000001","E18000002","","E08000002","E05000685"
"BL8 1WE",10,378441,412707,"E92000001","E19000001","E18000002","","E08000002","E05000685"
"BL8 1WF",10,378405,412712,"E92000001","E19000001","E18000002","","E08000002","E05000685"
"BL8 1WG",10,378372,412798,"E92000001","E19000001","E18000002","","E08000002","E05000685"
"BL8 1WH",10,378359,412918,"E92000001","E19000001","E18000002","","E08000002","E05000685"
"BL8 1WL",10,379051,411788,"E92000001","E19000001","E18000002","","E08000002","E05000673"
"BL8 1WN",10,379068,411818,"E92000001","E19000001","E18000002","","E08000002","E05000673"
"BL8 1WP",10,379156,411710,"E92000001","E19000001","E18000002","","E08000002","E05000673"
"BL8 1WQ",10,379033,411862,"E92000001","E19000001","E18000002","","E08000002","E05000673"
"BL8 1XA",10,379784,412369,"E92000001","E19000001","E18000002","","E08000002","E05000673"
"BL8 1XB",10,379829,412210,"E92000001","E19000001","E18000002","","E08000002","E05000673"
"BL8 1XD",10,379879,412248,"E92000001","E19000001","E18000002","","E08000002","E05000673"
"BL8 1XE",10,379924,412293,"E92000001","E19000001","E18000002","","E08000002","E05000673"
"BL8 1XF",10,379948,412397,"E92000001","E19000001","E18000002","","E08000002","E05000673"
"BL8 1XG",10,380062,412323,"E92000001","E19000001","E18000002","","E08000002","E05000673"
"BL8 1XH",10,379948,412216,"E92000001","E19000001","E18000002","","E08000002","E05000673"
"BL8 1XJ",10,380012,412159,"E92000001","E19000001","E18000002","","E08000002","E05000673"
"BL8 1XL",10,379909,412083,"E92000001","E19000001","E18000002","","E08000002","E05000673"
"BL8 1XN",10,379976,412108,"E92000001","E19000001","E18000002","","E08000002","E05000673"
"BL8 1XP",10,379722,412060,"E92000001","E19000001","E18000002","","E08000002","E05000673"
"BL8 1XQ",10,379939,412321,"E92000001","E19000001","E18000002","","E08000002","E05000673"
"BL8 1XR",10,379709,412012,"E92000001","E19000001","E18000002","","E08000002","E05000673"
"BL8 1XS",10,379953,412053,"E92000001","E19000001","E18000002","","E08000002","E05000673"
"BL8 1XU",10,379880,412018,"E92000001","E19000001","E18000002","","E08000002","E05000673"
"BL8 1XW",10,379744,411980,"E92000001","E19000001","E18000002","","E08000002","E05000673"
"BL8 1XX",10,379179,413323,"E92000001","E19000001","E18000002","","E08000002","E05000673"
"BL8 1XY",10,379261,413280,"E92000001","E19000001","E18000002","","E08000002","E05000673"
"BL8 1XZ",10,379171,413146,"E92000001","E19000001","E18000002","","E08000002","E05000673"
"BL8 1YA",10,379257,413020,"E92000001","E19000001","E18000002","","E08000002","E05000673"
"BL8 1YB",10,379228,412969,"E92000001","E19000001","E18000002","","E08000002","E05000673"
"BL8 1YD",10,379309,413011,"E92000001","E19000001","E18000002","","E08000002","E05000673"
"BL8 1YE",10,379121,413228,"E92000001","E19000001","E18000002","","E08000002","E05000673"
"BL8 1YF",10,379201,413060,"E92000001","E19000001","E18000002","","E08000002","E05000673"
"BL8 1YG",10,379309,413082,"E92000001","E19000001","E18000002","","E08000002","E05000673"
"BL8 1YH",10,379274,413207,"E92000001","E19000001","E18000002","","E08000002","E05000673"
"BL8 1YQ",10,379293,413145,"E92000001","E19000001","E18000002","","E08000002","E05000673"
"BL8 2AB",10,379605,410846,"E92000001","E19000001","E18000002","","E08000002","E05000671"
"BL8 2AD",10,379626,410831,"E92000001","E19000001","E18000002","","E08000002","E05000671"
"BL8 2AE",10,379600,410765,"E92000001","E19000001","E18000002","","E08000002","E05000671"
"BL8 2AG",10,379568,410949,"E92000001","E19000001","E18000002","","E08000002","E05000671"
"BL8 2AH",10,379483,410730,"E92000001","E19000001","E18000002","","E08000002","E05000671"
"BL8 2AJ",10,379561,410772,"E92000001","E19000001","E18000002","","E08000002","E05000671"
"BL8 2AL",10,379519,410441,"E92000001","E19000001","E18000002","","E08000002","E05000671"
"BL8 2AQ",10,379689,410795,"E92000001","E19000001","E18000002","","E08000002","E05000671"
"BL8 2AR",10,379575,410802,"E92000001","E19000001","E18000002","","E08000002","E05000671"
"BL8 2AT",10,379467,410699,"E92000001","E19000001","E18000002","","E08000002","E05000671"
"BL8 2AW",10,379003,410303,"E92000001","E19000001","E18000002","","E08000002","E05000671"
"BL8 2AX",10,379564,410678,"E92000001","E19000001","E18000002","","E08000002","E05000671"
"BL8 2AY",10,379428,410410,"E92000001","E19000001","E18000002","","E08000002","E05000671"
"BL8 2AZ",10,379382,410340,"E92000001","E19000001","E18000002","","E08000002","E05000671"
"BL8 2BA",10,379578,410894,"E92000001","E19000001","E18000002","","E08000002","E05000671"
"BL8 2BD",10,379374,410207,"E92000001","E19000001","E18000002","","E08000002","E05000671"
"BL8 2BE",10,378880,410096,"E92000001","E19000001","E18000002","","E08000002","E05000671"
"BL8 2BF",10,379168,410475,"E92000001","E19000001","E18000002","","E08000002","E05000671"
"BL8 2BG",10,378943,410106,"E92000001","E19000001","E18000002","","E08000002","E05000671"
"BL8 2BL",10,379256,410403,"E92000001","E19000001","E18000002","","E08000002","E05000671"
"BL8 2BN",10,379040,410266,"E92000001","E19000001","E18000002","","E08000002","E05000671"
"BL8 2BP",10,379300,409544,"E92000001","E19000001","E18000002","","E08000002","E05000671"
"BL8 2BQ",10,378994,410122,"E92000001","E19000001","E18000002","","E08000002","E05000671"
"BL8 2BR",10,379154,409688,"E92000001","E19000001","E18000002","","E08000002","E05000671"
"BL8 2BS",10,379130,410108,"E92000001","E19000001","E18000002","","E08000002","E05000671"
"BL8 2BT",10,379059,410297,"E92000001","E19000001","E18000002","","E08000002","E05000671"
"BL8 2BU",10,378846,409994,"E92000001","E19000001","E18000002","","E08000002","E05000671"
"BL8 2BW",10,378976,410195,"E92000001","E19000001","E18000002","","E08000002","E05000671"
"BL8 2BX",10,378786,410086,"E92000001","E19000001","E18000002","","E08000002","E05000671"
"BL8 2DA",10,378693,410112,"E92000001","E19000001","E18000002","","E08000002","E05000671"
"BL8 2DB",10,378566,409908,"E92000001","E19000001","E18000002","","E08000002","E05000671"
"BL8 2DD",10,378628,409834,"E92000001","E19000001","E18000002","","E08000002","E05000671"
"BL8 2DE",10,378465,409782,"E92000001","E19000001","E18000002","","E08000002","E05000671"
"BL8 2DF",10,378538,409722,"E92000001","E19000001","E18000002","","E08000002","E05000671"
"BL8 2DG",10,378453,409751,"E92000001","E19000001","E18000002","","E08000002","E05000671"
"BL8 2DH",10,378667,409834,"E92000001","E19000001","E18000002","","E08000002","E05000671"
"BL8 2DJ",10,378492,409888,"E92000001","E19000001","E18000002","","E08000002","E05000671"
"BL8 2DL",10,377952,409741,"E92000001","E19000001","E18000002","","E08000002","E05000671"
"BL8 2DN",10,378187,409687,"E92000001","E19000001","E18000002","","E08000002","E05000671"
"BL8 2DP",10,378025,409782,"E92000001","E19000001","E18000002","","E08000002","E05000671"
"BL8 2DR",10,378101,409740,"E92000001","E19000001","E18000002","","E08000002","E05000671"
"BL8 2DS",10,378112,409839,"E92000001","E19000001","E18000002","","E08000002","E05000671"
"BL8 2DT",10,378108,409785,"E92000001","E19000001","E18000002","","E08000002","E05000671"
"BL8 2DU",10,378400,409894,"E92000001","E19000001","E18000002","","E08000002","E05000671"
"BL8 2DW",10,378237,409746,"E92000001","E19000001","E18000002","","E08000002","E05000671"
"BL8 2DX",10,378559,410099,"E92000001","E19000001","E18000002","","E08000002","E05000671"
"BL8 2DY",10,378454,410012,"E92000001","E19000001","E18000002","","E08000002","E05000671"
"BL8 2DZ",10,378417,410069,"E92000001","E19000001","E18000002","","E08000002","E05000671"
"BL8 2EA",10,378410,410186,"E92000001","E19000001","E18000002","","E08000002","E05000671"
"BL8 2EB",10,378398,410133,"E92000001","E19000001","E18000002","","E08000002","E05000671"
"BL8 2ED",10,378317,410136,"E92000001","E19000001","E18000002","","E08000002","E05000671"
"BL8 2EE",10,378274,409878,"E92000001","E19000001","E18000002","","E08000002","E05000671"
"BL8 2EF",10,378230,409917,"E92000001","E19000001","E18000002","","E08000002","E05000671"
"BL8 2EG",10,378259,409943,"E92000001","E19000001","E18000002","","E08000002","E05000671"
"BL8 2EH",10,378680,409991,"E92000001","E19000001","E18000002","","E08000002","E05000671"
"BL8 2EJ",10,378803,410048,"E92000001","E19000001","E18000002","","E08000002","E05000671"
"BL8 2EL",10,378719,409949,"E92000001","E19000001","E18000002","","E08000002","E05000671"
"BL8 2EN",10,378778,409930,"E92000001","E19000001","E18000002","","E08000002","E05000671"
"BL8 2EP",10,377419,410728,"E92000001","E19000001","E18000002","","E08000002","E05000671"
"BL8 2EQ",10,379443,410784,"E92000001","E19000001","E18000002","","E08000002","E05000671"
"BL8 2ER",10,377517,410816,"E92000001","E19000001","E18000002","","E08000002","E05000671"
"BL8 2ES",10,377494,410709,"E92000001","E19000001","E18000002","","E08000002","E05000671"
"BL8 2ET",10,377486,410651,"E92000001","E19000001","E18000002","","E08000002","E05000671"
"BL8 2EU",10,377545,410739,"E92000001","E19000001","E18000002","","E08000002","E05000671"
"BL8 2EW",10,378985,410244,"E92000001","E19000001","E18000002","","E08000002","E05000671"
"BL8 2EX",10,377408,410573,"E92000001","E19000001","E18000002","","E08000002","E05000679"
"BL8 2EY",10,377472,410528,"E92000001","E19000001","E18000002","","E08000002","E05000671"
"BL8 2EZ",10,377434,410691,"E92000001","E19000001","E18000002","","E08000002","E05000671"
"BL8 2HA",10,377525,410766,"E92000001","E19000001","E18000002","","E08000002","E05000671"
"BL8 2HB",10,377340,410410,"E92000001","E19000001","E18000002","","E08000002","E05000679"
"BL8 2HD",10,377264,410342,"E92000001","E19000001","E18000002","","E08000002","E05000679"
"BL8 2HE",10,377451,410308,"E92000001","E19000001","E18000002","","E08000002","E05000678"
"BL8 2HF",10,377441,410212,"E92000001","E19000001","E18000002","","E08000002","E05000678"
"BL8 2HG",10,377885,410486,"E92000001","E19000001","E18000002","","E08000002","E05000671"
"BL8 2HH",10,377454,410059,"E92000001","E19000001","E18000002","","E08000002","E05000678"
"BL8 2HJ",10,377471,410229,"E92000001","E19000001","E18000002","","E08000002","E05000678"
"BL8 2HL",10,378355,410185,"E92000001","E19000001","E18000002","","E08000002","E05000671"
"BL8 2HN",10,377974,410403,"E92000001","E19000001","E18000002","","E08000002","E05000671"
"BL8 2HP",10,378107,410418,"E92000001","E19000001","E18000002","","E08000002","E05000671"
"BL8 2HQ",10,377972,410352,"E92000001","E19000001","E18000002","","E08000002","E05000671"
"BL8 2HR",10,378057,410279,"E92000001","E19000001","E18000002","","E08000002","E05000671"
"BL8 2HS",10,378023,410348,"E92000001","E19000001","E18000002","","E08000002","E05000671"
"BL8 2HT",10,378050,410241,"E92000001","E19000001","E18000002","","E08000002","E05000671"
"BL8 2HU",10,378236,410137,"E92000001","E19000001","E18000002","","E08000002","E05000671"
"BL8 2HW",10,377968,410470,"E92000001","E19000001","E18000002","","E08000002","E05000671"
"BL8 2HX",10,378198,410075,"E92000001","E19000001","E18000002","","E08000002","E05000671"
"BL8 2HY",10,378125,410102,"E92000001","E19000001","E18000002","","E08000002","E05000671"
"BL8 2HZ",10,378119,410056,"E92000001","E19000001","E18000002","","E08000002","E05000671"
"BL8 2JA",10,377847,409910,"E92000001","E19000001","E18000002","","E08000002","E05000671"
"BL8 2JB",10,377397,410796,"E92000001","E19000001","E18000002","","E08000002","E05000671"
"BL8 2JD",10,377867,409946,"E92000001","E19000001","E18000002","","E08000002","E05000671"
"BL8 2JE",10,378049,410035,"E92000001","E19000001","E18000002","","E08000002","E05000671"
"BL8 2JF",10,378072,410118,"E92000001","E19000001","E18000002","","E08000002","E05000671"
"BL8 2JG",10,377997,409883,"E92000001","E19000001","E18000002","","E08000002","E05000671"
"BL8 2JH",10,377982,410216,"E92000001","E19000001","E18000002","","E08000002","E05000671"
"BL8 2JJ",10,377894,409989,"E92000001","E19000001","E18000002","","E08000002","E05000671"
"BL8 2JL",10,377944,410013,"E92000001","E19000001","E18000002","","E08000002","E05000671"
"BL8 2JN",10,377984,409959,"E92000001","E19000001","E18000002","","E08000002","E05000671"
"BL8 2JP",10,377921,410080,"E92000001","E19000001","E18000002","","E08000002","E05000671"
"BL8 2JQ",10,378051,409827,"E92000001","E19000001","E18000002","","E08000002","E05000671"
"BL8 2JR",10,377905,410189,"E92000001","E19000001","E18000002","","E08000002","E05000671"
"BL8 2JS",10,377678,410247,"E92000001","E19000001","E18000002","","E08000002","E05000671"
"BL8 2JT",10,377712,410074,"E92000001","E19000001","E18000002","","E08000002","E05000671"
"BL8 2JU",10,377657,410911,"E92000001","E19000001","E18000002","","E08000002","E05000671"
"BL8 2JW",10,378032,409977,"E92000001","E19000001","E18000002","","E08000002","E05000671"
"BL8 2JX",10,377653,410867,"E92000001","E19000001","E18000002","","E08000002","E05000671"
"BL8 2JY",10,377755,410852,"E92000001","E19000001","E18000002","","E08000002","E05000671"
"BL8 2JZ",10,377834,410898,"E92000001","E19000001","E18000002","","E08000002","E05000671"
"BL8 2LA",10,377661,410777,"E92000001","E19000001","E18000002","","E08000002","E05000671"
"BL8 2LB",10,377841,410793,"E92000001","E19000001","E18000002","","E08000002","E05000671"
"BL8 2LD",10,377507,410883,"E92000001","E19000001","E18000002","","E08000002","E05000671"
"BL8 2LE",10,378856,410406,"E92000001","E19000001","E18000002","","E08000002","E05000671"
"BL8 2LF",10,378757,410536,"E92000001","E19000001","E18000002","","E08000002","E05000671"
"BL8 2LG",10,378685,410552,"E92000001","E19000001","E18000002","","E08000002","E05000671"
"BL8 2LH",10,378535,410550,"E92000001","E19000001","E18000002","","E08000002","E05000671"
"BL8 2LJ",10,378457,410465,"E92000001","E19000001","E18000002","","E08000002","E05000671"
"BL8 2LL",10,378273,410292,"E92000001","E19000001","E18000002","","E08000002","E05000671"
"BL8 2LN",10,378331,410444,"E92000001","E19000001","E18000002","","E08000002","E05000671"
"BL8 2LP",10,378561,410636,"E92000001","E19000001","E18000002","","E08000002","E05000671"
"BL8 2LQ",10,378598,410599,"E92000001","E19000001","E18000002","","E08000002","E05000671"
"BL8 2LR",10,378481,410662,"E92000001","E19000001","E18000002","","E08000002","E05000671"
"BL8 2LS",10,378371,410605,"E92000001","E19000001","E18000002","","E08000002","E05000671"
"BL8 2LT",10,378227,410612,"E92000001","E19000001","E18000002","","E08000002","E05000671"
"BL8 2LU",10,378164,410559,"E92000001","E19000001","E18000002","","E08000002","E05000671"
"BL8 2LW",10,378268,410410,"E92000001","E19000001","E18000002","","E08000002","E05000671"
"BL8 2LX",10,378394,410526,"E92000001","E19000001","E18000002","","E08000002","E05000671"
"BL8 2LY",10,378415,410459,"E92000001","E19000001","E18000002","","E08000002","E05000671"
"BL8 2LZ",10,378187,410420,"E92000001","E19000001","E18000002","","E08000002","E05000671"
"BL8 2NA",10,378146,410431,"E92000001","E19000001","E18000002","","E08000002","E05000671"
"BL8 2NB",10,378859,410297,"E92000001","E19000001","E18000002","","E08000002","E05000671"
"BL8 2ND",10,378806,410413,"E92000001","E19000001","E18000002","","E08000002","E05000671"
"BL8 2NE",10,378451,410246,"E92000001","E19000001","E18000002","","E08000002","E05000671"
"BL8 2NF",10,378335,410230,"E92000001","E19000001","E18000002","","E08000002","E05000671"
"BL8 2NG",10,378892,410308,"E92000001","E19000001","E18000002","","E08000002","E05000671"
"BL8 2NH",10,379565,410717,"E92000001","E19000001","E18000002","","E08000002","E05000671"
"BL8 2NN",10,378057,410704,"E92000001","E19000001","E18000002","","E08000002","E05000671"
"BL8 2NP",10,379315,410593,"E92000001","E19000001","E18000002","","E08000002","E05000671"
"BL8 2NQ",10,378746,410396,"E92000001","E19000001","E18000002","","E08000002","E05000671"
"BL8 2NR",10,379197,410449,"E92000001","E19000001","E18000002","","E08000002","E05000671"
"BL8 2NT",10,379267,410470,"E92000001","E19000001","E18000002","","E08000002","E05000671"
"BL8 2NU",10,379196,410409,"E92000001","E19000001","E18000002","","E08000002","E05000671"
"BL8 2NW",10,379362,410606,"E92000001","E19000001","E18000002","","E08000002","E05000671"
"BL8 2NX",10,379119,410462,"E92000001","E19000001","E18000002","","E08000002","E05000671"
"BL8 2NY",10,379156,410360,"E92000001","E19000001","E18000002","","E08000002","E05000671"
"BL8 2NZ",10,379027,410321,"E92000001","E19000001","E18000002","","E08000002","E05000671"
"BL8 2PA",10,379058,410399,"E92000001","E19000001","E18000002","","E08000002","E05000671"
"BL8 2PB",10,379101,410338,"E92000001","E19000001","E18000002","","E08000002","E05000671"
"BL8 2PD",10,378945,410256,"E92000001","E19000001","E18000002","","E08000002","E05000671"
"BL8 2PE",10,378964,410455,"E92000001","E19000001","E18000002","","E08000002","E05000671"
"BL8 2PF",10,378861,410557,"E92000001","E19000001","E18000002","","E08000002","E05000671"
"BL8 2PG",10,378894,410402,"E92000001","E19000001","E18000002","","E08000002","E05000671"
"BL8 2PH",10,378819,410158,"E92000001","E19000001","E18000002","","E08000002","E05000671"
"BL8 2PJ",10,378789,410252,"E92000001","E19000001","E18000002","","E08000002","E05000671"
"BL8 2PN",10,378910,410587,"E92000001","E19000001","E18000002","","E08000002","E05000671"
"BL8 2PP",10,378985,410366,"E92000001","E19000001","E18000002","","E08000002","E05000671"
"BL8 2PQ",10,378851,410488,"E92000001","E19000001","E18000002","","E08000002","E05000671"
"BL8 2PR",10,379003,410563,"E92000001","E19000001","E18000002","","E08000002","E05000671"
"BL8 2PS",10,379051,410604,"E92000001","E19000001","E18000002","","E08000002","E05000671"
"BL8 2PT",10,379128,410533,"E92000001","E19000001","E18000002","","E08000002","E05000671"
"BL8 2PU",10,379144,410630,"E92000001","E19000001","E18000002","","E08000002","E05000671"
"BL8 2PW",10,378994,410470,"E92000001","E19000001","E18000002","","E08000002","E05000671"
"BL8 2PX",10,379187,410660,"E92000001","E19000001","E18000002","","E08000002","E05000671"
"BL8 2PY",10,379153,410727,"E92000001","E19000001","E18000002","","E08000002","E05000671"
"BL8 2PZ",10,379158,410756,"E92000001","E19000001","E18000002","","E08000002","E05000671"
"BL8 2QA",10,379312,410735,"E92000001","E19000001","E18000002","","E08000002","E05000671"
"BL8 2QB",10,379275,410762,"E92000001","E19000001","E18000002","","E08000002","E05000671"
"BL8 2QD",10,379248,410832,"E92000001","E19000001","E18000002","","E08000002","E05000671"
"BL8 2QE",10,379230,410683,"E92000001","E19000001","E18000002","","E08000002","E05000671"
"BL8 2QF",10,379257,410666,"E92000001","E19000001","E18000002","","E08000002","E05000671"
"BL8 2QG",10,379348,410704,"E92000001","E19000001","E18000002","","E08000002","E05000671"
"BL8 2QH",10,379272,410825,"E92000001","E19000001","E18000002","","E08000002","E05000671"
"BL8 2QJ",10,379217,410554,"E92000001","E19000001","E18000002","","E08000002","E05000671"
"BL8 2QN",10,378764,410311,"E92000001","E19000001","E18000002","","E08000002","E05000671"
"BL8 2QQ",10,379307,410656,"E92000001","E19000001","E18000002","","E08000002","E05000671"
"BL8 2QR",10,379592,410888,"E92000001","E19000001","E18000002","","E08000002","E05000671"
"BL8 2QT",10,379085,410456,"E92000001","E19000001","E18000002","","E08000002","E05000671"
"BL8 2QU",10,379344,411061,"E92000001","E19000001","E18000002","","E08000002","E05000673"
"BL8 2QW",10,378839,410262,"E92000001","E19000001","E18000002","","E08000002","E05000671"
"BL8 2QX",10,379214,411099,"E92000001","E19000001","E18000002","","E08000002","E05000671"
"BL8 2QY",10,379209,411126,"E92000001","E19000001","E18000002","","E08000002","E05000673"
"BL8 2QZ",10,379289,411083,"E92000001","E19000001","E18000002","","E08000002","E05000673"
"BL8 2RA",10,379230,411056,"E92000001","E19000001","E18000002","","E08000002","E05000671"
"BL8 2RB",10,379223,411031,"E92000001","E19000001","E18000002","","E08000002","E05000671"
"BL8 2RD",10,379128,411147,"E92000001","E19000001","E18000002","","E08000002","E05000671"
"BL8 2RE",10,378960,410818,"E92000001","E19000001","E18000002","","E08000002","E05000671"
"BL8 2RF",10,378913,410844,"E92000001","E19000001","E18000002","","E08000002","E05000671"
"BL8 2RG",10,378985,410895,"E92000001","E19000001","E18000002","","E08000002","E05000671"
"BL8 2RH",10,378955,411252,"E92000001","E19000001","E18000002","","E08000002","E05000673"
"BL8 2RJ",10,379043,411127,"E92000001","E19000001","E18000002","","E08000002","E05000671"
"BL8 2RL",10,379071,411094,"E92000001","E19000001","E18000002","","E08000002","E05000671"
"BL8 2RN",10,378844,410897,"E92000001","E19000001","E18000002","","E08000002","E05000671"
"BL8 2RP",10,379103,411085,"E92000001","E19000001","E18000002","","E08000002","E05000671"
"BL8 2RQ",10,378977,410948,"E92000001","E19000001","E18000002","","E08000002","E05000671"
"BL8 2RR",10,379045,410873,"E92000001","E19000001","E18000002","","E08000002","E05000671"
"BL8 2RS",10,378998,410724,"E92000001","E19000001","E18000002","","E08000002","E05000671"
"BL8 2RT",10,378952,410680,"E92000001","E19000001","E18000002","","E08000002","E05000671"
"BL8 2RU",10,378868,410670,"E92000001","E19000001","E18000002","","E08000002","E05000671"
"BL8 2RW",10,378774,410813,"E92000001","E19000001","E18000002","","E08000002","E05000671"
"BL8 2RX",10,378875,410712,"E92000001","E19000001","E18000002","","E08000002","E05000671"
"BL8 2RY",10,378864,410777,"E92000001","E19000001","E18000002","","E08000002","E05000671"
"BL8 2RZ",10,378682,410868,"E92000001","E19000001","E18000002","","E08000002","E05000671"
"BL8 2SA",10,378591,410737,"E92000001","E19000001","E18000002","","E08000002","E05000671"
"BL8 2SB",10,378622,410681,"E92000001","E19000001","E18000002","","E08000002","E05000671"
"BL8 2SD",10,378706,410765,"E92000001","E19000001","E18000002","","E08000002","E05000671"
"BL8 2SE",10,378513,410755,"E92000001","E19000001","E18000002","","E08000002","E05000671"
"BL8 2SF",10,378517,410718,"E92000001","E19000001","E18000002","","E08000002","E05000671"
"BL8 2SG",10,378669,410738,"E92000001","E19000001","E18000002","","E08000002","E05000671"
"BL8 2SH",10,378747,410696,"E92000001","E19000001","E18000002","","E08000002","E05000671"
"BL8 2SL",10,379568,410949,"E92000001","E19000001","E18000002","","E08000002","E05000671"
"BL8 2SN",10,378963,411074,"E92000001","E19000001","E18000002","","E08000002","E05000671"
"BL8 2SP",10,378768,410632,"E92000001","E19000001","E18000002","","E08000002","E05000671"
"BL8 2SQ",10,378727,410654,"E92000001","E19000001","E18000002","","E08000002","E05000671"
"BL8 2SW",10,378660,410982,"E92000001","E19000001","E18000002","","E08000002","E05000671"
"BL8 2TA",10,377899,410163,"E92000001","E19000001","E18000002","","E08000002","E05000671"
"BL8 2TB",10,377639,410343,"E92000001","E19000001","E18000002","","E08000002","E05000671"
"BL8 2TE",10,377675,410286,"E92000001","E19000001","E18000002","","E08000002","E05000671"
"BL8 2TF",10,377702,410218,"E92000001","E19000001","E18000002","","E08000002","E05000671"
"BL8 2TG",10,377760,410317,"E92000001","E19000001","E18000002","","E08000002","E05000671"
"BL8 2TH",10,377893,410350,"E92000001","E19000001","E18000002","","E08000002","E05000671"
"BL8 2TJ",10,377841,410314,"E92000001","E19000001","E18000002","","E08000002","E05000671"
"BL8 2TL",10,377767,410448,"E92000001","E19000001","E18000002","","E08000002","E05000671"
"BL8 2TN",10,377811,411019,"E92000001","E19000001","E18000002","","E08000002","E05000671"
"BL8 2TP",10,377750,410998,"E92000001","E19000001","E18000002","","E08000002","E05000671"
"BL8 2TQ",10,377809,410415,"E92000001","E19000001","E18000002","","E08000002","E05000671"
"BL8 2TR",10,377921,410886,"E92000001","E19000001","E18000002","","E08000002","E05000671"
"BL8 2TS",10,377689,410546,"E92000001","E19000001","E18000002","","E08000002","E05000671"
"BL8 2TT",10,377847,410607,"E92000001","E19000001","E18000002","","E08000002","E05000671"
"BL8 2TU",10,377794,410591,"E92000001","E19000001","E18000002","","E08000002","E05000671"
"BL8 2TW",10,377820,411047,"E92000001","E19000001","E18000002","","E08000002","E05000671"
"BL8 2TX",10,377690,410684,"E92000001","E19000001","E18000002","","E08000002","E05000671"
"BL8 2TY",10,377757,410697,"E92000001","E19000001","E18000002","","E08000002","E05000671"
"BL8 2TZ",10,377666,410666,"E92000001","E19000001","E18000002","","E08000002","E05000671"
"BL8 2UA",10,377603,410639,"E92000001","E19000001","E18000002","","E08000002","E05000671"
"BL8 2UB",10,377585,410456,"E92000001","E19000001","E18000002","","E08000002","E05000671"
"BL8 2UD",10,377562,410487,"E92000001","E19000001","E18000002","","E08000002","E05000671"
"BL8 2UE",10,377662,410510,"E92000001","E19000001","E18000002","","E08000002","E05000671"
"BL8 2UF",10,378087,410654,"E92000001","E19000001","E18000002","","E08000002","E05000671"
"BL8 2UG",10,378295,410753,"E92000001","E19000001","E18000002","","E08000002","E05000671"
"BL8 2UH",10,377612,410503,"E92000001","E19000001","E18000002","","E08000002","E05000671"
"BL8 2UJ",10,378273,410688,"E92000001","E19000001","E18000002","","E08000002","E05000671"
"BL8 2UL",10,378121,410673,"E92000001","E19000001","E18000002","","E08000002","E05000671"
"BL8 2UN",10,378026,410598,"E92000001","E19000001","E18000002","","E08000002","E05000671"
"BL8 2UP",10,377817,410722,"E92000001","E19000001","E18000002","","E08000002","E05000671"
"BL8 2UR",10,377880,410731,"E92000001","E19000001","E18000002","","E08000002","E05000671"
"BL8 2US",10,377906,410565,"E92000001","E19000001","E18000002","","E08000002","E05000671"
"BL8 2UT",10,378002,410745,"E92000001","E19000001","E18000002","","E08000002","E05000671"
"BL8 2UU",10,377940,410739,"E92000001","E19000001","E18000002","","E08000002","E05000671"
"BL8 2UW",10,379033,411079,"E92000001","E19000001","E18000002","","E08000002","E05000671"
"BL8 2XA",10,378686,410186,"E92000001","E19000001","E18000002","","E08000002","E05000671"
"BL8 2XB",10,378683,410218,"E92000001","E19000001","E18000002","","E08000002","E05000671"
"BL8 2XD",10,378725,410222,"E92000001","E19000001","E18000002","","E08000002","E05000671"
"BL8 2XE",10,378667,410243,"E92000001","E19000001","E18000002","","E08000002","E05000671"
"BL8 2XW",10,379430,410593,"E92000001","E19000001","E18000002","","E08000002","E05000671"
"BL8 2XX",10,379565,410717,"E92000001","E19000001","E18000002","","E08000002","E05000671"
"BL8 3AA",10,378117,411497,"E92000001","E19000001","E18000002","","E08000002","E05000685"
"BL8 3AB",10,378064,411433,"E92000001","E19000001","E18000002","","E08000002","E05000685"
"BL8 3AD",10,378028,411455,"E92000001","E19000001","E18000002","","E08000002","E05000685"
"BL8 3AE",10,378013,411539,"E92000001","E19000001","E18000002","","E08000002","E05000685"
"BL8 3AF",10,377738,411664,"E92000001","E19000001","E18000002","","E08000002","E05000685"
"BL8 3AG",10,377627,411452,"E92000001","E19000001","E18000002","","E08000002","E05000685"
"BL8 3AH",10,377551,411413,"E92000001","E19000001","E18000002","","E08000002","E05000685"
"BL8 3AJ",10,377590,411428,"E92000001","E19000001","E18000002","","E08000002","E05000685"
"BL8 3AL",10,377636,411737,"E92000001","E19000001","E18000002","","E08000002","E05000685"
"BL8 3AN",10,377599,411537,"E92000001","E19000001","E18000002","","E08000002","E05000685"
"BL8 3AP",10,377986,411472,"E92000001","E19000001","E18000002","","E08000002","E05000685"
"BL8 3AQ",10,377571,411364,"E92000001","E19000001","E18000002","","E08000002","E05000671"
"BL8 3AR",10,377718,411693,"E92000001","E19000001","E18000002","","E08000002","E05000685"
"BL8 3AS",10,377820,411839,"E92000001","E19000001","E18000002","","E08000002","E05000685"
"BL8 3AT",10,377773,411987,"E92000001","E19000001","E18000002","","E08000002","E05000685"
"BL8 3AU",10,377775,411920,"E92000001","E19000001","E18000002","","E08000002","E05000685"
"BL8 3AW",10,377574,411658,"E92000001","E19000001","E18000002","","E08000002","E05000685"
"BL8 3AX",10,377723,411869,"E92000001","E19000001","E18000002","","E08000002","E05000685"
"BL8 3AY",10,377695,411796,"E92000001","E19000001","E18000002","","E08000002","E05000685"
"BL8 3AZ",10,377674,411809,"E92000001","E19000001","E18000002","","E08000002","E05000685"
"BL8 3BA",10,377622,411756,"E92000001","E19000001","E18000002","","E08000002","E05000685"
"BL8 3BB",10,377545,411749,"E92000001","E19000001","E18000002","","E08000002","E05000685"
"BL8 3BD",10,377586,411832,"E92000001","E19000001","E18000002","","E08000002","E05000685"
"BL8 3BE",10,377513,411847,"E92000001","E19000001","E18000002","","E08000002","E05000685"
"BL8 3BF",10,378083,411354,"E92000001","E19000001","E18000002","","E08000002","E05000685"
"BL8 3BG",10,377481,411780,"E92000001","E19000001","E18000002","","E08000002","E05000685"
"BL8 3BH",10,377475,411985,"E92000001","E19000001","E18000002","","E08000002","E05000685"
"BL8 3BJ",10,377592,411932,"E92000001","E19000001","E18000002","","E08000002","E05000685"
"BL8 3BL",10,377648,412035,"E92000001","E19000001","E18000002","","E08000002","E05000685"
"BL8 3BN",10,377770,412069,"E92000001","E19000001","E18000002","","E08000002","E05000685"
"BL8 3BP",10,377901,412025,"E92000001","E19000001","E18000002","","E08000002","E05000685"
"BL8 3BQ",10,377548,411830,"E92000001","E19000001","E18000002","","E08000002","E05000685"
"BL8 3BR",10,377773,412175,"E92000001","E19000001","E18000002","","E08000002","E05000685"
"BL8 3BS",10,377733,412084,"E92000001","E19000001","E18000002","","E08000002","E05000685"
"BL8 3BT",10,377764,412108,"E92000001","E19000001","E18000002","","E08000002","E05000685"
"BL8 3BU",10,378237,412484,"E92000001","E19000001","E18000002","","E08000002","E05000685"
"BL8 3BW",10,377798,412003,"E92000001","E19000001","E18000002","","E08000002","E05000685"
"BL8 3BX",10,377605,411557,"E92000001","E19000001","E18000002","","E08000002","E05000685"
"BL8 3BY",10,377509,412125,"E92000001","E19000001","E18000002","","E08000002","E05000685"
"BL8 3BZ",10,377604,412216,"E92000001","E19000001","E18000002","","E08000002","E05000685"
"BL8 3DA",10,377494,412064,"E92000001","E19000001","E18000002","","E08000002","E05000685"
"BL8 3DB",10,377569,412011,"E92000001","E19000001","E18000002","","E08000002","E05000685"
"BL8 3DD",10,377876,412178,"E92000001","E19000001","E18000002","","E08000002","E05000685"
"BL8 3DE",10,378045,412154,"E92000001","E19000001","E18000002","","E08000002","E05000685"
"BL8 3DF",10,378253,412207,"E92000001","E19000001","E18000002","","E08000002","E05000685"
"BL8 3DG",10,377487,411274,"E92000001","E19000001","E18000002","","E08000002","E05000671"
"BL8 3DH",10,377385,411132,"E92000001","E19000001","E18000002","","E08000002","E05000671"
"BL8 3DJ",10,377477,411122,"E92000001","E19000001","E18000002","","E08000002","E05000671"
"BL8 3DL",10,377406,411207,"E92000001","E19000001","E18000002","","E08000002","E05000671"
"BL8 3DN",10,378482,412147,"E92000001","E19000001","E18000002","","E08000002","E05000685"
"BL8 3DP",10,378418,412182,"E92000001","E19000001","E18000002","","E08000002","E05000685"
"BL8 3DQ",10,377576,411253,"E92000001","E19000001","E18000002","","E08000002","E05000671"
"BL8 3DS",10,378378,412296,"E92000001","E19000001","E18000002","","E08000002","E05000685"
"BL8 3DT",10,378368,412261,"E92000001","E19000001","E18000002","","E08000002","E05000685"
"BL8 3DU",10,378298,412283,"E92000001","E19000001","E18000002","","E08000002","E05000685"
"BL8 3DW",10,378440,412132,"E92000001","E19000001","E18000002","","E08000002","E05000685"
"BL8 3DX",10,378124,412447,"E92000001","E19000001","E18000002","","E08000002","E05000685"
"BL8 3DY",10,378133,412487,"E92000001","E19000001","E18000002","","E08000002","E05000685"
"BL8 3DZ",10,378163,412273,"E92000001","E19000001","E18000002","","E08000002","E05000685"
"BL8 3EA",10,378233,412272,"E92000001","E19000001","E18000002","","E08000002","E05000685"
"BL8 3EB",10,378039,412409,"E92000001","E19000001","E18000002","","E08000002","E05000685"
"BL8 3ED",10,378018,412191,"E92000001","E19000001","E18000002","","E08000002","E05000685"
"BL8 3EE",10,378108,412363,"E92000001","E19000001","E18000002","","E08000002","E05000685"
"BL8 3EF",10,378096,412267,"E92000001","E19000001","E18000002","","E08000002","E05000685"
"BL8 3EG",10,377990,412250,"E92000001","E19000001","E18000002","","E08000002","E05000685"
"BL8 3EH",10,378023,412438,"E92000001","E19000001","E18000002","","E08000002","E05000685"
"BL8 3EJ",10,378067,412455,"E92000001","E19000001","E18000002","","E08000002","E05000685"
"BL8 3EL",10,378118,412440,"E92000001","E19000001","E18000002","","E08000002","E05000685"
"BL8 3EN",10,378203,412586,"E92000001","E19000001","E18000002","","E08000002","E05000685"
"BL8 3EP",10,378135,412641,"E92000001","E19000001","E18000002","","E08000002","E05000685"
"BL8 3EQ",10,378024,412257,"E92000001","E19000001","E18000002","","E08000002","E05000685"
"BL8 3ER",10,378092,412586,"E92000001","E19000001","E18000002","","E08000002","E05000685"
"BL8 3ES",10,378035,412614,"E92000001","E19000001","E18000002","","E08000002","E05000685"
"BL8 3ET",10,377932,412583,"E92000001","E19000001","E18000002","","E08000002","E05000685"
"BL8 3EU",10,377895,412655,"E92000001","E19000001","E18000002","","E08000002","E05000685"
"BL8 3EW",10,378190,412562,"E92000001","E19000001","E18000002","","E08000002","E05000685"
"BL8 3EX",10,377842,412566,"E92000001","E19000001","E18000002","","E08000002","E05000685"
"BL8 3EY",10,377926,412555,"E92000001","E19000001","E18000002","","E08000002","E05000685"
"BL8 3EZ",10,377794,412606,"E92000001","E19000001","E18000002","","E08000002","E05000685"
"BL8 3FS",10,377663,411628,"E92000001","E19000001","E18000002","","E08000002","E05000685"
"BL8 3GA",10,379565,410717,"E92000001","E19000001","E18000002","","E08000002","E05000671"
"BL8 3GE",10,377892,412237,"E92000001","E19000001","E18000002","","E08000002","E05000685"
"BL8 3GF",10,377867,412306,"E92000001","E19000001","E18000002","","E08000002","E05000685"
"BL8 3GG",10,378490,412327,"E92000001","E19000001","E18000002","","E08000002","E05000685"
"BL8 3GH",10,378008,412616,"E92000001","E19000001","E18000002","","E08000002","E05000685"
"BL8 3GJ",10,378313,412258,"E92000001","E19000001","E18000002","","E08000002","E05000685"
"BL8 3GL",10,377562,411486,"E92000001","E19000001","E18000002","","E08000002","E05000685"
"BL8 3GN",10,377745,413254,"E92000001","E19000001","E18000002","","E08000002","E05000685"
"BL8 3GP",10,377599,411987,"E92000001","E19000001","E18000002","","E08000002","E05000685"
"BL8 3GQ",10,377575,411137,"E92000001","E19000001","E18000002","","E08000002","E05000671"
"BL8 3GX",10,377781,412262,"E92000001","E19000001","E18000002","","E08000002","E05000685"
"BL8 3GY",10,377748,412821,"E92000001","E19000001","E18000002","","E08000002","E05000685"
"BL8 3HA",10,377763,412771,"E92000001","E19000001","E18000002","","E08000002","E05000685"
"BL8 3HB",10,377782,412692,"E92000001","E19000001","E18000002","","E08000002","E05000685"
"BL8 3HD",10,377768,412746,"E92000001","E19000001","E18000002","","E08000002","E05000685"
"BL8 3HE",10,378558,412245,"E92000001","E19000001","E18000002","","E08000002","E05000685"
"BL8 3HF",10,377704,412794,"E92000001","E19000001","E18000002","","E08000002","E05000685"
"BL8 3HG",10,378311,412513,"E92000001","E19000001","E18000002","","E08000002","E05000685"
"BL8 3HH",10,377653,412752,"E92000001","E19000001","E18000002","","E08000002","E05000685"
"BL8 3HJ",10,377664,412572,"E92000001","E19000001","E18000002","","E08000002","E05000685"
"BL8 3HL",10,377508,412754,"E92000001","E19000001","E18000002","","E08000002","E05000685"
"BL8 3HN",10,377349,412711,"E92000001","E19000001","E18000002","","E08000002","E05000685"
"BL8 3HP",10,377383,412441,"E92000001","E19000001","E18000002","","E08000002","E05000685"
"BL8 3HQ",10,377757,412283,"E92000001","E19000001","E18000002","","E08000002","E05000685"
"BL8 3HR",10,377589,412453,"E92000001","E19000001","E18000002","","E08000002","E05000685"
"BL8 3HS",10,377493,412520,"E92000001","E19000001","E18000002","","E08000002","E05000685"
"BL8 3HT",10,377398,412539,"E92000001","E19000001","E18000002","","E08000002","E05000685"
"BL8 3HU",10,377424,412629,"E92000001","E19000001","E18000002","","E08000002","E05000685"
"BL8 3HW",10,377322,412575,"E92000001","E19000001","E18000002","","E08000002","E05000685"
"BL8 3HX",10,377638,412684,"E92000001","E19000001","E18000002","","E08000002","E05000685"
"BL8 3HY",10,377567,412616,"E92000001","E19000001","E18000002","","E08000002","E05000685"
"BL8 3HZ",10,377521,412702,"E92000001","E19000001","E18000002","","E08000002","E05000685"
"BL8 3JA",10,377610,412765,"E92000001","E19000001","E18000002","","E08000002","E05000685"
"BL8 3JB",10,377734,412650,"E92000001","E19000001","E18000002","","E08000002","E05000685"
"BL8 3JD",10,377762,412548,"E92000001","E19000001","E18000002","","E08000002","E05000685"
"BL8 3JE",10,377623,412541,"E92000001","E19000001","E18000002","","E08000002","E05000685"
"BL8 3JG",10,377802,412429,"E92000001","E19000001","E18000002","","E08000002","E05000685"
"BL8 3JH",10,377839,412253,"E92000001","E19000001","E18000002","","E08000002","E05000685"
"BL8 3JJ",10,377833,412435,"E92000001","E19000001","E18000002","","E08000002","E05000685"
"BL8 3JL",10,377726,412291,"E92000001","E19000001","E18000002","","E08000002","E05000685"
"BL8 3JN",10,377721,412398,"E92000001","E19000001","E18000002","","E08000002","E05000685"
"BL8 3JP",10,377643,412187,"E92000001","E19000001","E18000002","","E08000002","E05000685"
"BL8 3JQ",10,377806,412252,"E92000001","E19000001","E18000002","","E08000002","E05000685"
"BL8 3JR",10,377617,412289,"E92000001","E19000001","E18000002","","E08000002","E05000685"
"BL8 3JS",10,377584,412232,"E92000001","E19000001","E18000002","","E08000002","E05000685"
"BL8 3JT",10,377498,412280,"E92000001","E19000001","E18000002","","E08000002","E05000685"
"BL8 3JU",10,377652,412332,"E92000001","E19000001","E18000002","","E08000002","E05000685"
"BL8 3JW",10,377604,412379,"E92000001","E19000001","E18000002","","E08000002","E05000685"
"BL8 3JX",10,377588,412337,"E92000001","E19000001","E18000002","","E08000002","E05000685"
"BL8 3JY",10,377611,412254,"E92000001","E19000001","E18000002","","E08000002","E05000685"
"BL8 3JZ",10,377462,412323,"E92000001","E19000001","E18000002","","E08000002","E05000685"
"BL8 3LA",10,377481,412165,"E92000001","E19000001","E18000002","","E08000002","E05000685"
"BL8 3LB",10,377615,412619,"E92000001","E19000001","E18000002","","E08000002","E05000685"
"BL8 3LD",10,377932,412762,"E92000001","E19000001","E18000002","","E08000002","E05000685"
"BL8 3LE",10,377995,412730,"E92000001","E19000001","E18000002","","E08000002","E05000685"
"BL8 3LF",10,378324,412461,"E92000001","E19000001","E18000002","","E08000002","E05000685"
"BL8 3LH",10,377610,413054,"E92000001","E19000001","E18000002","","E08000002","E05000685"
"BL8 3LJ",10,377551,412995,"E92000001","E19000001","E18000002","","E08000002","E05000685"
"BL8 3LL",10,377575,412993,"E92000001","E19000001","E18000002","","E08000002","E05000685"
"BL8 3LP",10,377530,413007,"E92000001","E19000001","E18000002","","E08000002","E05000685"
"BL8 3LQ",10,377607,413212,"E92000001","E19000001","E18000002","","E08000002","E05000685"
"BL8 3LR",10,377533,412926,"E92000001","E19000001","E18000002","","E08000002","E05000685"
"BL8 3LS",10,377651,412792,"E92000001","E19000001","E18000002","","E08000002","E05000685"
"BL8 3LT",10,377652,412850,"E92000001","E19000001","E18000002","","E08000002","E05000685"
"BL8 3LU",10,377521,413035,"E92000001","E19000001","E18000002","","E08000002","E05000685"
"BL8 3LW",10,377974,413179,"E92000001","E19000001","E18000002","","E08000002","E05000685"
"BL8 3LX",10,377665,412868,"E92000001","E19000001","E18000002","","E08000002","E05000685"
"BL8 3LY",10,377736,412979,"E92000001","E19000001","E18000002","","E08000002","E05000685"
"BL8 3LZ",10,377813,412977,"E92000001","E19000001","E18000002","","E08000002","E05000685"
"BL8 3NA",10,377712,413141,"E92000001","E19000001","E18000002","","E08000002","E05000685"
"BL8 3NB",10,377829,413258,"E92000001","E19000001","E18000002","","E08000002","E05000685"
"BL8 3ND",10,377659,413298,"E92000001","E19000001","E18000002","","E08000002","E05000685"
"BL8 3NE",10,377875,413281,"E92000001","E19000001","E18000002","","E08000002","E05000685"
"BL8 3NF",10,377938,413370,"E92000001","E19000001","E18000002","","E08000002","E05000685"
"BL8 3NG",10,377898,413410,"E92000001","E19000001","E18000002","","E08000002","E05000685"
"BL8 3NH",10,377649,413275,"E92000001","E19000001","E18000002","","E08000002","E05000685"
"BL8 3NJ",10,377669,413119,"E92000001","E19000001","E18000002","","E08000002","E05000685"
"BL8 3NL",10,377644,413192,"E92000001","E19000001","E18000002","","E08000002","E05000685"
"BL8 3NN",10,377877,413208,"E92000001","E19000001","E18000002","","E08000002","E05000685"
"BL8 3NP",10,377850,413177,"E92000001","E19000001","E18000002","","E08000002","E05000685"
"BL8 3NQ",10,377859,413322,"E92000001","E19000001","E18000002","","E08000002","E05000685"
"BL8 3NR",10,377326,413070,"E92000001","E19000001","E18000002","","E08000002","E05000685"
"BL8 3NS",10,377993,413262,"E92000001","E19000001","E18000002","","E08000002","E05000685"
"BL8 3NT",10,377359,413097,"E92000001","E19000001","E18000002","","E08000002","E05000685"
"BL8 3NU",10,377359,413157,"E92000001","E19000001","E18000002","","E08000002","E05000685"
"BL8 3NW",10,377442,413078,"E92000001","E19000001","E18000002","","E08000002","E05000685"
"BL8 3NX",10,377982,413225,"E92000001","E19000001","E18000002","","E08000002","E05000685"
"BL8 3NY",10,377916,413255,"E92000001","E19000001","E18000002","","E08000002","E05000685"
"BL8 3PA",10,377553,411028,"E92000001","E19000001","E18000002","","E08000002","E05000671"
"BL8 3PB",10,377657,411126,"E92000001","E19000001","E18000002","","E08000002","E05000671"
"BL8 3PD",10,377016,411299,"E92000001","E19000001","E18000002","","E08000002","E05000671"
"BL8 3PE",10,376916,413338,"E92000001","E19000001","E18000002","","E08000002","E05000685"
"BL8 3PF",10,376793,413592,"E92000001","E19000001","E18000002","","E08000002","E05000685"
"BL8 3PG",10,376631,413612,"E92000001","E19000001","E18000002","","E08000002","E05000685"
"BL8 3PH",10,376627,411602,"E92000001","E19000001","E18000002","","E08000002","E05000671"
"BL8 3PJ",10,377055,412076,"E92000001","E19000001","E18000002","","E08000002","E05000685"
"BL8 3PL",10,377229,412256,"E92000001","E19000001","E18000002","","E08000002","E05000685"
"BL8 3PN",10,376373,412379,"E92000001","E19000001","E18000002","","E08000002","E05000685"
"BL8 3PP",10,377080,412569,"E92000001","E19000001","E18000002","","E08000002","E05000685"
"BL8 3PQ",10,377942,413210,"E92000001","E19000001","E18000002","","E08000002","E05000685"
"BL8 3PR",10,376356,412123,"E92000001","E19000001","E18000002","","E08000002","E05000685"
"BL8 3PS",10,377613,410962,"E92000001","E19000001","E18000002","","E08000002","E05000671"
"BL8 3PT",10,376555,412731,"E92000001","E19000001","E18000002","","E08000002","E05000685"
"BL8 3PU",10,376661,413054,"E92000001","E19000001","E18000002","","E08000002","E05000685"
"BL8 3PW",10,376569,412298,"E92000001","E19000001","E18000002","","E08000002","E05000685"
"BL8 3PX",10,376369,413351,"E92000001","E19000001","E18000002","","E08000002","E05000685"
"BL8 3PY",10,376954,413084,"E92000001","E19000001","E18000002","","E08000002","E05000685"
"BL8 3PZ",10,377195,413655,"E92000001","E19000001","E18000002","","E08000002","E05000685"
"BL8 3QA",10,377002,413573,"E92000001","E19000001","E18000002","","E08000002","E05000685"
"BL8 3QB",10,376556,414036,"E92000001","E19000001","E18000002","","E08000002","E05000685"
"BL8 3QD",10,378292,412444,"E92000001","E19000001","E18000002","","E08000002","E05000685"
"BL8 3QE",10,376474,413747,"E92000001","E19000001","E18000002","","E08000002","E05000685"
"BL8 3QF",10,376218,413884,"E92000001","E19000001","E18000002","","E08000002","E05000685"
"BL8 3QG",10,375722,414226,"E92000001","E19000001","E18000002","","E08000002","E05000685"
"BL8 3QH",10,376831,413733,"E92000001","E19000001","E18000002","","E08000002","E05000685"
"BL8 3QJ",10,375150,414304,"E92000001","E19000001","E18000002","","E08000002","E05000685"
"BL8 3QL",10,375270,414067,"E92000001","E19000001","E18000002","","E08000002","E05000685"
"BL8 3QN",10,375402,413782,"E92000001","E19000001","E18000002","","E08000002","E05000685"
"BL8 3QP",10,375434,413624,"E92000001","E19000001","E18000002","","E08000002","E05000685"
"BL8 3QQ",10,375490,414540,"E92000001","E19000001","E18000002","","E08000002","E05000685"
"BL8 3QR",10,375909,413274,"E92000001","E19000001","E18000002","","E08000002","E05000685"
"BL8 3QS",10,376023,412816,"E92000001","E19000001","E18000002","","E08000002","E05000685"
"BL8 3QT",10,376102,412588,"E92000001","E19000001","E18000002","","E08000002","E05000685"
"BL8 3QU",10,376025,412677,"E92000001","E19000001","E18000002","","E08000001","E05000651"
"BL8 3QW",10,375479,413694,"E92000001","E19000001","E18000002","","E08000002","E05000685"
"BL8 3QX",10,377582,413103,"E92000001","E19000001","E18000002","","E08000002","E05000685"
"BL8 3QY",10,377441,413138,"E92000001","E19000001","E18000002","","E08000002","E05000685"
"BL8 3SA",10,377443,412980,"E92000001","E19000001","E18000002","","E08000002","E05000685"
"BL8 3SB",10,377478,413016,"E92000001","E19000001","E18000002","","E08000002","E05000685"
"BL8 3SD",10,377492,413082,"E92000001","E19000001","E18000002","","E08000002","E05000685"
"BL8 3SE",10,377410,413045,"E92000001","E19000001","E18000002","","E08000002","E05000685"
"BL8 3SF",10,377387,413035,"E92000001","E19000001","E18000002","","E08000002","E05000685"
"BL8 3TA",10,377756,411789,"E92000001","E19000001","E18000002","","E08000002","E05000685"
"BL8 3TB",10,377734,411729,"E92000001","E19000001","E18000002","","E08000002","E05000685"
"BL8 4AA",10,377555,413135,"E92000001","E19000001","E18000002","","E08000002","E05000685"
"BL8 4AB",10,377510,413765,"E92000001","E19000001","E18000002","","E08000002","E05000685"
"BL8 4AD",10,377510,413185,"E92000001","E19000001","E18000002","","E08000002","E05000685"
"BL8 4AE",10,377399,413211,"E92000001","E19000001","E18000002","","E08000002","E05000685"
"BL8 4AF",10,377302,413150,"E92000001","E19000001","E18000002","","E08000002","E05000685"
"BL8 4AG",10,377281,413311,"E92000001","E19000001","E18000002","","E08000002","E05000685"
"BL8 4AH",10,377527,413237,"E92000001","E19000001","E18000002","","E08000002","E05000685"
"BL8 4AJ",10,377095,413495,"E92000001","E19000001","E18000002","","E08000002","E05000685"
"BL8 4AL",10,377508,413244,"E92000001","E19000001","E18000002","","E08000002","E05000685"
"BL8 4AN",10,377367,413236,"E92000001","E19000001","E18000002","","E08000002","E05000685"
"BL8 4AP",10,377539,413344,"E92000001","E19000001","E18000002","","E08000002","E05000685"
"BL8 4AQ",10,377193,413398,"E92000001","E19000001","E18000002","","E08000002","E05000685"
"BL8 4AR",10,377540,413405,"E92000001","E19000001","E18000002","","E08000002","E05000685"
"BL8 4AS",10,377586,413380,"E92000001","E19000001","E18000002","","E08000002","E05000685"
"BL8 4AT",10,377677,413543,"E92000001","E19000001","E18000002","","E08000002","E05000685"
"BL8 4AU",10,377515,413496,"E92000001","E19000001","E18000002","","E08000002","E05000685"
"BL8 4AW",10,377409,413225,"E92000001","E19000001","E18000002","","E08000002","E05000685"
"BL8 4AX",10,377467,413504,"E92000001","E19000001","E18000002","","E08000002","E05000685"
"BL8 4AY",10,377484,413788,"E92000001","E19000001","E18000002","","E08000002","E05000685"
"BL8 4AZ",10,377540,413642,"E92000001","E19000001","E18000002","","E08000002","E05000685"
"BL8 4BA",10,377652,414132,"E92000001","E19000001","E18000002","","E08000002","E05000676"
"BL8 4BB",10,377708,414223,"E92000001","E19000001","E18000002","","E08000002","E05000676"
"BL8 4BD",10,377638,414058,"E92000001","E19000001","E18000002","","E08000002","E05000676"
"BL8 4BE",10,377545,414002,"E92000001","E19000001","E18000002","","E08000002","E05000676"
"BL8 4BG",10,377476,414002,"E92000001","E19000001","E18000002","","E08000002","E05000676"
"BL8 4BH",10,377711,414321,"E92000001","E19000001","E18000002","","E08000002","E05000676"
"BL8 4BJ",10,377778,414093,"E92000001","E19000001","E18000002","","E08000002","E05000676"
"BL8 4BL",10,377697,413992,"E92000001","E19000001","E18000002","","E08000002","E05000676"
"BL8 4BN",10,376909,413480,"E92000001","E19000001","E18000002","","E08000002","E05000685"
"BL8 4BQ",10,377521,413935,"E92000001","E19000001","E18000002","","E08000002","E05000676"
"BL8 4BR",10,378011,413786,"E92000001","E19000001","E18000002","","E08000002","E05000676"
"BL8 4BS",10,378130,413873,"E92000001","E19000001","E18000002","","E08000002","E05000676"
"BL8 4BT",10,377473,413640,"E92000001","E19000001","E18000002","","E08000002","E05000685"
"BL8 4BU",10,377132,413322,"E92000001","E19000001","E18000002","","E08000002","E05000685"
"BL8 4BW",10,376955,413449,"E92000001","E19000001","E18000002","","E08000002","E05000685"
"BL8 4BX",10,377008,413457,"E92000001","E19000001","E18000002","","E08000002","E05000685"
"BL8 4BY",10,377514,413694,"E92000001","E19000001","E18000002","","E08000002","E05000685"
"BL8 4BZ",10,377794,414193,"E92000001","E19000001","E18000002","","E08000002","E05000676"
"BL8 4DA",10,378387,414335,"E92000001","E19000001","E18000002","","E08000002","E05000676"
"BL8 4DB",10,378348,414291,"E92000001","E19000001","E18000002","","E08000002","E05000676"
"BL8 4DD",10,378162,414317,"E92000001","E19000001","E18000002","","E08000002","E05000676"
"BL8 4DE",10,378045,414370,"E92000001","E19000001","E18000002","","E08000002","E05000676"
"BL8 4DF",10,378094,414440,"E92000001","E19000001","E18000002","","E08000002","E05000676"
"BL8 4DG",10,378039,414447,"E92000001","E19000001","E18000002","","E08000002","E05000676"
"BL8 4DH",10,378236,414185,"E92000001","E19000001","E18000002","","E08000002","E05000676"
"BL8 4DJ",10,378218,414438,"E92000001","E19000001","E18000002","","E08000002","E05000676"
"BL8 4DL",10,378194,414387,"E92000001","E19000001","E18000002","","E08000002","E05000676"
"BL8 4DN",10,377946,414222,"E92000001","E19000001","E18000002","","E08000002","E05000676"
"BL8 4DP",10,377898,414352,"E92000001","E19000001","E18000002","","E08000002","E05000676"
"BL8 4DQ",10,378037,414508,"E92000001","E19000001","E18000002","","E08000002","E05000676"
"BL8 4DR",10,377880,414215,"E92000001","E19000001","E18000002","","E08000002","E05000676"
"BL8 4DS",10,377780,414337,"E92000001","E19000001","E18000002","","E08000002","E05000676"
"BL8 4DT",10,377779,414404,"E92000001","E19000001","E18000002","","E08000002","E05000676"
"BL8 4DU",10,377865,414423,"E92000001","E19000001","E18000002","","E08000002","E05000676"
"BL8 4DW",10,377942,414481,"E92000001","E19000001","E18000002","","E08000002","E05000676"
"BL8 4DX",10,378030,414152,"E92000001","E19000001","E18000002","","E08000002","E05000676"
"BL8 4DY",10,378077,414190,"E92000001","E19000001","E18000002","","E08000002","E05000676"
"BL8 4DZ",10,378156,414002,"E92000001","E19000001","E18000002","","E08000002","E05000676"
"BL8 4EA",10,378204,414101,"E92000001","E19000001","E18000002","","E08000002","E05000676"
"BL8 4EB",10,377988,414312,"E92000001","E19000001","E18000002","","E08000002","E05000676"
"BL8 4ED",10,378170,414283,"E92000001","E19000001","E18000002","","E08000002","E05000676"
"BL8 4EE",10,378044,414207,"E92000001","E19000001","E18000002","","E08000002","E05000676"
"BL8 4EF",10,378219,414207,"E92000001","E19000001","E18000002","","E08000002","E05000676"
"BL8 4EG",10,377920,414567,"E92000001","E19000001","E18000002","","E08000002","E05000676"
"BL8 4EH",10,377934,415058,"E92000001","E19000001","E18000002","","E08000002","E05000676"
"BL8 4EJ",10,377722,414928,"E92000001","E19000001","E18000002","","E08000002","E05000676"
"BL8 4EL",10,377680,414917,"E92000001","E19000001","E18000002","","E08000002","E05000676"
"BL8 4EN",10,377783,414857,"E92000001","E19000001","E18000002","","E08000002","E05000676"
"BL8 4EP",10,377906,414874,"E92000001","E19000001","E18000002","","E08000002","E05000676"
"BL8 4EQ",10,377924,414264,"E92000001","E19000001","E18000002","","E08000002","E05000676"
"BL8 4ER",10,377845,414984,"E92000001","E19000001","E18000002","","E08000002","E05000676"
"BL8 4ES",10,377842,414872,"E92000001","E19000001","E18000002","","E08000002","E05000676"
"BL8 4ET",10,377825,414701,"E92000001","E19000001","E18000002","","E08000002","E05000676"
"BL8 4EU",10,377774,415058,"E92000001","E19000001","E18000002","","E08000002","E05000676"
"BL8 4EW",10,377816,414901,"E92000001","E19000001","E18000002","","E08000002","E05000676"
"BL8 4EX",10,377745,414960,"E92000001","E19000001","E18000002","","E08000002","E05000676"
"BL8 4EY",10,377613,414808,"E92000001","E19000001","E18000002","","E08000002","E05000676"
"BL8 4EZ",10,377641,414951,"E92000001","E19000001","E18000002","","E08000002","E05000676"
"BL8 4FA",10,377180,413245,"E92000001","E19000001","E18000002","","E08000002","E05000685"
"BL8 4FB",10,377087,413298,"E92000001","E19000001","E18000002","","E08000002","E05000685"
"BL8 4GT",10,376430,414919,"E92000001","E19000001","E18000002","","E08000002","E05000676"
"BL8 4GZ",10,375731,415076,"E92000001","E19000001","E18000002","","E08000002","E05000676"
"BL8 4HA",10,377545,414890,"E92000001","E19000001","E18000002","","E08000002","E05000676"
"BL8 4HB",10,377666,414751,"E92000001","E19000001","E18000002","","E08000002","E05000676"
"BL8 4HD",10,377604,414691,"E92000001","E19000001","E18000002","","E08000002","E05000676"
"BL8 4HE",10,377767,414675,"E92000001","E19000001","E18000002","","E08000002","E05000676"
"BL8 4HF",10,377722,414562,"E92000001","E19000001","E18000002","","E08000002","E05000676"
"BL8 4HG",10,377848,414542,"E92000001","E19000001","E18000002","","E08000002","E05000676"
"BL8 4HH",10,377518,414789,"E92000001","E19000001","E18000002","","E08000002","E05000676"
"BL8 4HJ",10,377799,414581,"E92000001","E19000001","E18000002","","E08000002","E05000676"
"BL8 4HL",10,377095,413384,"E92000001","E19000001","E18000002","","E08000002","E05000685"
"BL8 4HN",10,377610,414743,"E92000001","E19000001","E18000002","","E08000002","E05000676"
"BL8 4HP",10,376907,414183,"E92000001","E19000001","E18000002","","E08000002","E05000676"
"BL8 4HQ",10,377859,414345,"E92000001","E19000001","E18000002","","E08000002","E05000676"
"BL8 4HR",10,377634,413749,"E92000001","E19000001","E18000002","","E08000002","E05000676"
"BL8 4HS",10,376974,414232,"E92000001","E19000001","E18000002","","E08000002","E05000676"
"BL8 4HT",10,377203,414504,"E92000001","E19000001","E18000002","","E08000002","E05000676"
"BL8 4HU",10,377606,414380,"E92000001","E19000001","E18000002","","E08000002","E05000676"
"BL8 4HW",10,375767,414986,"E92000001","E19000001","E18000002","","E08000002","E05000676"
"BL8 4HX",10,377379,415472,"E92000001","E19000001","E18000002","","E08000002","E05000681"
"BL8 4HY",10,377490,415094,"E92000001","E19000001","E18000002","","E08000002","E05000676"
"BL8 4HZ",10,377404,415025,"E92000001","E19000001","E18000002","","E08000002","E05000676"
"BL8 4JA",10,377058,415022,"E92000001","E19000001","E18000002","","E08000002","E05000676"
"BL8 4JB",10,377077,414984,"E92000001","E19000001","E18000002","","E08000002","E05000676"
"BL8 4JE",10,376697,414712,"E92000001","E19000001","E18000002","","E08000002","E05000676"
"BL8 4JF",10,376516,415007,"E92000001","E19000001","E18000002","","E08000002","E05000676"
"BL8 4JG",10,376343,414843,"E92000001","E19000001","E18000002","","E08000002","E05000676"
"BL8 4JH",10,376913,415463,"E92000001","E19000001","E18000002","","E08000002","E05000676"
"BL8 4JJ",10,376317,415948,"E92000001","E19000001","E18000002","","E08000002","E05000681"
"BL8 4JL",10,375964,414994,"E92000001","E19000001","E18000002","","E08000002","E05000676"
"BL8 4JN",10,376189,414993,"E92000001","E19000001","E18000002","","E08000002","E05000676"
"BL8 4JP",10,375917,414972,"E92000001","E19000001","E18000002","","E08000002","E05000676"
"BL8 4JQ",10,375992,415045,"E92000001","E19000001","E18000002","","E08000002","E05000676"
"BL8 4JR",10,375830,415034,"E92000001","E19000001","E18000002","","E08000002","E05000676"
"BL8 4JS",10,375491,415045,"E92000001","E19000001","E18000002","","E08000002","E05000676"
"BL8 4JT",10,375402,415484,"E92000001","E19000001","E18000002","","E06000008","E05011524"
"BL8 4JU",10,375468,415198,"E92000001","E19000001","E18000002","","E06000008","E05011524"
"BL8 4JW",10,376214,414991,"E92000001","E19000001","E18000002","","E08000002","E05000676"
"BL8 4JX",10,375311,415692,"E92000001","E19000001","E18000002","","E06000008","E05011524"
"BL8 4JY",10,375863,415098,"E92000001","E19000001","E18000002","","E08000002","E05000676"
"BL8 4JZ",10,375915,415131,"E92000001","E19000001","E18000002","","E08000002","E05000676"
"BL8 4LA",10,376055,414485,"E92000001","E19000001","E18000002","","E08000002","E05000676"
"BL8 4LB",10,376136,415544,"E92000001","E19000001","E18000002","","E08000002","E05000676"
"BL8 4LD",10,376034,416263,"E92000001","E19000001","E18000002","","E08000002","E05000681"
"BL8 4LE",10,376002,415129,"E92000001","E19000001","E18000002","","E08000002","E05000676"
"BL8 4LF",10,376018,415100,"E92000001","E19000001","E18000002","","E08000002","E05000676"
"BL8 4LG",10,375964,415288,"E92000001","E19000001","E18000002","","E08000002","E05000676"
"BL8 4LH",10,377217,414458,"E92000001","E19000001","E18000002","","E08000002","E05000676"
"BL8 4LJ",10,375815,414948,"E92000001","E19000001","E18000002","","E08000002","E05000676"
"BL8 4LN",10,379136,413456,"E92000001","E19000001","E18000002","","E08000002","E05000673"
"BL8 4LP",10,378298,413165,"E92000001","E19000001","E18000002","","E08000002","E05000685"
"BL8 4LQ",10,375970,415182,"E92000001","E19000001","E18000002","","E08000002","E05000676"
"BL8 4LS",10,378758,413164,"E92000001","E19000001","E18000002","","E08000002","E05000673"
"BL8 4LT",10,378306,413101,"E92000001","E19000001","E18000002","","E08000002","E05000685"
"BL8 4LU",10,379017,413340,"E92000001","E19000001","E18000002","","E08000002","E05000673"
"BL8 4LW",10,378902,413315,"E92000001","E19000001","E18000002","","E08000002","E05000673"
"BL8 4LY",10,378049,416497,"E92000001","E19000001","E18000002","","E08000002","E05000681"
"BL8 4LZ",10,378174,416643,"E92000001","E19000001","E18000002","","E08000002","E05000681"
"BL8 4NA",10,378194,416618,"E92000001","E19000001","E18000002","","E08000002","E05000681"
"BL8 4NB",10,378335,416744,"E92000001","E19000001","E18000002","","E08000002","E05000681"
"BL8 4ND",10,378462,416819,"E92000001","E19000001","E18000002","","E08000002","E05000681"
"BL8 4NE",10,377894,415385,"E92000001","E19000001","E18000002","","E08000002","E05000681"
"BL8 4NF",10,378057,416082,"E92000001","E19000001","E18000002","","E08000002","E05000681"
"BL8 4NG",10,378031,415885,"E92000001","E19000001","E18000002","","E08000002","E05000681"
"BL8 4NH",10,378000,415452,"E92000001","E19000001","E18000002","","E08000002","E05000681"
"BL8 4NJ",10,378180,415928,"E92000001","E19000001","E18000002","","E08000002","E05000681"
"BL8 4NL",10,378074,415771,"E92000001","E19000001","E18000002","","E08000002","E05000681"
"BL8 4NN",10,378132,416122,"E92000001","E19000001","E18000002","","E08000002","E05000681"
"BL8 4NP",10,377327,416033,"E92000001","E19000001","E18000002","","E08000002","E05000681"
"BL8 4NQ",10,377962,415670,"E92000001","E19000001","E18000002","","E08000002","E05000681"
"BL8 4NR",10,377640,416171,"E92000001","E19000001","E18000002","","E08000002","E05000681"
"BL8 4NS",10,377780,415978,"E92000001","E19000001","E18000002","","E08000002","E05000681"
"BL8 4NT",10,377773,417181,"E92000001","E19000001","E18000002","","E08000002","E05000681"
"BL8 4NU",10,378174,417387,"E92000001","E19000001","E18000002","","E08000002","E05000681"
"BL8 4NW",10,378125,416550,"E92000001","E19000001","E18000002","","E08000002","E05000681"
"BL8 4NX",10,378212,416684,"E92000001","E19000001","E18000002","","E08000002","E05000681"
"BL8 4NY",10,378315,416855,"E92000001","E19000001","E18000002","","E08000002","E05000681"
"BL8 4NZ",10,377870,418451,"E92000001","E19000001","E18000002","E10000017","E07000125","E05005324"
"BL8 4PA",10,378280,416710,"E92000001","E19000001","E18000002","","E08000002","E05000681"
"BL8 4PB",10,378422,416894,"E92000001","E19000001","E18000002","","E08000002","E05000681"
"BL8 4PD",10,378339,417496,"E92000001","E19000001","E18000002","","E08000002","E05000681"
"BL8 4PE",10,378244,418115,"E92000001","E19000001","E18000002","E10000017","E07000125","E05005324"
"BL8 4PF",10,378594,418942,"E92000001","E19000001","E18000002","E10000017","E07000125","E05005324"
"BL8 4PG",10,378083,419051,"E92000001","E19000001","E18000002","E10000017","E07000125","E05005324"
"BL8 4PH",10,375693,414996,"E92000001","E19000001","E18000002","","E08000002","E05000676"
"BL8 4PL",10,379056,413176,"E92000001","E19000001","E18000002","","E08000002","E05000673"
"BL8 4PN",10,379062,413235,"E92000001","E19000001","E18000002","","E08000002","E05000673"
"BL8 4PP",10,379006,413138,"E92000001","E19000001","E18000002","","E08000002","E05000673"
"BL8 4PQ",10,378249,419621,"E92000001","E19000001","E18000002","E10000017","E07000125","E05005324"
"BL8 4PR",10,376967,414178,"E92000001","E19000001","E18000002","","E08000002","E05000676"
"BL8 4PS",10,377020,414177,"E92000001","E19000001","E18000002","","E08000002","E05000676"
"BL8 4PW",10,378962,413196,"E92000001","E19000001","E18000002","","E08000002","E05000673"
"BL8 4QA",10,377611,414116,"E92000001","E19000001","E18000002","","E08000002","E05000676"
"BL8 4QB",10,377578,414231,"E92000001","E19000001","E18000002","","E08000002","E05000676"
"BL8 4QD",10,377556,414152,"E92000001","E19000001","E18000002","","E08000002","E05000676"
"BL8 4QE",10,377602,414308,"E92000001","E19000001","E18000002","","E08000002","E05000676"
"BL8 4QF",10,377570,414356,"E92000001","E19000001","E18000002","","E08000002","E05000676"
"BL8 4QG",10,377687,414406,"E92000001","E19000001","E18000002","","E08000002","E05000676"
"BL8 4QJ",10,377527,414483,"E92000001","E19000001","E18000002","","E08000002","E05000676"
"BL8 4QN",10,377460,413882,"E92000001","E19000001","E18000002","","E08000002","E05000676"
"BL8 4QP",10,377612,414076,"E92000001","E19000001","E18000002","","E08000002","E05000676"
"BL8 4QQ",10,377668,414518,"E92000001","E19000001","E18000002","","E08000002","E05000676"
"BL8 4QR",10,377708,414296,"E92000001","E19000001","E18000002","","E08000002","E05000676"
"BL8 4QS",10,377635,415914,"E92000001","E19000001","E18000002","","E08000002","E05000681"
"BL8 4SA",10,377997,413802,"E92000001","E19000001","E18000002","","E08000002","E05000676"
"BL8 4WT",10,379565,410717,"E92000001","E19000001","E18000002","","E08000002","E05000671"
"BL8 9AG",10,379565,410717,"E92000001","E19000001","E18000002","","E08000002","E05000671"
"BL8 9AP",10,379565,410717,"E92000001","E19000001","E18000002","","E08000002","E05000671"
"BL8 9AR",10,379565,410717,"E92000001","E19000001","E18000002","","E08000002","E05000671"
"BL8 9BF",10,379565,410717,"E92000001","E19000001","E18000002","","E08000002","E05000671"
"BL8 9DT",10,379565,410717,"E92000001","E19000001","E18000002","","E08000002","E05000671"
"BL8 9FB",10,379565,410717,"E92000001","E19000001","E18000002","","E08000002","E05000671"
"BL8 9FT",10,379565,410717,"E92000001","E19000001","E18000002","","E08000002","E05000671"
"BL8 9GR",10,379565,410717,"E92000001","E19000001","E18000002","","E08000002","E05000671"
"BL8 9GZ",10,379565,410717,"E92000001","E19000001","E18000002","","E08000002","E05000671"
"BL8 9HB",10,379565,410717,"E92000001","E19000001","E18000002","","E08000002","E05000671"
"BL8 9LA",10,379565,410717,"E92000001","E19000001","E18000002","","E08000002","E05000671"
"BL8 9LE",10,379565,410717,"E92000001","E19000001","E18000002","","E08000002","E05000671"
"BL8 9LH",10,379565,410717,"E92000001","E19000001","E18000002","","E08000002","E05000671"
"BL8 9LZ",10,379565,410717,"E92000001","E19000001","E18000002","","E08000002","E05000671"
"BL8 9NP",10,379565,410717,"E92000001","E19000001","E18000002","","E08000002","E05000671"
"BL8 9NY",10,379565,410717,"E92000001","E19000001","E18000002","","E08000002","E05000671"
"BL8 9PA",10,379565,410717,"E92000001","E19000001","E18000002","","E08000002","E05000671"
"BL8 9PD",10,379565,410717,"E92000001","E19000001","E18000002","","E08000002","E05000671"
"BL8 9PF",10,379565,410717,"E92000001","E19000001","E18000002","","E08000002","E05000671"
"BL8 9PR",10,379565,410717,"E92000001","E19000001","E18000002","","E08000002","E05000671"
"BL8 9QX",10,379565,410717,"E92000001","E19000001","E18000002","","E08000002","E05000671"
"BL8 9RB",10,379565,410717,"E92000001","E19000001","E18000002","","E08000002","E05000671"
"BL8 9RG",10,379565,410717,"E92000001","E19000001","E18000002","","E08000002","E05000671"
"BL8 9RL",10,379565,410717,"E92000001","E19000001","E18000002","","E08000002","E05000671"
"BL8 9RQ",10,379565,410717,"E92000001","E19000001","E18000002","","E08000002","E05000671"
"BL8 9RR",10,379565,410717,"E92000001","E19000001","E18000002","","E08000002","E05000671"
"BL8 9RT",10,379565,410717,"E92000001","E19000001","E18000002","","E08000002","E05000671"
"BL8 9RU",10,379565,410717,"E92000001","E19000001","E18000002","","E08000002","E05000671"
"BL8 9RY",10,379565,410717,"E92000001","E19000001","E18000002","","E08000002","E05000671"
"BL8 9SA",10,380240,410441,"E92000001","E19000001","E18000002","","E08000002","E05000672"
"BL8 9SB",10,380240,410441,"E92000001","E19000001","E18000002","","E08000002","E05000672"
"BL8 9SD",10,380240,410441,"E92000001","E19000001","E18000002","","E08000002","E05000672"
"BL8 9SE",10,380240,410441,"E92000001","E19000001","E18000002","","E08000002","E05000672"
"BL8 9SF",10,380240,410441,"E92000001","E19000001","E18000002","","E08000002","E05000672"
"BL8 9SG",10,380240,410441,"E92000001","E19000001","E18000002","","E08000002","E05000672"
"BL8 9SH",10,380240,410441,"E92000001","E19000001","E18000002","","E08000002","E05000672"
"BL8 9SJ",10,380240,410441,"E92000001","E19000001","E18000002","","E08000002","E05000672"
"BL8 9SL",10,380240,410441,"E92000001","E19000001","E18000002","","E08000002","E05000672"
"BL8 9SN",10,380240,410441,"E92000001","E19000001","E18000002","","E08000002","E05000672"
"BL8 9SP",10,380240,410441,"E92000001","E19000001","E18000002","","E08000002","E05000672"
"BL8 9SQ",10,380240,410441,"E92000001","E19000001","E18000002","","E08000002","E05000672"
"BL8 9SR",10,380240,410441,"E92000001","E19000001","E18000002","","E08000002","E05000672"
"BL8 9SS",10,380240,410441,"E92000001","E19000001","E18000002","","E08000002","E05000672"
"BL8 9ST",10,380240,410441,"E92000001","E19000001","E18000002","","E08000002","E05000672"
"BL8 9SU",10,380240,410441,"E92000001","E19000001","E18000002","","E08000002","E05000672"
"BL8 9SW",10,380240,410441,"E92000001","E19000001","E18000002","","E08000002","E05000672"
"BL8 9SY",10,380240,410441,"E92000001","E19000001","E18000002","","E08000002","E05000672"
"BL8 9SZ",10,380240,410441,"E92000001","E19000001","E18000002","","E08000002","E05000672"
"BL8 9TB",10,380240,410441,"E92000001","E19000001","E18000002","","E08000002","E05000672"
"BL8 9TD",10,379565,410717,"E92000001","E19000001","E18000002","","E08000002","E05000671"
"BL8 9TF",10,379565,410717,"E92000001","E19000001","E18000002","","E08000002","E05000671"
"BL8 9TH",10,379565,410717,"E92000001","E19000001","E18000002","","E08000002","E05000671"
"BL8 9TJ",10,379565,410717,"E92000001","E19000001","E18000002","","E08000002","E05000671"
"BL8 9TQ",10,379565,410717,"E92000001","E19000001","E18000002","","E08000002","E05000671"
"BL8 9TR",10,379565,410717,"E92000001","E19000001","E18000002","","E08000002","E05000671"
"BL8 9TS",10,379565,410717,"E92000001","E19000001","E18000002","","E08000002","E05000671"
"BL8 9TT",10,379565,410717,"E92000001","E19000001","E18000002","","E08000002","E05000671"
"BL8 9TU",10,379565,410717,"E92000001","E19000001","E18000002","","E08000002","E05000671"
"BL8 9TW",10,379565,410717,"E92000001","E19000001","E18000002","","E08000002","E05000671"
"BL8 9TX",10,379565,410717,"E92000001","E19000001","E18000002","","E08000002","E05000671"
"BL8 9TY",10,379565,410717,"E92000001","E19000001","E18000002","","E08000002","E05000671"
"BL8 9TZ",10,379565,410717,"E92000001","E19000001","E18000002","","E08000002","E05000671"
"BL8 9UA",10,379565,410717,"E92000001","E19000001","E18000002","","E08000002","E05000671"
"BL8 9UB",10,379565,410717,"E92000001","E19000001","E18000002","","E08000002","E05000671"
"BL8 9UD",10,379565,410717,"E92000001","E19000001","E18000002","","E08000002","E05000671"
"BL8 9UE",10,379565,410717,"E92000001","E19000001","E18000002","","E08000002","E05000671"
"BL8 9UF",10,379565,410717,"E92000001","E19000001","E18000002","","E08000002","E05000671"
"BL8 9UG",10,379565,410717,"E92000001","E19000001","E18000002","","E08000002","E05000671"
"BL8 9UJ",10,379565,410717,"E92000001","E19000001","E18000002","","E08000002","E05000671"
"BL8 9UL",10,379565,410717,"E92000001","E19000001","E18000002","","E08000002","E05000671"
"BL8 9ZL",10,379565,410717,"E92000001","E19000001","E18000002","","E08000002","E05000671"
"BL8 9ZZ",50,379565,410717,"E92000001","E19000001","E18000002","","E08000002","E05000671"
"BL9 0AD",10,380460,410779,"E92000001","E19000001","E18000002","","E08000002","E05000672"
"BL9 0AF",10,380240,410441,"E92000001","E19000001","E18000002","","E08000002","E05000672"
"BL9 0AH",10,380413,410802,"E92000001","E19000001","E18000002","","E08000002","E05000672"
"BL9 0AJ",10,380404,410737,"E92000001","E19000001","E18000002","","E08000002","E05000672"
"BL9 0AL",10,379990,410631,"E92000001","E19000001","E18000002","","E08000002","E05000672"
"BL9 0AN",10,380369,410784,"E92000001","E19000001","E18000002","","E08000002","E05000672"
"BL9 0AP",10,380027,411183,"E92000001","E19000001","E18000002","","E08000002","E05000675"
"BL9 0AQ",10,380300,410514,"E92000001","E19000001","E18000002","","E08000002","E05000672"
"BL9 0AR",10,380335,410566,"E92000001","E19000001","E18000002","","E08000002","E05000672"
"BL9 0AS",10,380459,410766,"E92000001","E19000001","E18000002","","E08000002","E05000672"
"BL9 0AT",10,380498,410140,"E92000001","E19000001","E18000002","","E08000002","E05000682"
"BL9 0AY",10,380377,410652,"E92000001","E19000001","E18000002","","E08000002","E05000672"
"BL9 0BB",10,380762,410545,"E92000001","E19000001","E18000002","","E08000002","E05000672"
"BL9 0BD",10,380636,410667,"E92000001","E19000001","E18000002","","E08000002","E05000672"
"BL9 0BG",10,380497,410154,"E92000001","E19000001","E18000002","","E08000002","E05000682"
"BL9 0BH",10,380512,410551,"E92000001","E19000001","E18000002","","E08000002","E05000672"
"BL9 0BJ",10,380553,410529,"E92000001","E19000001","E18000002","","E08000002","E05000672"
"BL9 0BL",10,380465,410664,"E92000001","E19000001","E18000002","","E08000002","E05000672"
"BL9 0BW",10,380433,410762,"E92000001","E19000001","E18000002","","E08000002","E05000672"
"BL9 0BX",10,380511,410753,"E92000001","E19000001","E18000002","","E08000002","E05000672"
"BL9 0BZ",10,380808,410786,"E92000001","E19000001","E18000002","","E08000002","E05000672"
"BL9 0DA",10,380385,410712,"E92000001","E19000001","E18000002","","E08000002","E05000672"
"BL9 0DB",10,380571,410184,"E92000001","E19000001","E18000002","","E08000002","E05000682"
"BL9 0DF",10,380340,410654,"E92000001","E19000001","E18000002","","E08000002","E05000672"
"BL9 0DG",10,380302,410588,"E92000001","E19000001","E18000002","","E08000002","E05000672"
"BL9 0DH",10,380293,410722,"E92000001","E19000001","E18000002","","E08000002","E05000672"
"BL9 0DL",10,380278,410702,"E92000001","E19000001","E18000002","","E08000002","E05000672"
"BL9 0DN",10,380236,410676,"E92000001","E19000001","E18000002","","E08000002","E05000672"
"BL9 0DP",10,380269,410619,"E92000001","E19000001","E18000002","","E08000002","E05000672"
"BL9 0DQ",10,380285,410774,"E92000001","E19000001","E18000002","","E08000002","E05000672"
"BL9 0DR",10,380268,410535,"E92000001","E19000001","E18000002","","E08000002","E05000672"
"BL9 0DS",10,380497,410154,"E92000001","E19000001","E18000002","","E08000002","E05000682"
"BL9 0DT",10,380247,410577,"E92000001","E19000001","E18000002","","E08000002","E05000672"
"BL9 0DX",10,380222,410539,"E92000001","E19000001","E18000002","","E08000002","E05000672"
"BL9 0DY",10,380461,410208,"E92000001","E19000001","E18000002","","E08000002","E05000682"
"BL9 0DZ",10,380221,410594,"E92000001","E19000001","E18000002","","E08000002","E05000672"
"BL9 0EA",10,380242,410612,"E92000001","E19000001","E18000002","","E08000002","E05000672"
"BL9 0EB",10,380230,410547,"E92000001","E19000001","E18000002","","E08000002","E05000672"
"BL9 0ED",10,380239,410564,"E92000001","E19000001","E18000002","","E08000002","E05000672"
"BL9 0EG",10,380177,410563,"E92000001","E19000001","E18000002","","E08000002","E05000672"
"BL9 0EJ",10,380328,410406,"E92000001","E19000001","E18000002","","E08000002","E05000672"
"BL9 0EL",10,380335,410451,"E92000001","E19000001","E18000002","","E08000002","E05000672"
"BL9 0EQ",10,380633,410458,"E92000001","E19000001","E18000002","","E08000002","E05000672"
"BL9 0ES",10,380211,411330,"E92000001","E19000001","E18000002","","E08000002","E05000675"
"BL9 0EU",10,380364,410773,"E92000001","E19000001","E18000002","","E08000002","E05000672"
"BL9 0EW",10,380370,410740,"E92000001","E19000001","E18000002","","E08000002","E05000672"
"BL9 0EX",10,380318,410753,"E92000001","E19000001","E18000002","","E08000002","E05000672"
"BL9 0EY",10,380259,410794,"E92000001","E19000001","E18000002","","E08000002","E05000672"
"BL9 0EZ",10,380155,410761,"E92000001","E19000001","E18000002","","E08000002","E05000672"
"BL9 0FU",10,380139,411563,"E92000001","E19000001","E18000002","","E08000002","E05000675"
"BL9 0HB",10,380295,410775,"E92000001","E19000001","E18000002","","E08000002","E05000672"
"BL9 0HD",10,380087,410769,"E92000001","E19000001","E18000002","","E08000002","E05000672"
"BL9 0HE",10,380045,410779,"E92000001","E19000001","E18000002","","E08000002","E05000672"
"BL9 0HF",10,379958,410670,"E92000001","E19000001","E18000002","","E08000002","E05000672"
"BL9 0HG",10,380002,410537,"E92000001","E19000001","E18000002","","E08000002","E05000672"
"BL9 0HH",10,380002,410537,"E92000001","E19000001","E18000002","","E08000002","E05000672"
"BL9 0HL",10,379927,410703,"E92000001","E19000001","E18000002","","E08000002","E05000672"
"BL9 0HN",10,379907,410518,"E92000001","E19000001","E18000002","","E08000002","E05000672"
"BL9 0HQ",10,379863,410662,"E92000001","E19000001","E18000002","","E08000002","E05000672"
"BL9 0HS",10,380018,410793,"E92000001","E19000001","E18000002","","E08000002","E05000672"
"BL9 0HZ",10,380100,410800,"E92000001","E19000001","E18000002","","E08000002","E05000672"
"BL9 0JA",10,379784,410732,"E92000001","E19000001","E18000002","","E08000002","E05000672"
"BL9 0JB",10,379823,410799,"E92000001","E19000001","E18000002","","E08000002","E05000672"
"BL9 0JE",10,379869,410828,"E92000001","E19000001","E18000002","","E08000002","E05000672"
"BL9 0JF",10,379921,410812,"E92000001","E19000001","E18000002","","E08000002","E05000672"
"BL9 0JH",10,379851,410802,"E92000001","E19000001","E18000002","","E08000002","E05000672"
"BL9 0JL",10,380851,410997,"E92000001","E19000001","E18000002","","E08000002","E05000672"
"BL9 0JN",10,380762,410966,"E92000001","E19000001","E18000002","","E08000002","E05000672"
"BL9 0JP",10,380515,410872,"E92000001","E19000001","E18000002","","E08000002","E05000672"
"BL9 0JQ",10,380847,410885,"E92000001","E19000001","E18000002","","E08000002","E05000672"
"BL9 0JR",10,380549,410934,"E92000001","E19000001","E18000002","","E08000002","E05000672"
"BL9 0JS",10,380828,410915,"E92000001","E19000001","E18000002","","E08000002","E05000672"
"BL9 0JT",10,380589,410967,"E92000001","E19000001","E18000002","","E08000002","E05000672"
"BL9 0JU",10,380299,411340,"E92000001","E19000001","E18000002","","E08000002","E05000675"
"BL9 0JW",10,380009,410713,"E92000001","E19000001","E18000002","","E08000002","E05000672"
"BL9 0JX",10,380790,410902,"E92000001","E19000001","E18000002","","E08000002","E05000672"
"BL9 0JY",10,380911,410972,"E92000001","E19000001","E18000002","","E08000002","E05000672"
"BL9 0LA",10,380383,410885,"E92000001","E19000001","E18000002","","E08000002","E05000672"
"BL9 0LB",10,380338,410885,"E92000001","E19000001","E18000002","","E08000002","E05000672"
"BL9 0LD",10,380414,410792,"E92000001","E19000001","E18000002","","E08000002","E05000672"
"BL9 0LG",10,380180,410885,"E92000001","E19000001","E18000002","","E08000002","E05000672"
"BL9 0LJ",10,380311,410832,"E92000001","E19000001","E18000002","","E08000002","E05000672"
"BL9 0LL",10,380210,410846,"E92000001","E19000001","E18000002","","E08000002","E05000672"
"BL9 0LN",10,380158,410876,"E92000001","E19000001","E18000002","","E08000002","E05000672"
"BL9 0LP",10,380088,410879,"E92000001","E19000001","E18000002","","E08000002","E05000672"
"BL9 0LQ",10,380281,410829,"E92000001","E19000001","E18000002","","E08000002","E05000672"
"BL9 0LU",10,380322,411500,"E92000001","E19000001","E18000002","","E08000002","E05000675"
"BL9 0LY",10,380578,411006,"E92000001","E19000001","E18000002","","E08000002","E05000672"
"BL9 0NB",10,380612,410937,"E92000001","E19000001","E18000002","","E08000002","E05000672"
"BL9 0ND",10,380725,411016,"E92000001","E19000001","E18000002","","E08000002","E05000672"
"BL9 0NE",10,380800,411071,"E92000001","E19000001","E18000002","","E08000002","E05000672"
"BL9 0NH",10,380739,411083,"E92000001","E19000001","E18000002","","E08000002","E05000672"
"BL9 0NJ",10,380997,411034,"E92000001","E19000001","E18000002","","E08000002","E05000672"
"BL9 0NL",10,380116,410928,"E92000001","E19000001","E18000002","","E08000002","E05000672"
"BL9 0NN",10,380821,410996,"E92000001","E19000001","E18000002","","E08000002","E05000672"
"BL9 0NP",10,380844,411056,"E92000001","E19000001","E18000002","","E08000002","E05000672"
"BL9 0NT",10,380446,410819,"E92000001","E19000001","E18000002","","E08000002","E05000672"
"BL9 0NU",10,380511,410821,"E92000001","E19000001","E18000002","","E08000002","E05000672"
"BL9 0NX",10,380530,410829,"E92000001","E19000001","E18000002","","E08000002","E05000672"
"BL9 0NY",10,380552,410837,"E92000001","E19000001","E18000002","","E08000002","E05000672"
"BL9 0PB",10,380580,410882,"E92000001","E19000001","E18000002","","E08000002","E05000672"
"BL9 0PD",10,380707,410968,"E92000001","E19000001","E18000002","","E08000002","E05000672"
"BL9 0PJ",10,380720,410978,"E92000001","E19000001","E18000002","","E08000002","E05000672"
"BL9 0PN",10,380652,410902,"E92000001","E19000001","E18000002","","E08000002","E05000672"
"BL9 0PZ",10,380714,410973,"E92000001","E19000001","E18000002","","E08000002","E05000672"
"BL9 0QD",10,380615,410642,"E92000001","E19000001","E18000002","","E08000002","E05000672"
"BL9 0QE",10,380681,410700,"E92000001","E19000001","E18000002","","E08000002","E05000672"
"BL9 0QF",10,380613,410772,"E92000001","E19000001","E18000002","","E08000002","E05000672"
"BL9 0QG",10,380608,410722,"E92000001","E19000001","E18000002","","E08000002","E05000672"
"BL9 0QL",10,380554,410604,"E92000001","E19000001","E18000002","","E08000002","E05000672"
"BL9 0QQ",10,380547,410687,"E92000001","E19000001","E18000002","","E08000002","E05000672"
"BL9 0QU",10,380762,411008,"E92000001","E19000001","E18000002","","E08000002","E05000672"
"BL9 0QW",10,380767,410982,"E92000001","E19000001","E18000002","","E08000002","E05000672"
"BL9 0QY",10,380814,411001,"E92000001","E19000001","E18000002","","E08000002","E05000672"
"BL9 0RD",10,380092,411093,"E92000001","E19000001","E18000002","","E08000002","E05000675"
"BL9 0RE",10,380886,410510,"E92000001","E19000001","E18000002","","E08000002","E05000672"
"BL9 0RG",10,380987,410618,"E92000001","E19000001","E18000002","","E08000002","E05000672"
"BL9 0RH",10,381108,410718,"E92000001","E19000001","E18000002","","E08000002","E05000672"
"BL9 0RJ",10,381100,410646,"E92000001","E19000001","E18000002","","E08000002","E05000672"
"BL9 0RL",10,381012,410696,"E92000001","E19000001","E18000002","","E08000002","E05000672"
"BL9 0RN",10,380934,410405,"E92000001","E19000001","E18000002","","E08000002","E05000672"
"BL9 0RP",10,381054,410495,"E92000001","E19000001","E18000002","","E08000002","E05000672"
"BL9 0RS",10,380991,410463,"E92000001","E19000001","E18000002","","E08000002","E05000672"
"BL9 0RT",10,380949,410432,"E92000001","E19000001","E18000002","","E08000002","E05000672"
"BL9 0RU",10,380931,410285,"E92000001","E19000001","E18000002","","E08000002","E05000672"
"BL9 0RW",10,380897,410407,"E92000001","E19000001","E18000002","","E08000002","E05000672"
"BL9 0RX",10,380875,410387,"E92000001","E19000001","E18000002","","E08000002","E05000672"
"BL9 0RY",10,380680,410318,"E92000001","E19000001","E18000002","","E08000002","E05000672"
"BL9 0RZ",10,380727,410395,"E92000001","E19000001","E18000002","","E08000002","E05000672"
"BL9 0SA",10,380810,410385,"E92000001","E19000001","E18000002","","E08000002","E05000672"
"BL9 0SB",10,380790,410438,"E92000001","E19000001","E18000002","","E08000002","E05000672"
"BL9 0SD",10,380987,410618,"E92000001","E19000001","E18000002","","E08000002","E05000672"
"BL9 0SG",10,380814,410272,"E92000001","E19000001","E18000002","","E08000002","E05000672"
"BL9 0SH",10,380776,410250,"E92000001","E19000001","E18000002","","E08000002","E05000672"
"BL9 0SJ",10,380779,410233,"E92000001","E19000001","E18000002","","E08000002","E05000672"
"BL9 0SL",10,380769,410294,"E92000001","E19000001","E18000002","","E08000002","E05000672"
"BL9 0SN",10,380307,410456,"E92000001","E19000001","E18000002","","E08000002","E05000672"
"BL9 0SP",10,380240,410441,"E92000001","E19000001","E18000002","","E08000002","E05000672"
"BL9 0SQ",10,380741,410270,"E92000001","E19000001","E18000002","","E08000002","E05000672"
"BL9 0SR",10,380683,410289,"E92000001","E19000001","E18000002","","E08000002","E05000672"
"BL9 0ST",10,380202,410253,"E92000001","E19000001","E18000002","","E08000002","E05000672"
"BL9 0SW",10,380240,410441,"E92000001","E19000001","E18000002","","E08000002","E05000672"
"BL9 0SX",10,380128,410303,"E92000001","E19000001","E18000002","","E08000002","E05000672"
"BL9 0SY",10,380069,410361,"E92000001","E19000001","E18000002","","E08000002","E05000672"
"BL9 0SZ",10,380076,410322,"E92000001","E19000001","E18000002","","E08000002","E05000672"
"BL9 0TA",10,380068,410231,"E92000001","E19000001","E18000002","","E08000002","E05000672"
"BL9 0TB",10,380113,410195,"E92000001","E19000001","E18000002","","E08000002","E05000672"
"BL9 0TD",10,380185,410158,"E92000001","E19000001","E18000002","","E08000002","E05000682"
"BL9 0TE",10,380296,410138,"E92000001","E19000001","E18000002","","E08000002","E05000682"
"BL9 0TF",10,380222,410151,"E92000001","E19000001","E18000002","","E08000002","E05000682"
"BL9 0TG",10,380321,410213,"E92000001","E19000001","E18000002","","E08000002","E05000682"
"BL9 0TH",10,380168,410070,"E92000001","E19000001","E18000002","","E08000002","E05000682"
"BL9 0TJ",10,380249,410059,"E92000001","E19000001","E18000002","","E08000002","E05000682"
"BL9 0TL",10,380189,409926,"E92000001","E19000001","E18000002","","E08000002","E05000682"
"BL9 0TN",10,380175,409998,"E92000001","E19000001","E18000002","","E08000002","E05000682"
"BL9 0TP",10,380160,409913,"E92000001","E19000001","E18000002","","E08000002","E05000682"
"BL9 0TR",10,380126,410055,"E92000001","E19000001","E18000002","","E08000002","E05000682"
"BL9 0TS",10,380069,409972,"E92000001","E19000001","E18000002","","E08000002","E05000682"
"BL9 0TT",10,380023,410027,"E92000001","E19000001","E18000002","","E08000002","E05000682"
"BL9 0TU",10,380047,410052,"E92000001","E19000001","E18000002","","E08000002","E05000682"
"BL9 0TW",10,380147,410010,"E92000001","E19000001","E18000002","","E08000002","E05000682"
"BL9 0TX",10,380070,410088,"E92000001","E19000001","E18000002","","E08000002","E05000682"
"BL9 0TY",10,380052,410174,"E92000001","E19000001","E18000002","","E08000002","E05000682"
"BL9 0TZ",10,379809,410314,"E92000001","E19000001","E18000002","","E08000002","E05000682"
"BL9 0UA",10,380099,409843,"E92000001","E19000001","E18000002","","E08000002","E05000682"
"BL9 0UD",10,380093,409937,"E92000001","E19000001","E18000002","","E08000002","E05000682"
"BL9 0UE",10,380238,409818,"E92000001","E19000001","E18000002","","E08000002","E05000682"
"BL9 0UF",10,380271,410270,"E92000001","E19000001","E18000002","","E08000002","E05000672"
"BL9 0UH",10,380255,410320,"E92000001","E19000001","E18000002","","E08000002","E05000672"
"BL9 0YB",10,380489,410858,"E92000001","E19000001","E18000002","","E08000002","E05000672"
"BL9 5AA",10,380557,411561,"E92000001","E19000001","E18000002","","E08000002","E05000675"
"BL9 5AB",10,380722,411363,"E92000001","E19000001","E18000002","","E08000002","E05000675"
"BL9 5AE",10,380907,411320,"E92000001","E19000001","E18000002","","E08000002","E05000675"
"BL9 5AF",10,380790,411303,"E92000001","E19000001","E18000002","","E08000002","E05000675"
"BL9 5AG",10,380901,411286,"E92000001","E19000001","E18000002","","E08000002","E05000675"
"BL9 5AJ",10,380778,411346,"E92000001","E19000001","E18000002","","E08000002","E05000675"
"BL9 5AL",10,380826,411421,"E92000001","E19000001","E18000002","","E08000002","E05000675"
"BL9 5AN",10,380894,411488,"E92000001","E19000001","E18000002","","E08000002","E05000675"
"BL9 5AQ",10,380829,411265,"E92000001","E19000001","E18000002","","E08000002","E05000675"
"BL9 5AR",10,380802,411533,"E92000001","E19000001","E18000002","","E08000002","E05000675"
"BL9 5AS",10,380797,411593,"E92000001","E19000001","E18000002","","E08000002","E05000675"
"BL9 5AT",10,380783,411626,"E92000001","E19000001","E18000002","","E08000002","E05000675"
"BL9 5AU",10,380798,411680,"E92000001","E19000001","E18000002","","E08000002","E05000675"
"BL9 5AW",10,380806,411477,"E92000001","E19000001","E18000002","","E08000002","E05000675"
"BL9 5AX",10,380832,411677,"E92000001","E19000001","E18000002","","E08000002","E05000675"
"BL9 5AY",10,380879,411683,"E92000001","E19000001","E18000002","","E08000002","E05000675"
"BL9 5AZ",10,380764,411721,"E92000001","E19000001","E18000002","","E08000002","E05000675"
"BL9 5BA",10,380706,411625,"E92000001","E19000001","E18000002","","E08000002","E05000675"
"BL9 5BB",10,380711,411494,"E92000001","E19000001","E18000002","","E08000002","E05000675"
"BL9 5BE",10,380525,411704,"E92000001","E19000001","E18000002","","E08000002","E05000675"
"BL9 5BG",10,380564,411479,"E92000001","E19000001","E18000002","","E08000002","E05000675"
"BL9 5BJ",10,380599,411622,"E92000001","E19000001","E18000002","","E08000002","E05000675"
"BL9 5BL",10,380670,411639,"E92000001","E19000001","E18000002","","E08000002","E05000675"
"BL9 5BN",10,380675,411373,"E92000001","E19000001","E18000002","","E08000002","E05000675"
"BL9 5BP",10,380680,411446,"E92000001","E19000001","E18000002","","E08000002","E05000675"
"BL9 5BQ",10,380498,411487,"E92000001","E19000001","E18000002","","E08000002","E05000675"
"BL9 5BR",10,380550,411404,"E92000001","E19000001","E18000002","","E08000002","E05000675"
"BL9 5BS",10,380522,411444,"E92000001","E19000001","E18000002","","E08000002","E05000675"
"BL9 5BT",10,380616,411311,"E92000001","E19000001","E18000002","","E08000002","E05000675"
"BL9 5BX",10,380700,411278,"E92000001","E19000001","E18000002","","E08000002","E05000675"
"BL9 5BY",10,380442,411171,"E92000001","E19000001","E18000002","","E08000002","E05000675"
"BL9 5DA",10,380875,411507,"E92000001","E19000001","E18000002","","E08000002","E05000675"
"BL9 5DE",10,380815,411806,"E92000001","E19000001","E18000002","","E08000002","E05000675"
"BL9 5DF",10,380758,411983,"E92000001","E19000001","E18000002","","E08000002","E05000675"
"BL9 5DG",10,380623,412236,"E92000001","E19000001","E18000002","","E08000002","E05000675"
"BL9 5DH",10,380791,412031,"E92000001","E19000001","E18000002","","E08000002","E05000675"
"BL9 5DJ",10,380738,412168,"E92000001","E19000001","E18000002","","E08000002","E05000675"
"BL9 5DL",10,380481,412153,"E92000001","E19000001","E18000002","","E08000002","E05000675"
"BL9 5DN",10,380413,412083,"E92000001","E19000001","E18000002","","E08000002","E05000675"
"BL9 5DP",10,380557,412096,"E92000001","E19000001","E18000002","","E08000002","E05000675"
"BL9 5DQ",10,380652,412170,"E92000001","E19000001","E18000002","","E08000002","E05000675"
"BL9 5DR",10,380614,411980,"E92000001","E19000001","E18000002","","E08000002","E05000675"
"BL9 5DS",10,380649,411976,"E92000001","E19000001","E18000002","","E08000002","E05000675"
"BL9 5DT",10,380669,412092,"E92000001","E19000001","E18000002","","E08000002","E05000675"
"BL9 5DU",10,380683,412066,"E92000001","E19000001","E18000002","","E08000002","E05000675"
"BL9 5DW",10,380417,412188,"E92000001","E19000001","E18000002","","E08000002","E05000675"
"BL9 5DX",10,380696,411983,"E92000001","E19000001","E18000002","","E08000002","E05000675"
"BL9 5DY",10,380709,411955,"E92000001","E19000001","E18000002","","E08000002","E05000675"
"BL9 5DZ",10,380718,411898,"E92000001","E19000001","E18000002","","E08000002","E05000675"
"BL9 5EA",10,380498,411985,"E92000001","E19000001","E18000002","","E08000002","E05000675"
"BL9 5EB",10,380355,411905,"E92000001","E19000001","E18000002","","E08000002","E05000675"
"BL9 5ED",10,380479,411891,"E92000001","E19000001","E18000002","","E08000002","E05000675"
"BL9 5EE",10,380586,411911,"E92000001","E19000001","E18000002","","E08000002","E05000675"
"BL9 5EF",10,380671,411787,"E92000001","E19000001","E18000002","","E08000002","E05000675"
"BL9 5EG",10,380704,411781,"E92000001","E19000001","E18000002","","E08000002","E05000675"
"BL9 5EH",10,380751,411810,"E92000001","E19000001","E18000002","","E08000002","E05000675"
"BL9 5EJ",10,380767,411758,"E92000001","E19000001","E18000002","","E08000002","E05000675"
"BL9 5EN",10,380724,411226,"E92000001","E19000001","E18000002","","E08000002","E05000675"
"BL9 5EQ",10,380615,411819,"E92000001","E19000001","E18000002","","E08000002","E05000675"
"BL9 5ER",10,380664,413061,"E92000001","E19000001","E18000002","","E08000002","E05000675"
"BL9 5ES",10,380626,413121,"E92000001","E19000001","E18000002","","E08000002","E05000675"
"BL9 5ET",10,380626,413028,"E92000001","E19000001","E18000002","","E08000002","E05000675"
"BL9 5EU",10,380689,412907,"E92000001","E19000001","E18000002","","E08000002","E05000675"
"BL9 5EW",10,380708,411223,"E92000001","E19000001","E18000002","","E08000002","E05000675"
"BL9 5EY",10,380710,412757,"E92000001","E19000001","E18000002","","E08000002","E05000675"
"BL9 5EZ",10,380730,412609,"E92000001","E19000001","E18000002","","E08000002","E05000675"
"BL9 5HA",10,380690,412647,"E92000001","E19000001","E18000002","","E08000002","E05000675"
"BL9 5HB",10,380675,412602,"E92000001","E19000001","E18000002","","E08000002","E05000675"
"BL9 5HD",10,380603,412501,"E92000001","E19000001","E18000002","","E08000002","E05000675"
"BL9 5HE",10,380563,412588,"E92000001","E19000001","E18000002","","E08000002","E05000675"
"BL9 5HF",10,380469,412610,"E92000001","E19000001","E18000002","","E08000002","E05000675"
"BL9 5HG",10,380407,412492,"E92000001","E19000001","E18000002","","E08000002","E05000675"
"BL9 5HH",10,380361,412652,"E92000001","E19000001","E18000002","","E08000002","E05000675"
"BL9 5HJ",10,380376,412722,"E92000001","E19000001","E18000002","","E08000002","E05000675"
"BL9 5HL",10,380581,412693,"E92000001","E19000001","E18000002","","E08000002","E05000675"
"BL9 5HN",10,380624,412752,"E92000001","E19000001","E18000002","","E08000002","E05000675"
"BL9 5HP",10,380629,412882,"E92000001","E19000001","E18000002","","E08000002","E05000675"
"BL9 5HQ",10,380396,412644,"E92000001","E19000001","E18000002","","E08000002","E05000675"
"BL9 5HR",10,380529,412877,"E92000001","E19000001","E18000002","","E08000002","E05000675"
"BL9 5HS",10,380582,412998,"E92000001","E19000001","E18000002","","E08000002","E05000675"
"BL9 5HT",10,380456,412866,"E92000001","E19000001","E18000002","","E08000002","E05000675"
"BL9 5HW",10,380578,412778,"E92000001","E19000001","E18000002","","E08000002","E05000675"
"BL9 5JA",10,380585,413372,"E92000001","E19000001","E18000002","","E08000002","E05000676"
"BL9 5JB",10,380460,413492,"E92000001","E19000001","E18000002","","E08000002","E05000676"
"BL9 5JD",10,380525,413580,"E92000001","E19000001","E18000002","","E08000002","E05000676"
"BL9 5JE",10,380488,413526,"E92000001","E19000001","E18000002","","E08000002","E05000676"
"BL9 5JF",10,380328,413513,"E92000001","E19000001","E18000002","","E08000002","E05000676"
"BL9 5JG",10,380227,413527,"E92000001","E19000001","E18000002","","E08000002","E05000676"
"BL9 5JJ",10,380263,413655,"E92000001","E19000001","E18000002","","E08000002","E05000676"
"BL9 5JL",10,380188,413670,"E92000001","E19000001","E18000002","","E08000002","E05000676"
"BL9 5JN",10,380488,413764,"E92000001","E19000001","E18000002","","E08000002","E05000676"
"BL9 5JP",10,380191,413706,"E92000001","E19000001","E18000002","","E08000002","E05000676"
"BL9 5JQ",10,380268,413556,"E92000001","E19000001","E18000002","","E08000002","E05000676"
"BL9 5JR",10,380247,413775,"E92000001","E19000001","E18000002","","E08000002","E05000676"
"BL9 5JS",10,380336,413680,"E92000001","E19000001","E18000002","","E08000002","E05000676"
"BL9 5JT",10,380407,413769,"E92000001","E19000001","E18000002","","E08000002","E05000676"
"BL9 5JU",10,380467,413744,"E92000001","E19000001","E18000002","","E08000002","E05000676"
"BL9 5JW",10,380445,413918,"E92000001","E19000001","E18000002","","E08000002","E05000676"
"BL9 5JX",10,380483,413961,"E92000001","E19000001","E18000002","","E08000002","E05000676"
"BL9 5JY",10,380377,413944,"E92000001","E19000001","E18000002","","E08000002","E05000676"
"BL9 5JZ",10,380284,413922,"E92000001","E19000001","E18000002","","E08000002","E05000676"
"BL9 5LA",10,380280,413890,"E92000001","E19000001","E18000002","","E08000002","E05000676"
"BL9 5LB",10,380281,413969,"E92000001","E19000001","E18000002","","E08000002","E05000676"
"BL9 5LD",10,380312,413985,"E92000001","E19000001","E18000002","","E08000002","E05000676"
"BL9 5LE",10,380364,414218,"E92000001","E19000001","E18000002","","E08000002","E05000676"
"BL9 5LH",10,380293,414065,"E92000001","E19000001","E18000002","","E08000002","E05000676"
"BL9 5LJ",10,380273,414427,"E92000001","E19000001","E18000002","","E08000002","E05000676"
"BL9 5LL",10,380301,414541,"E92000001","E19000001","E18000002","","E08000002","E05000676"
"BL9 5LP",10,380454,413676,"E92000001","E19000001","E18000002","","E08000002","E05000676"
"BL9 5LR",10,380519,413389,"E92000001","E19000001","E18000002","","E08000002","E05000676"
"BL9 5LX",10,380106,414837,"E92000001","E19000001","E18000002","","E08000002","E05000676"
"BL9 5LY",10,380287,414986,"E92000001","E19000001","E18000002","","E08000002","E05000676"
"BL9 5LZ",10,380436,415257,"E92000001","E19000001","E18000002","","E08000002","E05000681"
"BL9 5NA",10,380171,415456,"E92000001","E19000001","E18000002","","E08000002","E05000681"
"BL9 5NB",10,380038,415494,"E92000001","E19000001","E18000002","","E08000002","E05000681"
"BL9 5NE",10,379645,414894,"E92000001","E19000001","E18000002","","E08000002","E05000676"
"BL9 5NF",10,379716,414772,"E92000001","E19000001","E18000002","","E08000002","E05000676"
"BL9 5NG",10,379512,414720,"E92000001","E19000001","E18000002","","E08000002","E05000676"
"BL9 5NH",10,379914,415995,"E92000001","E19000001","E18000002","","E08000002","E05000681"
"BL9 5NJ",10,380036,415805,"E92000001","E19000001","E18000002","","E08000002","E05000681"
"BL9 5NL",10,380110,416046,"E92000001","E19000001","E18000002","","E08000002","E05000681"
"BL9 5NN",10,379464,414764,"E92000001","E19000001","E18000002","","E08000002","E05000676"
"BL9 5NP",10,380063,416169,"E92000001","E19000001","E18000002","","E08000002","E05000681"
"BL9 5NQ",10,379492,414719,"E92000001","E19000001","E18000002","","E08000002","E05000676"
"BL9 5NR",10,380198,415023,"E92000001","E19000001","E18000002","","E08000002","E05000676"
"BL9 5NS",10,379793,415038,"E92000001","E19000001","E18000002","","E08000002","E05000676"
"BL9 5NT",10,379493,414967,"E92000001","E19000001","E18000002","","E08000002","E05000676"
"BL9 5NU",10,379454,414976,"E92000001","E19000001","E18000002","","E08000002","E05000676"
"BL9 5NW",10,379463,414777,"E92000001","E19000001","E18000002","","E08000002","E05000676"
"BL9 5NX",10,379457,414895,"E92000001","E19000001","E18000002","","E08000002","E05000676"
"BL9 5NY",10,379513,414912,"E92000001","E19000001","E18000002","","E08000002","E05000676"
"BL9 5NZ",10,379539,414885,"E92000001","E19000001","E18000002","","E08000002","E05000676"
"BL9 5PA",10,379962,414603,"E92000001","E19000001","E18000002","","E08000002","E05000676"
"BL9 5PB",10,379848,414283,"E92000001","E19000001","E18000002","","E08000002","E05000676"
"BL9 5PD",10,379627,414699,"E92000001","E19000001","E18000002","","E08000002","E05000676"
"BL9 5PE",10,379343,415077,"E92000001","E19000001","E18000002","","E08000002","E05000676"
"BL9 5PF",10,379374,414885,"E92000001","E19000001","E18000002","","E08000002","E05000676"
"BL9 5PG",10,379295,415141,"E92000001","E19000001","E18000002","","E08000002","E05000676"
"BL9 5PH",10,379435,414827,"E92000001","E19000001","E18000002","","E08000002","E05000676"
"BL9 5PL",10,379392,415031,"E92000001","E19000001","E18000002","","E08000002","E05000676"
"BL9 5PN",10,379226,415152,"E92000001","E19000001","E18000002","","E08000002","E05000676"
"BL9 5PQ",10,379260,415161,"E92000001","E19000001","E18000002","","E08000002","E05000676"
"BL9 5PR",10,379165,415126,"E92000001","E19000001","E18000002","","E08000002","E05000676"
"BL9 5PS",10,379153,415121,"E92000001","E19000001","E18000002","","E08000002","E05000676"
"BL9 5PT",10,379123,415107,"E92000001","E19000001","E18000002","","E08000002","E05000676"
"BL9 5PU",10,379236,415115,"E92000001","E19000001","E18000002","","E08000002","E05000676"
"BL9 5PW",10,379196,415138,"E92000001","E19000001","E18000002","","E08000002","E05000676"
"BL9 5PX",10,379339,414957,"E92000001","E19000001","E18000002","","E08000002","E05000676"
"BL9 5PZ",10,379438,414438,"E92000001","E19000001","E18000002","","E08000002","E05000676"
"BL9 5QA",10,379372,414108,"E92000001","E19000001","E18000002","","E08000002","E05000676"
"BL9 5QB",10,379244,414571,"E92000001","E19000001","E18000002","","E08000002","E05000676"
"BL9 5QD",10,379078,414574,"E92000001","E19000001","E18000002","","E08000002","E05000676"
"BL9 5QE",10,379010,414548,"E92000001","E19000001","E18000002","","E08000002","E05000676"
"BL9 5QF",10,379012,414578,"E92000001","E19000001","E18000002","","E08000002","E05000676"
"BL9 5QG",10,379399,414942,"E92000001","E19000001","E18000002","","E08000002","E05000676"
"BL9 5QH",10,379092,414563,"E92000001","E19000001","E18000002","","E08000002","E05000676"
"BL9 5QJ",10,378995,414723,"E92000001","E19000001","E18000002","","E08000002","E05000676"
"BL9 5QL",10,378945,414898,"E92000001","E19000001","E18000002","","E08000002","E05000676"
"BL9 5QN",10,379666,414983,"E92000001","E19000001","E18000002","","E08000002","E05000676"
"BL9 5QP",10,378873,414989,"E92000001","E19000001","E18000002","","E08000002","E05000676"
"BL9 5QR",10,378910,414631,"E92000001","E19000001","E18000002","","E08000002","E05000676"
"BL9 5QS",10,380155,413111,"E92000001","E19000001","E18000002","","E08000002","E05000676"
"BL9 5QT",10,380344,413031,"E92000001","E19000001","E18000002","","E08000002","E05000676"
"BL9 5QU",10,379693,413644,"E92000001","E19000001","E18000002","","E08000002","E05000676"
"BL9 5QW",10,379456,415118,"E92000001","E19000001","E18000002","","E08000002","E05000676"
"BL9 5QX",10,378916,414962,"E92000001","E19000001","E18000002","","E08000002","E05000676"
"BL9 5QZ",10,380478,413566,"E92000001","E19000001","E18000002","","E08000002","E05000676"
"BL9 5WQ",10,379565,410717,"E92000001","E19000001","E18000002","","E08000002","E05000671"
"BL9 6AB",10,381009,411274,"E92000001","E19000001","E18000002","","E08000002","E05000675"
"BL9 6AD",10,381014,411322,"E92000001","E19000001","E18000002","","E08000002","E05000675"
"BL9 6AE",10,381269,411094,"E92000001","E19000001","E18000002","","E08000002","E05000672"
"BL9 6AG",10,381249,411344,"E92000001","E19000001","E18000002","","E08000002","E05000675"
"BL9 6AH",10,381098,411249,"E92000001","E19000001","E18000002","","E08000002","E05000675"
"BL9 6AJ",10,381231,411135,"E92000001","E19000001","E18000002","","E08000002","E05000672"
"BL9 6AQ",10,381321,411359,"E92000001","E19000001","E18000002","","E08000002","E05000675"
"BL9 6AR",10,381142,411183,"E92000001","E19000001","E18000002","","E08000002","E05000672"
"BL9 6AS",10,381142,411137,"E92000001","E19000001","E18000002","","E08000002","E05000672"
"BL9 6AT",10,381900,412410,"E92000001","E19000001","E18000002","","E08000002","E05000675"
"BL9 6AW",10,381232,411332,"E92000001","E19000001","E18000002","","E08000002","E05000675"
"BL9 6AY",10,381305,411169,"E92000001","E19000001","E18000002","","E08000002","E05000672"
"BL9 6BA",10,381260,411195,"E92000001","E19000001","E18000002","","E08000002","E05000672"
"BL9 6BB",10,381356,411211,"E92000001","E19000001","E18000002","","E08000002","E05000672"
"BL9 6BE",10,381321,411150,"E92000001","E19000001","E18000002","","E08000002","E05000672"
"BL9 6BF",10,381374,411079,"E92000001","E19000001","E18000002","","E08000002","E05000672"
"BL9 6BG",10,381464,411146,"E92000001","E19000001","E18000002","","E08000002","E05000672"
"BL9 6BH",10,381337,411026,"E92000001","E19000001","E18000002","","E08000002","E05000672"
"BL9 6BJ",10,381367,411005,"E92000001","E19000001","E18000002","","E08000002","E05000672"
"BL9 6BL",10,381425,410991,"E92000001","E19000001","E18000002","","E08000002","E05000672"
"BL9 6BN",10,381245,411166,"E92000001","E19000001","E18000002","","E08000002","E05000672"
"BL9 6BP",10,381399,411170,"E92000001","E19000001","E18000002","","E08000002","E05000672"
"BL9 6BQ",10,381270,411395,"E92000001","E19000001","E18000002","","E08000002","E05000675"
"BL9 6BR",10,381371,411277,"E92000001","E19000001","E18000002","","E08000002","E05000675"
"BL9 6BS",10,381424,411277,"E92000001","E19000001","E18000002","","E08000002","E05000675"
"BL9 6BT",10,381334,411471,"E92000001","E19000001","E18000002","","E08000002","E05000675"
"BL9 6BU",10,381341,411472,"E92000001","E19000001","E18000002","","E08000002","E05000675"
"BL9 6BX",10,381462,411415,"E92000001","E19000001","E18000002","","E08000002","E05000675"
"BL9 6BY",10,381539,411475,"E92000001","E19000001","E18000002","","E08000002","E05000675"
"BL9 6BZ",10,381534,411419,"E92000001","E19000001","E18000002","","E08000002","E05000675"
"BL9 6DA",10,381608,411375,"E92000001","E19000001","E18000002","","E08000002","E05000675"
"BL9 6DB",10,381580,411346,"E92000001","E19000001","E18000002","","E08000002","E05000675"
"BL9 6DE",10,381542,411232,"E92000001","E19000001","E18000002","","E08000002","E05000672"
"BL9 6DF",10,381534,411263,"E92000001","E19000001","E18000002","","E08000002","E05000675"
"BL9 6DG",10,381651,411251,"E92000001","E19000001","E18000002","","E08000002","E05000672"
"BL9 6DH",10,381505,411351,"E92000001","E19000001","E18000002","","E08000002","E05000675"
"BL9 6DJ",10,381269,411255,"E92000001","E19000001","E18000002","","E08000002","E05000675"
"BL9 6DL",10,381358,411249,"E92000001","E19000001","E18000002","","E08000002","E05000675"
"BL9 6DN",10,381021,411592,"E92000001","E19000001","E18000002","","E08000002","E05000675"
"BL9 6DP",10,380938,411349,"E92000001","E19000001","E18000002","","E08000002","E05000675"
"BL9 6DR",10,381008,411378,"E92000001","E19000001","E18000002","","E08000002","E05000675"
"BL9 6DT",10,381047,411399,"E92000001","E19000001","E18000002","","E08000002","E05000675"
"BL9 6DU",10,381001,411430,"E92000001","E19000001","E18000002","","E08000002","E05000675"
"BL9 6DX",10,380937,411513,"E92000001","E19000001","E18000002","","E08000002","E05000675"
"BL9 6DY",10,380990,411457,"E92000001","E19000001","E18000002","","E08000002","E05000675"
"BL9 6EA",10,380964,411512,"E92000001","E19000001","E18000002","","E08000002","E05000675"
"BL9 6EB",10,381057,411720,"E92000001","E19000001","E18000002","","E08000002","E05000675"
"BL9 6ED",10,381070,411632,"E92000001","E19000001","E18000002","","E08000002","E05000675"
"BL9 6EE",10,380955,411641,"E92000001","E19000001","E18000002","","E08000002","E05000675"
"BL9 6EG",10,381221,411804,"E92000001","E19000001","E18000002","","E08000002","E05000675"
"BL9 6EJ",10,381215,411999,"E92000001","E19000001","E18000002","","E08000002","E05000675"
"BL9 6EL",10,381290,411974,"E92000001","E19000001","E18000002","","E08000002","E05000675"
"BL9 6EN",10,381311,411851,"E92000001","E19000001","E18000002","","E08000002","E05000675"
"BL9 6EP",10,381417,411976,"E92000001","E19000001","E18000002","","E08000002","E05000675"
"BL9 6EQ",10,381210,411889,"E92000001","E19000001","E18000002","","E08000002","E05000675"
"BL9 6ER",10,381583,411957,"E92000001","E19000001","E18000002","","E08000002","E05000675"
"BL9 6ES",10,381509,411897,"E92000001","E19000001","E18000002","","E08000002","E05000675"
"BL9 6ET",10,381431,411951,"E92000001","E19000001","E18000002","","E08000002","E05000675"
"BL9 6EU",10,381376,411902,"E92000001","E19000001","E18000002","","E08000002","E05000675"
"BL9 6EW",10,381322,411903,"E92000001","E19000001","E18000002","","E08000002","E05000675"
"BL9 6EX",10,381118,411677,"E92000001","E19000001","E18000002","","E08000002","E05000675"
"BL9 6EY",10,381271,411744,"E92000001","E19000001","E18000002","","E08000002","E05000675"
"BL9 6FT",10,381039,411500,"E92000001","E19000001","E18000002","","E08000002","E05000675"
"BL9 6FW",10,380933,411606,"E92000001","E19000001","E18000002","","E08000002","E05000675"
"BL9 6FX",10,381752,411697,"E92000001","E19000001","E18000002","","E08000002","E05000675"
"BL9 6FY",10,381478,412018,"E92000001","E19000001","E18000002","","E08000002","E05000675"
"BL9 6GB",10,381163,411883,"E92000001","E19000001","E18000002","","E08000002","E05000675"
"BL9 6GD",10,381187,411839,"E92000001","E19000001","E18000002","","E08000002","E05000675"
"BL9 6GE",10,381209,411800,"E92000001","E19000001","E18000002","","E08000002","E05000675"
"BL9 6GF",10,381045,411559,"E92000001","E19000001","E18000002","","E08000002","E05000675"
"BL9 6HA",10,381512,412087,"E92000001","E19000001","E18000002","","E08000002","E05000675"
"BL9 6HD",10,381181,411696,"E92000001","E19000001","E18000002","","E08000002","E05000675"
"BL9 6HE",10,381120,411757,"E92000001","E19000001","E18000002","","E08000002","E05000675"
"BL9 6HH",10,381203,411452,"E92000001","E19000001","E18000002","","E08000002","E05000675"
"BL9 6HJ",10,381272,411553,"E92000001","E19000001","E18000002","","E08000002","E05000675"
"BL9 6HN",10,380942,412902,"E92000001","E19000001","E18000002","","E08000002","E05000675"
"BL9 6HR",10,381926,411527,"E92000001","E19000001","E18000002","","E08000002","E05000675"
"BL9 6HS",10,381791,411268,"E92000001","E19000001","E18000002","","E08000002","E05000672"
"BL9 6HT",10,381756,411295,"E92000001","E19000001","E18000002","","E08000002","E05000675"
"BL9 6HY",10,381659,411424,"E92000001","E19000001","E18000002","","E08000002","E05000675"
"BL9 6JA",10,381661,411551,"E92000001","E19000001","E18000002","","E08000002","E05000675"
"BL9 6JB",10,381640,411583,"E92000001","E19000001","E18000002","","E08000002","E05000675"
"BL9 6JD",10,381843,411696,"E92000001","E19000001","E18000002","","E08000002","E05000675"
"BL9 6JE",10,381695,411735,"E92000001","E19000001","E18000002","","E08000002","E05000675"
"BL9 6JF",10,381808,411897,"E92000001","E19000001","E18000002","","E08000002","E05000675"
"BL9 6JG",10,381833,411862,"E92000001","E19000001","E18000002","","E08000002","E05000675"
"BL9 6JH",10,381867,411783,"E92000001","E19000001","E18000002","","E08000002","E05000675"
"BL9 6JJ",10,381867,411918,"E92000001","E19000001","E18000002","","E08000002","E05000675"
"BL9 6JL",10,381864,412085,"E92000001","E19000001","E18000002","","E08000002","E05000675"
"BL9 6JN",10,381925,411878,"E92000001","E19000001","E18000002","","E08000002","E05000675"
"BL9 6JP",10,381917,412129,"E92000001","E19000001","E18000002","","E08000002","E05000675"
"BL9 6JQ",10,381767,411732,"E92000001","E19000001","E18000002","","E08000002","E05000675"
"BL9 6JR",10,381954,412104,"E92000001","E19000001","E18000002","","E08000002","E05000675"
"BL9 6JS",10,382049,411890,"E92000001","E19000001","E18000002","","E08000002","E05000675"
"BL9 6JT",10,382020,411883,"E92000001","E19000001","E18000002","","E08000002","E05000675"
"BL9 6JU",10,382134,411696,"E92000001","E19000001","E18000002","","E08000002","E05000675"
"BL9 6JW",10,381999,411860,"E92000001","E19000001","E18000002","","E08000002","E05000675"
"BL9 6JX",10,382068,411614,"E92000001","E19000001","E18000002","","E08000002","E05000675"
"BL9 6JY",10,381993,411651,"E92000001","E19000001","E18000002","","E08000002","E05000675"
"BL9 6JZ",10,381893,411585,"E92000001","E19000001","E18000002","","E08000002","E05000675"
"BL9 6LA",10,381938,411659,"E92000001","E19000001","E18000002","","E08000002","E05000675"
"BL9 6LB",10,381972,411571,"E92000001","E19000001","E18000002","","E08000002","E05000675"
"BL9 6LD",10,381986,411517,"E92000001","E19000001","E18000002","","E08000002","E05000675"
"BL9 6LE",10,381870,411338,"E92000001","E19000001","E18000002","","E08000002","E05000675"
"BL9 6LG",10,381498,411555,"E92000001","E19000001","E18000002","","E08000002","E05000675"
"BL9 6LH",10,381608,411678,"E92000001","E19000001","E18000002","","E08000002","E05000675"
"BL9 6LJ",10,381576,411605,"E92000001","E19000001","E18000002","","E08000002","E05000675"
"BL9 6LL",10,380864,411803,"E92000001","E19000001","E18000002","","E08000002","E05000675"
"BL9 6LN",10,380959,411935,"E92000001","E19000001","E18000002","","E08000002","E05000675"
"BL9 6LP",10,380950,411859,"E92000001","E19000001","E18000002","","E08000002","E05000675"
"BL9 6LQ",10,381495,411666,"E92000001","E19000001","E18000002","","E08000002","E05000675"
"BL9 6LR",10,380891,411857,"E92000001","E19000001","E18000002","","E08000002","E05000675"
"BL9 6LS",10,381003,411814,"E92000001","E19000001","E18000002","","E08000002","E05000675"
"BL9 6LT",10,380950,411709,"E92000001","E19000001","E18000002","","E08000002","E05000675"
"BL9 6LU",10,380961,411659,"E92000001","E19000001","E18000002","","E08000002","E05000675"
"BL9 6LW",10,381037,411904,"E92000001","E19000001","E18000002","","E08000002","E05000675"
"BL9 6LX",10,381004,411746,"E92000001","E19000001","E18000002","","E08000002","E05000675"
"BL9 6LY",10,381071,411849,"E92000001","E19000001","E18000002","","E08000002","E05000675"
"BL9 6NA",10,381151,411914,"E92000001","E19000001","E18000002","","E08000002","E05000675"
"BL9 6NB",10,381114,411990,"E92000001","E19000001","E18000002","","E08000002","E05000675"
"BL9 6ND",10,381061,411935,"E92000001","E19000001","E18000002","","E08000002","E05000675"
"BL9 6NE",10,381129,412019,"E92000001","E19000001","E18000002","","E08000002","E05000675"
"BL9 6NF",10,381167,412068,"E92000001","E19000001","E18000002","","E08000002","E05000675"
"BL9 6NG",10,380916,412285,"E92000001","E19000001","E18000002","","E08000002","E05000675"
"BL9 6NH",10,380780,412238,"E92000001","E19000001","E18000002","","E08000002","E05000675"
"BL9 6NJ",10,380970,412411,"E92000001","E19000001","E18000002","","E08000002","E05000675"
"BL9 6NL",10,380863,412363,"E92000001","E19000001","E18000002","","E08000002","E05000675"
"BL9 6NN",10,380849,412216,"E92000001","E19000001","E18000002","","E08000002","E05000675"
"BL9 6NP",10,380853,412334,"E92000001","E19000001","E18000002","","E08000002","E05000675"
"BL9 6NQ",10,380850,412160,"E92000001","E19000001","E18000002","","E08000002","E05000675"
"BL9 6NR",10,381083,412036,"E92000001","E19000001","E18000002","","E08000002","E05000675"
"BL9 6NS",10,381459,411871,"E92000001","E19000001","E18000002","","E08000002","E05000675"
"BL9 6NT",10,380810,412607,"E92000001","E19000001","E18000002","","E08000002","E05000675"
"BL9 6NW",10,380855,412247,"E92000001","E19000001","E18000002","","E08000002","E05000675"
"BL9 6NX",10,380736,412361,"E92000001","E19000001","E18000002","","E08000002","E05000675"
"BL9 6NY",10,380576,412332,"E92000001","E19000001","E18000002","","E08000002","E05000675"
"BL9 6NZ",10,380623,412316,"E92000001","E19000001","E18000002","","E08000002","E05000675"
"BL9 6PA",10,380565,412310,"E92000001","E19000001","E18000002","","E08000002","E05000675"
"BL9 6PB",10,380568,412422,"E92000001","E19000001","E18000002","","E08000002","E05000675"
"BL9 6PD",10,380655,412423,"E92000001","E19000001","E18000002","","E08000002","E05000675"
"BL9 6PE",10,380707,412474,"E92000001","E19000001","E18000002","","E08000002","E05000675"
"BL9 6PF",10,380709,412417,"E92000001","E19000001","E18000002","","E08000002","E05000675"
"BL9 6PH",10,381005,412536,"E92000001","E19000001","E18000002","","E08000002","E05000675"
"BL9 6PJ",10,381094,412655,"E92000001","E19000001","E18000002","","E08000002","E05000675"
"BL9 6PL",10,381059,412701,"E92000001","E19000001","E18000002","","E08000002","E05000675"
"BL9 6PN",10,380972,412709,"E92000001","E19000001","E18000002","","E08000002","E05000675"
"BL9 6PP",10,380912,412631,"E92000001","E19000001","E18000002","","E08000002","E05000675"
"BL9 6PQ",10,380883,412421,"E92000001","E19000001","E18000002","","E08000002","E05000675"
"BL9 6PR",10,380851,412676,"E92000001","E19000001","E18000002","","E08000002","E05000675"
"BL9 6PS",10,380855,412614,"E92000001","E19000001","E18000002","","E08000002","E05000675"
"BL9 6PT",10,380865,412705,"E92000001","E19000001","E18000002","","E08000002","E05000675"
"BL9 6PU",10,381013,412849,"E92000001","E19000001","E18000002","","E08000002","E05000675"
"BL9 6PW",10,380916,412590,"E92000001","E19000001","E18000002","","E08000002","E05000675"
"BL9 6PX",10,380893,412808,"E92000001","E19000001","E18000002","","E08000002","E05000675"
"BL9 6PY",10,380823,412797,"E92000001","E19000001","E18000002","","E08000002","E05000675"
"BL9 6PZ",10,380785,412873,"E92000001","E19000001","E18000002","","E08000002","E05000675"
"BL9 6QA",10,380872,412909,"E92000001","E19000001","E18000002","","E08000002","E05000675"
"BL9 6QB",10,380854,413045,"E92000001","E19000001","E18000002","","E08000002","E05000675"
"BL9 6QD",10,380792,412959,"E92000001","E19000001","E18000002","","E08000002","E05000675"
"BL9 6QE",10,380734,412834,"E92000001","E19000001","E18000002","","E08000002","E05000675"
"BL9 6QF",10,380768,412619,"E92000001","E19000001","E18000002","","E08000002","E05000675"
"BL9 6QG",10,380919,413118,"E92000001","E19000001","E18000002","","E08000002","E05000675"
"BL9 6QH",10,380753,413020,"E92000001","E19000001","E18000002","","E08000002","E05000675"
"BL9 6QJ",10,380854,413164,"E92000001","E19000001","E18000002","","E08000002","E05000675"
"BL9 6QL",10,380915,413143,"E92000001","E19000001","E18000002","","E08000002","E05000675"
"BL9 6QN",10,380806,412567,"E92000001","E19000001","E18000002","","E08000002","E05000675"
"BL9 6QP",10,380702,413081,"E92000001","E19000001","E18000002","","E08000002","E05000675"
"BL9 6QQ",10,380910,413188,"E92000001","E19000001","E18000002","","E08000002","E05000675"
"BL9 6QR",10,380773,413086,"E92000001","E19000001","E18000002","","E08000002","E05000675"
"BL9 6QS",10,380758,413161,"E92000001","E19000001","E18000002","","E08000002","E05000675"
"BL9 6QT",10,380705,413135,"E92000001","E19000001","E18000002","","E08000002","E05000675"
"BL9 6QU",10,380731,413229,"E92000001","E19000001","E18000002","","E08000002","E05000675"
"BL9 6QW",10,380970,413045,"E92000001","E19000001","E18000002","","E08000002","E05000675"
"BL9 6QX",10,380809,413462,"E92000001","E19000001","E18000002","","E08000002","E05000676"
"BL9 6QY",10,380850,413564,"E92000001","E19000001","E18000002","","E08000002","E05000676"
"BL9 6QZ",10,380831,413657,"E92000001","E19000001","E18000002","","E08000002","E05000676"
"BL9 6RA",10,380802,413310,"E92000001","E19000001","E18000002","","E08000002","E05000675"
"BL9 6RB",10,380954,413569,"E92000001","E19000001","E18000002","","E08000002","E05000676"
"BL9 6RD",10,380870,413540,"E92000001","E19000001","E18000002","","E08000002","E05000676"
"BL9 6RF",10,380789,413718,"E92000001","E19000001","E18000002","","E08000002","E05000676"
"BL9 6RG",10,380841,413760,"E92000001","E19000001","E18000002","","E08000002","E05000676"
"BL9 6RH",10,380738,413758,"E92000001","E19000001","E18000002","","E08000002","E05000676"
"BL9 6RJ",10,380735,413848,"E92000001","E19000001","E18000002","","E08000002","E05000676"
"BL9 6RL",10,380646,413748,"E92000001","E19000001","E18000002","","E08000002","E05000676"
"BL9 6RN",10,380580,413589,"E92000001","E19000001","E18000002","","E08000002","E05000676"
"BL9 6RP",10,380602,413812,"E92000001","E19000001","E18000002","","E08000002","E05000676"
"BL9 6RQ",10,380798,413793,"E92000001","E19000001","E18000002","","E08000002","E05000676"
"BL9 6RR",10,380617,413857,"E92000001","E19000001","E18000002","","E08000002","E05000676"
"BL9 6RS",10,380677,413962,"E92000001","E19000001","E18000002","","E08000002","E05000676"
"BL9 6RT",10,380748,413989,"E92000001","E19000001","E18000002","","E08000002","E05000676"
"BL9 6RU",10,380806,414074,"E92000001","E19000001","E18000002","","E08000002","E05000676"
"BL9 6RW",10,380540,413760,"E92000001","E19000001","E18000002","","E08000002","E05000676"
"BL9 6RX",10,380815,414221,"E92000001","E19000001","E18000002","","E08000002","E05000676"
"BL9 6RY",10,380860,414222,"E92000001","E19000001","E18000002","","E08000002","E05000676"
"BL9 6RZ",10,380976,414169,"E92000001","E19000001","E18000002","","E08000002","E05000676"
"BL9 6SA",10,380839,414045,"E92000001","E19000001","E18000002","","E08000002","E05000676"
"BL9 6SB",10,380805,413947,"E92000001","E19000001","E18000002","","E08000002","E05000676"
"BL9 6SD",10,380647,413624,"E92000001","E19000001","E18000002","","E08000002","E05000676"
"BL9 6SE",10,380630,413634,"E92000001","E19000001","E18000002","","E08000002","E05000676"
"BL9 6SF",10,380582,413645,"E92000001","E19000001","E18000002","","E08000002","E05000676"
"BL9 6SG",10,380811,413234,"E92000001","E19000001","E18000002","","E08000002","E05000675"
"BL9 6SH",10,380620,413466,"E92000001","E19000001","E18000002","","E08000002","E05000676"
"BL9 6SJ",10,380747,413496,"E92000001","E19000001","E18000002","","E08000002","E05000676"
"BL9 6SL",10,380902,413620,"E92000001","E19000001","E18000002","","E08000002","E05000676"
"BL9 6SN",10,381018,413621,"E92000001","E19000001","E18000002","","E08000002","E05000676"
"BL9 6SP",10,380931,415063,"E92000001","E19000001","E18000002","","E08000002","E05000676"
"BL9 6SQ",10,380626,413514,"E92000001","E19000001","E18000002","","E08000002","E05000676"
"BL9 6SR",10,380730,415129,"E92000001","E19000001","E18000002","","E08000002","E05000676"
"BL9 6SS",10,381539,412526,"E92000001","E19000001","E18000002","","E08000002","E05000675"
"BL9 6ST",10,381612,412656,"E92000001","E19000001","E18000002","","E08000002","E05000675"
"BL9 6SU",10,381353,412917,"E92000001","E19000001","E18000002","","E08000002","E05000675"
"BL9 6SW",10,381117,413633,"E92000001","E19000001","E18000002","","E08000002","E05000676"
"BL9 6SX",10,381215,414493,"E92000001","E19000001","E18000002","","E08000002","E05000676"
"BL9 6SY",10,380702,415771,"E92000001","E19000001","E18000002","","E08000002","E05000681"
"BL9 6SZ",10,381947,415389,"E92000001","E19000001","E18000002","E10000017","E07000125","E05005317"
"BL9 6TA",10,381145,415565,"E92000001","E19000001","E18000002","E10000017","E07000125","E05005317"
"BL9 6TB",10,382008,415483,"E92000001","E19000001","E18000002","E10000017","E07000125","E05005317"
"BL9 6TD",10,382126,414436,"E92000001","E19000001","E18000002","E10000017","E07000125","E05005317"
"BL9 6TE",10,381816,413917,"E92000001","E19000001","E18000002","E10000017","E07000125","E05005317"
"BL9 6TH",10,381444,414470,"E92000001","E19000001","E18000002","E10000017","E07000125","E05005317"
"BL9 6TJ",10,381075,413212,"E92000001","E19000001","E18000002","","E08000002","E05000675"
"BL9 6TN",10,380905,413042,"E92000001","E19000001","E18000002","","E08000002","E05000675"
"BL9 6TP",10,382698,412137,"E92000001","E19000001","E18000002","","E08000002","E05000672"
"BL9 6TQ",10,380916,412980,"E92000001","E19000001","E18000002","","E08000002","E05000675"
"BL9 6TR",10,383176,412331,"E92000001","E19000001","E18000002","","E08000005","E05000750"
"BL9 6TS",10,383327,412406,"E92000001","E19000001","E18000002","","E08000005","E05000750"
"BL9 6TT",10,383488,412438,"E92000001","E19000001","E18000002","","E08000005","E05000750"
"BL9 6TU",10,383492,412446,"E92000001","E19000001","E18000002","","E08000005","E05000750"
"BL9 6TX",10,383542,412461,"E92000001","E19000001","E18000002","","E08000005","E05000750"
"BL9 6TY",10,383598,412469,"E92000001","E19000001","E18000002","","E08000005","E05000750"
"BL9 6TZ",10,383369,412777,"E92000001","E19000001","E18000002","","E08000005","E05000750"
"BL9 6UA",10,383176,413272,"E92000001","E19000001","E18000002","","E08000005","E05000750"
"BL9 6UB",10,383276,413381,"E92000001","E19000001","E18000002","","E08000005","E05000750"
"BL9 6UD",10,384327,411939,"E92000001","E19000001","E18000002","","E08000005","E05000751"
"BL9 6UE",10,384287,412055,"E92000001","E19000001","E18000002","","E08000005","E05000750"
"BL9 6UF",10,383941,411773,"E92000001","E19000001","E18000002","","E08000005","E05000751"
"BL9 6UG",10,382177,411953,"E92000001","E19000001","E18000002","","E08000002","E05000672"
"BL9 6UH",10,382893,412195,"E92000001","E19000001","E18000002","","E08000002","E05000672"
"BL9 6UJ",10,382123,412518,"E92000001","E19000001","E18000002","","E08000002","E05000672"
"BL9 6UL",10,382617,412934,"E92000001","E19000001","E18000002","","E08000005","E05000750"
"BL9 6UN",10,381954,412834,"E92000001","E19000001","E18000002","","E08000002","E05000675"
"BL9 6UP",10,382635,413853,"E92000001","E19000001","E18000002","E10000017","E07000125","E05005317"
"BL9 6UQ",10,382997,411988,"E92000001","E19000001","E18000002","","E08000002","E05000672"
"BL9 6UR",10,383518,412697,"E92000001","E19000001","E18000002","","E08000005","E05000750"
"BL9 6US",10,383437,412968,"E92000001","E19000001","E18000002","","E08000005","E05000750"
"BL9 6UT",10,383138,413310,"E92000001","E19000001","E18000002","","E08000005","E05000750"
"BL9 6UU",10,383919,413017,"E92000001","E19000001","E18000002","","E08000005","E05000750"
"BL9 6UW",10,382136,413340,"E92000001","E19000001","E18000002","E10000017","E07000125","E05005317"
"BL9 6UY",10,383919,412209,"E92000001","E19000001","E18000002","","E08000005","E05000750"
"BL9 6WD",10,380928,412559,"E92000001","E19000001","E18000002","","E08000002","E05000675"
"BL9 6WE",10,380913,412450,"E92000001","E19000001","E18000002","","E08000002","E05000675"
"BL9 6WF",10,380924,412525,"E92000001","E19000001","E18000002","","E08000002","E05000675"
"BL9 6WG",10,380794,412473,"E92000001","E19000001","E18000002","","E08000002","E05000675"
"BL9 6WH",10,380886,412532,"E92000001","E19000001","E18000002","","E08000002","E05000675"
"BL9 6XA",10,383103,412657,"E92000001","E19000001","E18000002","","E08000005","E05000750"
"BL9 6XB",10,380952,413287,"E92000001","E19000001","E18000002","","E08000002","E05000675"
"BL9 6XD",10,380870,413241,"E92000001","E19000001","E18000002","","E08000002","E05000675"
"BL9 6XE",10,380788,412771,"E92000001","E19000001","E18000002","","E08000002","E05000675"
"BL9 6YA",10,381389,411822,"E92000001","E19000001","E18000002","","E08000002","E05000675"
"BL9 7AF",10,381050,411180,"E92000001","E19000001","E18000002","","E08000002","E05000672"
"BL9 7AG",10,381033,411181,"E92000001","E19000001","E18000002","","E08000002","E05000672"
"BL9 7AH",10,381159,411101,"E92000001","E19000001","E18000002","","E08000002","E05000672"
"BL9 7AJ",10,381192,411077,"E92000001","E19000001","E18000002","","E08000002","E05000672"
"BL9 7AN",10,381197,410944,"E92000001","E19000001","E18000002","","E08000002","E05000672"
"BL9 7AQ",10,381014,411087,"E92000001","E19000001","E18000002","","E08000002","E05000672"
"BL9 7AR",10,381135,410825,"E92000001","E19000001","E18000002","","E08000002","E05000672"
"BL9 7AT",10,381067,410854,"E92000001","E19000001","E18000002","","E08000002","E05000672"
"BL9 7AU",10,381024,410822,"E92000001","E19000001","E18000002","","E08000002","E05000672"
"BL9 7AW",10,382472,410882,"E92000001","E19000001","E18000002","","E08000002","E05000672"
"BL9 7AX",10,381005,410820,"E92000001","E19000001","E18000002","","E08000002","E05000672"
"BL9 7AY",10,381177,410719,"E92000001","E19000001","E18000002","","E08000002","E05000672"
"BL9 7AZ",10,380948,410713,"E92000001","E19000001","E18000002","","E08000002","E05000672"
"BL9 7BA",10,381175,410764,"E92000001","E19000001","E18000002","","E08000002","E05000672"
"BL9 7BB",10,381353,410753,"E92000001","E19000001","E18000002","","E08000002","E05000672"
"BL9 7BD",10,381317,410721,"E92000001","E19000001","E18000002","","E08000002","E05000672"
"BL9 7BE",10,381317,410873,"E92000001","E19000001","E18000002","","E08000002","E05000672"
"BL9 7BF",10,381159,410825,"E92000001","E19000001","E18000002","","E08000002","E05000672"
"BL9 7BG",10,381239,410821,"E92000001","E19000001","E18000002","","E08000002","E05000672"
"BL9 7BH",10,381429,410858,"E92000001","E19000001","E18000002","","E08000002","E05000672"
"BL9 7BL",10,381264,410902,"E92000001","E19000001","E18000002","","E08000002","E05000672"
"BL9 7BP",10,381404,410936,"E92000001","E19000001","E18000002","","E08000002","E05000672"
"BL9 7BQ",10,381817,410495,"E92000001","E19000001","E18000002","","E08000005","E05000757"
"BL9 7BR",10,381869,410334,"E92000001","E19000001","E18000002","","E08000005","E05000757"
"BL9 7BS",10,381457,410794,"E92000001","E19000001","E18000002","","E08000002","E05000672"
"BL9 7BT",10,381467,410866,"E92000001","E19000001","E18000002","","E08000002","E05000672"
"BL9 7BU",10,381528,410798,"E92000001","E19000001","E18000002","","E08000002","E05000672"
"BL9 7BW",10,381314,410996,"E92000001","E19000001","E18000002","","E08000002","E05000672"
"BL9 7BX",10,381526,410725,"E92000001","E19000001","E18000002","","E08000002","E05000672"
"BL9 7BY",10,381481,410689,"E92000001","E19000001","E18000002","","E08000002","E05000672"
"BL9 7BZ",10,381551,410745,"E92000001","E19000001","E18000002","","E08000002","E05000672"
"BL9 7DA",10,381627,410761,"E92000001","E19000001","E18000002","","E08000002","E05000672"
"BL9 7DB",10,381724,410692,"E92000001","E19000001","E18000002","","E08000002","E05000672"
"BL9 7DD",10,381656,410746,"E92000001","E19000001","E18000002","","E08000002","E05000672"
"BL9 7DE",10,381720,410757,"E92000001","E19000001","E18000002","","E08000002","E05000672"
"BL9 7DF",10,381798,410629,"E92000001","E19000001","E18000002","","E08000002","E05000672"
"BL9 7DH",10,381699,410796,"E92000001","E19000001","E18000002","","E08000002","E05000672"
"BL9 7DJ",10,381586,410826,"E92000001","E19000001","E18000002","","E08000002","E05000672"
"BL9 7DL",10,381659,410873,"E92000001","E19000001","E18000002","","E08000002","E05000672"
"BL9 7DN",10,381556,410797,"E92000001","E19000001","E18000002","","E08000002","E05000672"
"BL9 7DP",10,381554,410883,"E92000001","E19000001","E18000002","","E08000002","E05000672"
"BL9 7DQ",10,381842,410729,"E92000001","E19000001","E18000002","","E08000002","E05000672"
"BL9 7DR",10,381760,410713,"E92000001","E19000001","E18000002","","E08000002","E05000672"
"BL9 7DS",10,381612,410655,"E92000001","E19000001","E18000002","","E08000002","E05000672"
"BL9 7DW",10,381701,410848,"E92000001","E19000001","E18000002","","E08000002","E05000672"
"BL9 7DY",10,381202,410620,"E92000001","E19000001","E18000002","","E08000002","E05000672"
"BL9 7DZ",10,381182,410659,"E92000001","E19000001","E18000002","","E08000002","E05000672"
"BL9 7EA",10,381090,410400,"E92000001","E19000001","E18000002","","E08000002","E05000672"
"BL9 7EB",10,381043,410404,"E92000001","E19000001","E18000002","","E08000002","E05000672"
"BL9 7ED",10,380957,410237,"E92000001","E19000001","E18000002","","E08000002","E05000672"
"BL9 7EF",10,381129,410231,"E92000001","E19000001","E18000002","","E08000002","E05000672"
"BL9 7EG",10,381270,410302,"E92000001","E19000001","E18000002","","E08000002","E05000672"
"BL9 7EH",10,381137,410314,"E92000001","E19000001","E18000002","","E08000002","E05000672"
"BL9 7EJ",10,381242,410267,"E92000001","E19000001","E18000002","","E08000002","E05000672"
"BL9 7EL",10,381189,410345,"E92000001","E19000001","E18000002","","E08000002","E05000672"
"BL9 7EN",10,381177,410502,"E92000001","E19000001","E18000002","","E08000002","E05000672"
"BL9 7EP",10,381231,410449,"E92000001","E19000001","E18000002","","E08000002","E05000672"
"BL9 7EQ",10,381041,410243,"E92000001","E19000001","E18000002","","E08000002","E05000672"
"BL9 7ER",10,381241,410529,"E92000001","E19000001","E18000002","","E08000002","E05000672"
"BL9 7ES",10,381349,410505,"E92000001","E19000001","E18000002","","E08000002","E05000672"
"BL9 7ET",10,381407,410363,"E92000001","E19000001","E18000002","","E08000002","E05000672"
"BL9 7EU",10,381090,410281,"E92000001","E19000001","E18000002","","E08000002","E05000672"
"BL9 7EW",10,381213,410428,"E92000001","E19000001","E18000002","","E08000002","E05000672"
"BL9 7EX",10,381555,410251,"E92000001","E19000001","E18000002","","E08000002","E05000672"
"BL9 7EY",10,381467,410600,"E92000001","E19000001","E18000002","","E08000002","E05000672"
"BL9 7EZ",10,381096,410309,"E92000001","E19000001","E18000002","","E08000002","E05000672"
"BL9 7FX",10,379565,410717,"E92000001","E19000001","E18000002","","E08000002","E05000671"
"BL9 7GD",10,383681,411935,"E92000001","E19000001","E18000002","","E08000005","E05000750"
"BL9 7HB",10,381349,410531,"E92000001","E19000001","E18000002","","E08000002","E05000672"
"BL9 7HD",10,381241,410557,"E92000001","E19000001","E18000002","","E08000002","E05000672"
"BL9 7HE",10,381273,410599,"E92000001","E19000001","E18000002","","E08000002","E05000672"
"BL9 7HF",10,381332,410639,"E92000001","E19000001","E18000002","","E08000002","E05000672"
"BL9 7HG",10,381301,410614,"E92000001","E19000001","E18000002","","E08000002","E05000672"
"BL9 7HH",10,381298,410683,"E92000001","E19000001","E18000002","","E08000002","E05000672"
"BL9 7HJ",10,381378,410692,"E92000001","E19000001","E18000002","","E08000002","E05000672"
"BL9 7HL",10,381412,410563,"E92000001","E19000001","E18000002","","E08000002","E05000672"
"BL9 7HN",10,382985,410163,"E92000001","E19000001","E18000002","","E08000005","E05000757"
"BL9 7HP",10,381929,410588,"E92000001","E19000001","E18000002","","E08000002","E05000672"
"BL9 7HQ",10,381363,410584,"E92000001","E19000001","E18000002","","E08000002","E05000672"
"BL9 7HR",10,382335,410558,"E92000001","E19000001","E18000002","","E08000005","E05000757"
"BL9 7HS",10,382312,410525,"E92000001","E19000001","E18000002","","E08000005","E05000757"
"BL9 7HT",10,382567,410567,"E92000001","E19000001","E18000002","","E08000005","E05000757"
"BL9 7HU",10,383023,410064,"E92000001","E19000001","E18000002","","E08000005","E05000757"
"BL9 7HW",10,382967,410079,"E92000001","E19000001","E18000002","","E08000005","E05000757"
"BL9 7HX",10,382803,410596,"E92000001","E19000001","E18000002","","E08000005","E05000757"
"BL9 7HY",10,382838,410547,"E92000001","E19000001","E18000002","","E08000005","E05000757"
"BL9 7HZ",10,383127,410654,"E92000001","E19000001","E18000002","","E08000005","E05000757"
"BL9 7JA",10,383237,410414,"E92000001","E19000001","E18000002","","E08000005","E05000757"
"BL9 7JB",10,383176,410326,"E92000001","E19000001","E18000002","","E08000005","E05000757"
"BL9 7JD",10,383247,410298,"E92000001","E19000001","E18000002","","E08000005","E05000757"
"BL9 7JE",10,383193,410281,"E92000001","E19000001","E18000002","","E08000005","E05000757"
"BL9 7JF",10,383135,410249,"E92000001","E19000001","E18000002","","E08000005","E05000757"
"BL9 7JG",10,382978,410255,"E92000001","E19000001","E18000002","","E08000005","E05000757"
"BL9 7JH",10,382967,410219,"E92000001","E19000001","E18000002","","E08000005","E05000757"
"BL9 7JJ",10,382922,410167,"E92000001","E19000001","E18000002","","E08000005","E05000757"
"BL9 7JL",10,382960,409903,"E92000001","E19000001","E18000002","","E08000005","E05000757"
"BL9 7JN",10,382892,410340,"E92000001","E19000001","E18000002","","E08000005","E05000757"
"BL9 7JP",10,382716,410436,"E92000001","E19000001","E18000002","","E08000005","E05000757"
"BL9 7JQ",10,382930,410219,"E92000001","E19000001","E18000002","","E08000005","E05000757"
"BL9 7JR",10,382689,410391,"E92000001","E19000001","E18000002","","E08000005","E05000757"
"BL9 7JS",10,382650,410324,"E92000001","E19000001","E18000002","","E08000005","E05000757"
"BL9 7JT",10,382351,410134,"E92000001","E19000001","E18000002","","E08000005","E05000757"
"BL9 7JU",10,382403,410367,"E92000001","E19000001","E18000002","","E08000005","E05000757"
"BL9 7JW",10,382818,410358,"E92000001","E19000001","E18000002","","E08000005","E05000757"
"BL9 7JX",10,382402,410511,"E92000001","E19000001","E18000002","","E08000005","E05000757"
"BL9 7JY",10,382295,410389,"E92000001","E19000001","E18000002","","E08000005","E05000757"
"BL9 7JZ",10,383129,409964,"E92000001","E19000001","E18000002","","E08000005","E05000757"
"BL9 7LA",10,381653,409794,"E92000001","E19000001","E18000002","","E08000005","E05000757"
"BL9 7LB",10,382387,410461,"E92000001","E19000001","E18000002","","E08000005","E05000757"
"BL9 7LD",10,382143,411617,"E92000001","E19000001","E18000002","","E08000002","E05000675"
"BL9 7LE",10,382194,411549,"E92000001","E19000001","E18000002","","E08000002","E05000675"
"BL9 7LH",10,381944,411296,"E92000001","E19000001","E18000002","","E08000002","E05000672"
"BL9 7LJ",10,382039,411304,"E92000001","E19000001","E18000002","","E08000002","E05000672"
"BL9 7LN",10,382048,411432,"E92000001","E19000001","E18000002","","E08000002","E05000675"
"BL9 7LP",10,382075,411375,"E92000001","E19000001","E18000002","","E08000002","E05000675"
"BL9 7LQ",10,381996,411314,"E92000001","E19000001","E18000002","","E08000002","E05000672"
"BL9 7LR",10,382187,411378,"E92000001","E19000001","E18000002","","E08000002","E05000672"
"BL9 7LS",10,382163,411451,"E92000001","E19000001","E18000002","","E08000002","E05000675"
"BL9 7LT",10,382283,411485,"E92000001","E19000001","E18000002","","E08000002","E05000672"
"BL9 7LU",10,382245,411434,"E92000001","E19000001","E18000002","","E08000002","E05000672"
"BL9 7LW",10,381117,411116,"E92000001","E19000001","E18000002","","E08000002","E05000672"
"BL9 7LX",10,382136,411129,"E92000001","E19000001","E18000002","","E08000002","E05000672"
"BL9 7LY",10,382083,411254,"E92000001","E19000001","E18000002","","E08000002","E05000672"
"BL9 7LZ",10,382063,411161,"E92000001","E19000001","E18000002","","E08000002","E05000672"
"BL9 7NA",10,382002,411092,"E92000001","E19000001","E18000002","","E08000002","E05000672"
"BL9 7NB",10,382085,411069,"E92000001","E19000001","E18000002","","E08000002","E05000672"
"BL9 7ND",10,382241,411086,"E92000001","E19000001","E18000002","","E08000002","E05000672"
"BL9 7NE",10,382312,410963,"E92000001","E19000001","E18000002","","E08000002","E05000672"
"BL9 7NF",10,382276,411043,"E92000001","E19000001","E18000002","","E08000002","E05000672"
"BL9 7NG",10,382298,411172,"E92000001","E19000001","E18000002","","E08000002","E05000672"
"BL9 7NH",10,382267,411273,"E92000001","E19000001","E18000002","","E08000002","E05000672"
"BL9 7NJ",10,382211,411266,"E92000001","E19000001","E18000002","","E08000002","E05000672"
"BL9 7NL",10,382358,411416,"E92000001","E19000001","E18000002","","E08000002","E05000672"
"BL9 7NN",10,382436,411294,"E92000001","E19000001","E18000002","","E08000002","E05000672"
"BL9 7NP",10,382492,410837,"E92000001","E19000001","E18000002","","E08000002","E05000672"
"BL9 7NQ",10,382335,411328,"E92000001","E19000001","E18000002","","E08000002","E05000672"
"BL9 7NR",10,382363,411215,"E92000001","E19000001","E18000002","","E08000002","E05000672"
"BL9 7NS",10,382331,411030,"E92000001","E19000001","E18000002","","E08000002","E05000672"
"BL9 7NT",10,382465,411120,"E92000001","E19000001","E18000002","","E08000002","E05000672"
"BL9 7NW",10,382367,411340,"E92000001","E19000001","E18000002","","E08000002","E05000672"
"BL9 7NX",10,382513,410809,"E92000001","E19000001","E18000002","","E08000002","E05000672"
"BL9 7NY",10,382429,410670,"E92000001","E19000001","E18000002","","E08000002","E05000672"
"BL9 7NZ",10,382726,410953,"E92000001","E19000001","E18000002","","E08000002","E05000672"
"BL9 7PA",10,382943,411044,"E92000001","E19000001","E18000002","","E08000002","E05000672"
"BL9 7PB",10,382447,410757,"E92000001","E19000001","E18000002","","E08000002","E05000672"
"BL9 7PD",10,382386,410957,"E92000001","E19000001","E18000002","","E08000002","E05000672"
"BL9 7PE",10,382512,410925,"E92000001","E19000001","E18000002","","E08000002","E05000672"
"BL9 7PF",10,382575,410889,"E92000001","E19000001","E18000002","","E08000002","E05000672"
"BL9 7PG",10,382501,410993,"E92000001","E19000001","E18000002","","E08000002","E05000672"
"BL9 7PJ",10,382334,410806,"E92000001","E19000001","E18000002","","E08000002","E05000672"
"BL9 7PL",10,381350,410802,"E92000001","E19000001","E18000002","","E08000002","E05000672"
"BL9 7PN",10,381360,410833,"E92000001","E19000001","E18000002","","E08000002","E05000672"
"BL9 7PP",10,382020,411265,"E92000001","E19000001","E18000002","","E08000002","E05000672"
"BL9 7PQ",10,382651,410872,"E92000001","E19000001","E18000002","","E08000002","E05000672"
"BL9 7PR",10,382398,410757,"E92000001","E19000001","E18000002","","E08000002","E05000672"
"BL9 7PS",10,381872,411153,"E92000001","E19000001","E18000002","","E08000002","E05000672"
"BL9 7PT",10,381765,411208,"E92000001","E19000001","E18000002","","E08000002","E05000672"
"BL9 7PU",10,381675,411162,"E92000001","E19000001","E18000002","","E08000002","E05000672"
"BL9 7PW",10,381392,410880,"E92000001","E19000001","E18000002","","E08000002","E05000672"
"BL9 7PX",10,381785,410964,"E92000001","E19000001","E18000002","","E08000002","E05000672"
"BL9 7PY",10,381769,411106,"E92000001","E19000001","E18000002","","E08000002","E05000672"
"BL9 7PZ",10,381647,410990,"E92000001","E19000001","E18000002","","E08000002","E05000672"
"BL9 7QA",10,381566,411113,"E92000001","E19000001","E18000002","","E08000002","E05000672"
"BL9 7QB",10,381598,411155,"E92000001","E19000001","E18000002","","E08000002","E05000672"
"BL9 7QD",10,381579,411210,"E92000001","E19000001","E18000002","","E08000002","E05000672"
"BL9 7QE",10,381491,411136,"E92000001","E19000001","E18000002","","E08000002","E05000672"
"BL9 7QF",10,381573,411046,"E92000001","E19000001","E18000002","","E08000002","E05000672"
"BL9 7QG",10,381507,410985,"E92000001","E19000001","E18000002","","E08000002","E05000672"
"BL9 7QH",10,381617,410973,"E92000001","E19000001","E18000002","","E08000002","E05000672"
"BL9 7QJ",10,381582,410899,"E92000001","E19000001","E18000002","","E08000002","E05000672"
"BL9 7QL",10,381714,410889,"E92000001","E19000001","E18000002","","E08000002","E05000672"
"BL9 7QN",10,381761,410833,"E92000001","E19000001","E18000002","","E08000002","E05000672"
"BL9 7QP",10,381811,411155,"E92000001","E19000001","E18000002","","E08000002","E05000672"
"BL9 7QQ",10,381540,410997,"E92000001","E19000001","E18000002","","E08000002","E05000672"
"BL9 7QR",10,381934,411177,"E92000001","E19000001","E18000002","","E08000002","E05000672"
"BL9 7QS",10,381989,411138,"E92000001","E19000001","E18000002","","E08000002","E05000672"
"BL9 7QT",10,381919,410924,"E92000001","E19000001","E18000002","","E08000002","E05000672"
"BL9 7QU",10,381898,411019,"E92000001","E19000001","E18000002","","E08000002","E05000672"
"BL9 7QW",10,381756,410999,"E92000001","E19000001","E18000002","","E08000002","E05000672"
"BL9 7QX",10,381847,410868,"E92000001","E19000001","E18000002","","E08000002","E05000672"
"BL9 7QY",10,381865,410765,"E92000001","E19000001","E18000002","","E08000002","E05000672"
"BL9 7QZ",10,381818,410866,"E92000001","E19000001","E18000002","","E08000002","E05000672"
"BL9 7RB",10,381459,410994,"E92000001","E19000001","E18000002","","E08000002","E05000672"
"BL9 7RD",10,383622,411745,"E92000001","E19000001","E18000002","","E08000002","E05000672"
"BL9 7RF",10,382771,411563,"E92000001","E19000001","E18000002","","E08000002","E05000672"
"BL9 7RG",10,382427,411497,"E92000001","E19000001","E18000002","","E08000002","E05000672"
"BL9 7RH",10,382549,411620,"E92000001","E19000001","E18000002","","E08000002","E05000672"
"BL9 7RJ",10,382617,411590,"E92000001","E19000001","E18000002","","E08000002","E05000672"
"BL9 7RL",10,382679,411664,"E92000001","E19000001","E18000002","","E08000002","E05000672"
"BL9 7RN",10,382789,411707,"E92000001","E19000001","E18000002","","E08000002","E05000672"
"BL9 7RP",10,382650,411757,"E92000001","E19000001","E18000002","","E08000002","E05000672"
"BL9 7RQ",10,382428,411460,"E92000001","E19000001","E18000002","","E08000002","E05000672"
"BL9 7RR",10,382740,411698,"E92000001","E19000001","E18000002","","E08000002","E05000672"
"BL9 7RS",10,382749,411892,"E92000001","E19000001","E18000002","","E08000002","E05000672"
"BL9 7RT",10,382853,411839,"E92000001","E19000001","E18000002","","E08000002","E05000672"
"BL9 7RU",10,382832,411832,"E92000001","E19000001","E18000002","","E08000002","E05000672"
"BL9 7RW",10,382735,411871,"E92000001","E19000001","E18000002","","E08000002","E05000672"
"BL9 7RX",10,382896,411636,"E92000001","E19000001","E18000002","","E08000002","E05000672"
"BL9 7RY",10,382901,411602,"E92000001","E19000001","E18000002","","E08000002","E05000672"
"BL9 7RZ",10,382743,411595,"E92000001","E19000001","E18000002","","E08000002","E05000672"
"BL9 7SA",10,382572,411541,"E92000001","E19000001","E18000002","","E08000002","E05000672"
"BL9 7SB",10,382529,411496,"E92000001","E19000001","E18000002","","E08000002","E05000672"
"BL9 7SD",10,382709,411524,"E92000001","E19000001","E18000002","","E08000002","E05000672"
"BL9 7SE",10,382519,411420,"E92000001","E19000001","E18000002","","E08000002","E05000672"
"BL9 7SF",10,382540,411456,"E92000001","E19000001","E18000002","","E08000002","E05000672"
"BL9 7SG",10,382572,411463,"E92000001","E19000001","E18000002","","E08000002","E05000672"
"BL9 7SH",10,382476,411441,"E92000001","E19000001","E18000002","","E08000002","E05000672"
"BL9 7SJ",10,382878,411447,"E92000001","E19000001","E18000002","","E08000002","E05000672"
"BL9 7SL",10,382756,411495,"E92000001","E19000001","E18000002","","E08000002","E05000672"
"BL9 7SN",10,382875,411567,"E92000001","E19000001","E18000002","","E08000002","E05000672"
"BL9 7SP",10,382843,411439,"E92000001","E19000001","E18000002","","E08000002","E05000672"
"BL9 7SQ",10,382711,411391,"E92000001","E19000001","E18000002","","E08000002","E05000672"
"BL9 7SR",10,382934,411572,"E92000001","E19000001","E18000002","","E08000002","E05000672"
"BL9 7SS",10,382976,411350,"E92000001","E19000001","E18000002","","E08000002","E05000672"
"BL9 7ST",10,383287,411378,"E92000001","E19000001","E18000002","","E08000002","E05000672"
"BL9 7SU",10,382997,411438,"E92000001","E19000001","E18000002","","E08000002","E05000672"
"BL9 7SW",10,382876,411670,"E92000001","E19000001","E18000002","","E08000002","E05000672"
"BL9 7TA",10,382916,411739,"E92000001","E19000001","E18000002","","E08000002","E05000672"
"BL9 7TB",10,383124,411705,"E92000001","E19000001","E18000002","","E08000002","E05000672"
"BL9 7TD",10,383181,411570,"E92000001","E19000001","E18000002","","E08000002","E05000672"
"BL9 7TE",10,383336,411789,"E92000001","E19000001","E18000002","","E08000002","E05000672"
"BL9 7TF",10,383427,411791,"E92000001","E19000001","E18000002","","E08000002","E05000672"
"BL9 7TG",10,383233,411809,"E92000001","E19000001","E18000002","","E08000002","E05000672"
"BL9 7TH",10,383035,411712,"E92000001","E19000001","E18000002","","E08000002","E05000672"
"BL9 7TJ",10,383332,411855,"E92000001","E19000001","E18000002","","E08000002","E05000672"
"BL9 7TL",10,383503,411858,"E92000001","E19000001","E18000002","","E08000002","E05000672"
"BL9 7TN",10,383437,411902,"E92000001","E19000001","E18000002","","E08000002","E05000672"
"BL9 7TP",10,383523,411749,"E92000001","E19000001","E18000002","","E08000002","E05000672"
"BL9 7TQ",10,383270,411843,"E92000001","E19000001","E18000002","","E08000002","E05000672"
"BL9 7TR",10,383473,411737,"E92000001","E19000001","E18000002","","E08000002","E05000672"
"BL9 7TS",10,383610,411713,"E92000001","E19000001","E18000002","","E08000002","E05000672"
"BL9 7TT",10,383636,411917,"E92000001","E19000001","E18000002","","E08000005","E05000750"
"BL9 7TU",10,383632,412036,"E92000001","E19000001","E18000002","","E08000005","E05000750"
"BL9 7TW",10,383530,411939,"E92000001","E19000001","E18000002","","E08000002","E05000672"
"BL9 7TX",10,383619,411993,"E92000001","E19000001","E18000002","","E08000005","E05000750"
"BL9 7TY",10,383779,411983,"E92000001","E19000001","E18000002","","E08000005","E05000750"
"BL9 7TZ",10,383846,411956,"E92000001","E19000001","E18000002","","E08000005","E05000751"
"BL9 7UA",10,384015,412034,"E92000001","E19000001","E18000002","","E08000005","E05000750"
"BL9 7UB",10,384064,411998,"E92000001","E19000001","E18000002","","E08000005","E05000751"
"BL9 7UE",10,382478,410923,"E92000001","E19000001","E18000002","","E08000002","E05000672"
"BL9 7UJ",10,383559,412366,"E92000001","E19000001","E18000002","","E08000005","E05000750"
"BL9 7UN",10,383632,412378,"E92000001","E19000001","E18000002","","E08000005","E05000750"
"BL9 8AA",10,381894,407589,"E92000001","E19000001","E18000002","","E08000002","E05000686"
"BL9 8AB",10,381882,407737,"E92000001","E19000001","E18000002","","E08000002","E05000686"
"BL9 8AD",10,381814,407682,"E92000001","E19000001","E18000002","","E08000002","E05000686"
"BL9 8AE",10,381636,407698,"E92000001","E19000001","E18000002","","E08000002","E05000686"
"BL9 8AF",10,381623,407787,"E92000001","E19000001","E18000002","","E08000002","E05000686"
"BL9 8AG",10,381678,407781,"E92000001","E19000001","E18000002","","E08000002","E05000686"
"BL9 8AH",10,381920,407763,"E92000001","E19000001","E18000002","","E08000002","E05000686"
"BL9 8AJ",10,381850,407851,"E92000001","E19000001","E18000002","","E08000002","E05000686"
"BL9 8AL",10,381831,407773,"E92000001","E19000001","E18000002","","E08000002","E05000686"
"BL9 8AN",10,381863,407896,"E92000001","E19000001","E18000002","","E08000002","E05000686"
"BL9 8AP",10,381676,407756,"E92000001","E19000001","E18000002","","E08000002","E05000686"
"BL9 8AQ",10,381726,407810,"E92000001","E19000001","E18000002","","E08000002","E05000686"
"BL9 8AR",10,381781,407857,"E92000001","E19000001","E18000002","","E08000002","E05000686"
"BL9 8AS",10,381350,408042,"E92000001","E19000001","E18000002","","E08000002","E05000686"
"BL9 8AT",10,381434,408073,"E92000001","E19000001","E18000002","","E08000002","E05000686"
"BL9 8AW",10,381896,407908,"E92000001","E19000001","E18000002","","E08000002","E05000686"
"BL9 8AX",10,381784,407903,"E92000001","E19000001","E18000002","","E08000002","E05000686"
"BL9 8AY",10,381281,408051,"E92000001","E19000001","E18000002","","E08000002","E05000686"
"BL9 8AZ",10,381273,408006,"E92000001","E19000001","E18000002","","E08000002","E05000686"
"BL9 8BA",10,381309,407925,"E92000001","E19000001","E18000002","","E08000002","E05000686"
"BL9 8BD",10,381126,408042,"E92000001","E19000001","E18000002","","E08000002","E05000686"
"BL9 8BE",10,381265,408181,"E92000001","E19000001","E18000002","","E08000002","E05000686"
"BL9 8BG",10,381187,408229,"E92000001","E19000001","E18000002","","E08000002","E05000686"
"BL9 8BH",10,381187,408087,"E92000001","E19000001","E18000002","","E08000002","E05000686"
"BL9 8BJ",10,381102,408175,"E92000001","E19000001","E18000002","","E08000002","E05000686"
"BL9 8BL",10,381217,408186,"E92000001","E19000001","E18000002","","E08000002","E05000686"
"BL9 8BN",10,381253,408237,"E92000001","E19000001","E18000002","","E08000002","E05000686"
"BL9 8BP",10,381254,408341,"E92000001","E19000001","E18000002","","E08000002","E05000686"
"BL9 8BQ",10,381125,408105,"E92000001","E19000001","E18000002","","E08000002","E05000686"
"BL9 8BR",10,381289,408121,"E92000001","E19000001","E18000002","","E08000002","E05000686"
"BL9 8BS",10,381127,408080,"E92000001","E19000001","E18000002","","E08000002","E05000686"
"BL9 8BT",10,380933,408101,"E92000001","E19000001","E18000002","","E08000002","E05000686"
"BL9 8BU",10,381015,408130,"E92000001","E19000001","E18000002","","E08000002","E05000686"
"BL9 8BW",10,381269,408316,"E92000001","E19000001","E18000002","","E08000002","E05000686"
"BL9 8BX",10,381123,408244,"E92000001","E19000001","E18000002","","E08000002","E05000686"
"BL9 8BY",10,381008,408197,"E92000001","E19000001","E18000002","","E08000002","E05000686"
"BL9 8BZ",10,381023,408306,"E92000001","E19000001","E18000002","","E08000002","E05000686"
"BL9 8DA",10,380955,408228,"E92000001","E19000001","E18000002","","E08000002","E05000686"
"BL9 8DB",10,380883,408165,"E92000001","E19000001","E18000002","","E08000002","E05000686"
"BL9 8DD",10,380960,408018,"E92000001","E19000001","E18000002","","E08000002","E05000686"
"BL9 8DE",10,382121,407739,"E92000001","E19000001","E18000002","","E08000002","E05000686"
"BL9 8DF",10,381964,407742,"E92000001","E19000001","E18000002","","E08000002","E05000686"
"BL9 8DH",10,382004,407416,"E92000001","E19000001","E18000002","","E08000002","E05000686"
"BL9 8DL",10,380633,407209,"E92000001","E19000001","E18000002","","E08000002","E05000677"
"BL9 8DN",10,380698,407107,"E92000001","E19000001","E18000002","","E08000002","E05000686"
"BL9 8DP",10,380629,407177,"E92000001","E19000001","E18000002","","E08000002","E05000677"
"BL9 8DQ",10,381829,407881,"E92000001","E19000001","E18000002","","E08000002","E05000686"
"BL9 8DR",10,380580,407069,"E92000001","E19000001","E18000002","","E08000002","E05000677"
"BL9 8DS",10,380626,407309,"E92000001","E19000001","E18000002","","E08000002","E05000677"
"BL9 8DT",10,380625,407273,"E92000001","E19000001","E18000002","","E08000002","E05000677"
"BL9 8DU",10,380766,407408,"E92000001","E19000001","E18000002","","E08000002","E05000677"
"BL9 8DW",10,380638,407134,"E92000001","E19000001","E18000002","","E08000002","E05000677"
"BL9 8DX",10,380724,407380,"E92000001","E19000001","E18000002","","E08000002","E05000677"
"BL9 8DY",10,381037,407409,"E92000001","E19000001","E18000002","","E08000002","E05000686"
"BL9 8DZ",10,380994,407356,"E92000001","E19000001","E18000002","","E08000002","E05000686"
"BL9 8EA",10,381011,407302,"E92000001","E19000001","E18000002","","E08000002","E05000686"
"BL9 8EB",10,381193,407254,"E92000001","E19000001","E18000002","","E08000002","E05000686"
"BL9 8ED",10,381263,407302,"E92000001","E19000001","E18000002","","E08000002","E05000686"
"BL9 8EE",10,380926,407402,"E92000001","E19000001","E18000002","","E08000002","E05000686"
"BL9 8EF",10,381084,407536,"E92000001","E19000001","E18000002","","E08000002","E05000686"
"BL9 8EG",10,381160,407508,"E92000001","E19000001","E18000002","","E08000002","E05000686"
"BL9 8EH",10,381542,407153,"E92000001","E19000001","E18000002","","E08000002","E05000686"
"BL9 8EJ",10,381344,407339,"E92000001","E19000001","E18000002","","E08000002","E05000686"
"BL9 8EL",10,381293,407295,"E92000001","E19000001","E18000002","","E08000002","E05000686"
"BL9 8EN",10,381388,407354,"E92000001","E19000001","E18000002","","E08000002","E05000686"
"BL9 8EP",10,381502,407354,"E92000001","E19000001","E18000002","","E08000002","E05000686"
"BL9 8EQ",10,381099,407326,"E92000001","E19000001","E18000002","","E08000002","E05000686"
"BL9 8ER",10,381475,407310,"E92000001","E19000001","E18000002","","E08000002","E05000686"
"BL9 8ES",10,381113,407256,"E92000001","E19000001","E18000002","","E08000002","E05000686"
"BL9 8ET",10,380836,407406,"E92000001","E19000001","E18000002","","E08000002","E05000686"
"BL9 8EU",10,381531,408448,"E92000001","E19000001","E18000002","","E08000002","E05000686"
"BL9 8EW",10,381472,407384,"E92000001","E19000001","E18000002","","E08000002","E05000686"
"BL9 8EX",10,381342,408015,"E92000001","E19000001","E18000002","","E08000002","E05000686"
"BL9 8EY",10,381895,408070,"E92000001","E19000001","E18000002","","E08000002","E05000686"
"BL9 8EZ",10,381925,407814,"E92000001","E19000001","E18000002","","E08000002","E05000686"
"BL9 8FS",10,379565,410717,"E92000001","E19000001","E18000002","","E08000002","E05000671"
"BL9 8GD",10,382317,408303,"E92000001","E19000001","E18000002","","E08000002","E05000686"
"BL9 8HA",10,380800,407274,"E92000001","E19000001","E18000002","","E08000002","E05000686"
"BL9 8HB",10,380829,407175,"E92000001","E19000001","E18000002","","E08000002","E05000686"
"BL9 8HD",10,380751,407040,"E92000001","E19000001","E18000002","","E08000002","E05000686"
"BL9 8HE",10,380945,407303,"E92000001","E19000001","E18000002","","E08000002","E05000686"
"BL9 8HF",10,380940,407268,"E92000001","E19000001","E18000002","","E08000002","E05000686"
"BL9 8HG",10,380894,407161,"E92000001","E19000001","E18000002","","E08000002","E05000686"
"BL9 8HH",10,381020,407149,"E92000001","E19000001","E18000002","","E08000002","E05000686"
"BL9 8HJ",10,381101,407207,"E92000001","E19000001","E18000002","","E08000002","E05000686"
"BL9 8HL",10,381098,407183,"E92000001","E19000001","E18000002","","E08000002","E05000686"
"BL9 8HN",10,381082,406977,"E92000001","E19000001","E18000002","","E08000002","E05000686"
"BL9 8HP",10,381078,407132,"E92000001","E19000001","E18000002","","E08000002","E05000686"
"BL9 8HQ",10,380958,407164,"E92000001","E19000001","E18000002","","E08000002","E05000686"
"BL9 8HR",10,381064,406902,"E92000001","E19000001","E18000002","","E08000002","E05000686"
"BL9 8HS",10,381060,406874,"E92000001","E19000001","E18000002","","E08000002","E05000686"
"BL9 8HT",10,381106,407053,"E92000001","E19000001","E18000002","","E08000002","E05000686"
"BL9 8HU",10,381146,406918,"E92000001","E19000001","E18000002","","E08000002","E05000686"
"BL9 8HW",10,381115,406784,"E92000001","E19000001","E18000002","","E08000002","E05000686"
"BL9 8HX",10,381140,407032,"E92000001","E19000001","E18000002","","E08000002","E05000686"
"BL9 8HY",10,381182,406952,"E92000001","E19000001","E18000002","","E08000002","E05000686"
"BL9 8HZ",10,381216,407066,"E92000001","E19000001","E18000002","","E08000002","E05000686"
"BL9 8JA",10,381352,407164,"E92000001","E19000001","E18000002","","E08000002","E05000686"
"BL9 8JB",10,381671,406699,"E92000001","E19000001","E18000002","","E08000002","E05000670"
"BL9 8JD",10,381983,407588,"E92000001","E19000001","E18000002","","E08000002","E05000686"
"BL9 8JE",10,381929,407674,"E92000001","E19000001","E18000002","","E08000002","E05000686"
"BL9 8JF",10,382011,407831,"E92000001","E19000001","E18000002","","E08000002","E05000686"
"BL9 8JG",10,382111,407620,"E92000001","E19000001","E18000002","","E08000002","E05000686"
"BL9 8JH",10,382071,407454,"E92000001","E19000001","E18000002","","E08000002","E05000686"
"BL9 8JJ",10,382028,407398,"E92000001","E19000001","E18000002","","E08000002","E05000686"
"BL9 8JL",10,382139,407425,"E92000001","E19000001","E18000002","","E08000002","E05000686"
"BL9 8JN",10,381896,407003,"E92000001","E19000001","E18000002","","E08000002","E05000670"
"BL9 8JP",10,382002,407250,"E92000001","E19000001","E18000002","","E08000002","E05000686"
"BL9 8JQ",10,382136,407340,"E92000001","E19000001","E18000002","","E08000002","E05000686"
"BL9 8JR",10,382009,407151,"E92000001","E19000001","E18000002","","E08000002","E05000686"
"BL9 8JS",10,381727,406876,"E92000001","E19000001","E18000002","","E08000002","E05000686"
"BL9 8JT",10,381870,407034,"E92000001","E19000001","E18000002","","E08000002","E05000686"
"BL9 8JU",10,381720,407197,"E92000001","E19000001","E18000002","","E08000002","E05000686"
"BL9 8JW",10,381745,406821,"E92000001","E19000001","E18000002","","E08000002","E05000670"
"BL9 8JX",10,381855,407261,"E92000001","E19000001","E18000002","","E08000002","E05000686"
"BL9 8JY",10,381931,407371,"E92000001","E19000001","E18000002","","E08000002","E05000686"
"BL9 8JZ",10,381993,407324,"E92000001","E19000001","E18000002","","E08000002","E05000686"
"BL9 8LA",10,381736,407158,"E92000001","E19000001","E18000002","","E08000002","E05000686"
"BL9 8LB",10,381661,407054,"E92000001","E19000001","E18000002","","E08000002","E05000686"
"BL9 8LD",10,381737,406989,"E92000001","E19000001","E18000002","","E08000002","E05000686"
"BL9 8LE",10,381732,407036,"E92000001","E19000001","E18000002","","E08000002","E05000686"
"BL9 8LF",10,381556,407005,"E92000001","E19000001","E18000002","","E08000002","E05000686"
"BL9 8LG",10,381667,406907,"E92000001","E19000001","E18000002","","E08000002","E05000686"
"BL9 8LH",10,381597,407087,"E92000001","E19000001","E18000002","","E08000002","E05000686"
"BL9 8LJ",10,381352,407191,"E92000001","E19000001","E18000002","","E08000002","E05000686"
"BL9 8LL",10,381377,407233,"E92000001","E19000001","E18000002","","E08000002","E05000686"
"BL9 8LP",10,382032,407192,"E92000001","E19000001","E18000002","","E08000002","E05000686"
"BL9 8LQ",10,381629,406858,"E92000001","E19000001","E18000002","","E08000002","E05000686"
"BL9 8LR",10,382018,407527,"E92000001","E19000001","E18000002","","E08000002","E05000686"
"BL9 8LS",10,382079,407892,"E92000001","E19000001","E18000002","","E08000002","E05000686"
"BL9 8LT",10,381872,408105,"E92000001","E19000001","E18000002","","E08000002","E05000686"
"BL9 8LU",10,381489,406681,"E92000001","E19000001","E18000002","","E08000002","E05000686"
"BL9 8LW",10,381588,406785,"E92000001","E19000001","E18000002","","E08000002","E05000686"
"BL9 8LX",10,381609,406715,"E92000001","E19000001","E18000002","","E08000002","E05000670"
"BL9 8LY",10,381449,406736,"E92000001","E19000001","E18000002","","E08000002","E05000686"
"BL9 8LZ",10,381276,406409,"E92000001","E19000001","E18000002","","E08000002","E05000686"
"BL9 8NA",10,381272,406317,"E92000001","E19000001","E18000002","","E08000002","E05000670"
"BL9 8NB",10,381192,406368,"E92000001","E19000001","E18000002","","E08000002","E05000686"
"BL9 8ND",10,381261,406511,"E92000001","E19000001","E18000002","","E08000002","E05000686"
"BL9 8NE",10,381303,406664,"E92000001","E19000001","E18000002","","E08000002","E05000686"
"BL9 8NF",10,381203,406860,"E92000001","E19000001","E18000002","","E08000002","E05000686"
"BL9 8NG",10,381164,406468,"E92000001","E19000001","E18000002","","E08000002","E05000686"
"BL9 8NH",10,381214,406567,"E92000001","E19000001","E18000002","","E08000002","E05000686"
"BL9 8NJ",10,381196,406688,"E92000001","E19000001","E18000002","","E08000002","E05000686"
"BL9 8NL",10,381307,406867,"E92000001","E19000001","E18000002","","E08000002","E05000686"
"BL9 8NN",10,381306,406695,"E92000001","E19000001","E18000002","","E08000002","E05000686"
"BL9 8NP",10,381382,406809,"E92000001","E19000001","E18000002","","E08000002","E05000686"
"BL9 8NQ",10,381128,406542,"E92000001","E19000001","E18000002","","E08000002","E05000686"
"BL9 8NR",10,381389,406704,"E92000001","E19000001","E18000002","","E08000002","E05000686"
"BL9 8NS",10,381398,406773,"E92000001","E19000001","E18000002","","E08000002","E05000686"
"BL9 8NT",10,381983,406964,"E92000001","E19000001","E18000002","","E08000002","E05000670"
"BL9 8NU",10,381938,407019,"E92000001","E19000001","E18000002","","E08000002","E05000670"
"BL9 8NW",10,381343,406714,"E92000001","E19000001","E18000002","","E08000002","E05000686"
"BL9 8NX",10,382031,408124,"E92000001","E19000001","E18000002","","E08000002","E05000686"
"BL9 8NY",10,381940,408096,"E92000001","E19000001","E18000002","","E08000002","E05000686"
"BL9 8PA",10,381397,406334,"E92000001","E19000001","E18000002","","E08000002","E05000670"
"BL9 8PB",10,381402,406279,"E92000001","E19000001","E18000002","","E08000002","E05000670"
"BL9 8PD",10,381559,406467,"E92000001","E19000001","E18000002","","E08000002","E05000670"
"BL9 8PE",10,381513,406552,"E92000001","E19000001","E18000002","","E08000002","E05000670"
"BL9 8PF",10,381483,406560,"E92000001","E19000001","E18000002","","E08000002","E05000670"
"BL9 8PG",10,381436,406439,"E92000001","E19000001","E18000002","","E08000002","E05000670"
"BL9 8PH",10,381317,406391,"E92000001","E19000001","E18000002","","E08000002","E05000670"
"BL9 8PJ",10,381449,406608,"E92000001","E19000001","E18000002","","E08000002","E05000670"
"BL9 8PL",10,381588,406655,"E92000001","E19000001","E18000002","","E08000002","E05000670"
"BL9 8PN",10,381879,406801,"E92000001","E19000001","E18000002","","E08000002","E05000670"
"BL9 8PP",10,381706,406629,"E92000001","E19000001","E18000002","","E08000002","E05000670"
"BL9 8PQ",10,381466,406483,"E92000001","E19000001","E18000002","","E08000002","E05000670"
"BL9 8PS",10,381810,406735,"E92000001","E19000001","E18000002","","E08000002","E05000670"
"BL9 8PT",10,381990,406902,"E92000001","E19000001","E18000002","","E08000002","E05000670"
"BL9 8PU",10,382013,406803,"E92000001","E19000001","E18000002","","E08000002","E05000670"
"BL9 8PW",10,381834,406757,"E92000001","E19000001","E18000002","","E08000002","E05000670"
"BL9 8PX",10,382070,406918,"E92000001","E19000001","E18000002","","E08000002","E05000670"
"BL9 8PY",10,381912,406919,"E92000001","E19000001","E18000002","","E08000002","E05000670"
"BL9 8PZ",10,381928,408133,"E92000001","E19000001","E18000002","","E08000002","E05000686"
"BL9 8QA",10,381330,408658,"E92000001","E19000001","E18000002","","E08000002","E05000686"
"BL9 8QB",10,382239,406782,"E92000001","E19000001","E18000002","","E08000002","E05000670"
"BL9 8QD",10,382035,407076,"E92000001","E19000001","E18000002","","E08000002","E05000686"
"BL9 8QF",10,381356,408559,"E92000001","E19000001","E18000002","","E08000002","E05000686"
"BL9 8QG",10,381268,408447,"E92000001","E19000001","E18000002","","E08000002","E05000686"
"BL9 8QH",10,381241,408495,"E92000001","E19000001","E18000002","","E08000002","E05000686"
"BL9 8QL",10,382087,407003,"E92000001","E19000001","E18000002","","E08000002","E05000686"
"BL9 8QP",10,382595,406930,"E92000001","E19000001","E18000002","","E08000002","E05000686"
"BL9 8QR",10,382336,407615,"E92000001","E19000001","E18000002","","E08000002","E05000686"
"BL9 8QS",10,382836,407504,"E92000001","E19000001","E18000002","","E08000002","E05000686"
"BL9 8QT",10,382508,408049,"E92000001","E19000001","E18000002","","E08000002","E05000686"
"BL9 8QW",10,382413,408324,"E92000001","E19000001","E18000002","","E08000002","E05000686"
"BL9 8QZ",10,382519,409240,"E92000001","E19000001","E18000002","","E08000002","E05000686"
"BL9 8RD",10,381978,408673,"E92000001","E19000001","E18000002","","E08000002","E05000686"
"BL9 8RE",10,381431,408761,"E92000001","E19000001","E18000002","","E08000002","E05000686"
"BL9 8RL",10,381404,408585,"E92000001","E19000001","E18000002","","E08000002","E05000686"
"BL9 8RN",10,381845,409162,"E92000001","E19000001","E18000002","","E08000002","E05000686"
"BL9 8RP",10,381434,408666,"E92000001","E19000001","E18000002","","E08000002","E05000686"
"BL9 8RQ",10,381650,409219,"E92000001","E19000001","E18000002","","E08000002","E05000686"
"BL9 8RR",10,381725,408683,"E92000001","E19000001","E18000002","","E08000002","E05000686"
"BL9 8RS",10,381995,409064,"E92000001","E19000001","E18000002","","E08000002","E05000686"
"BL9 8RT",10,381645,408759,"E92000001","E19000001","E18000002","","E08000002","E05000686"
"BL9 8RY",10,381602,409070,"E92000001","E19000001","E18000002","","E08000002","E05000686"
"BL9 8RZ",10,381941,408859,"E92000001","E19000001","E18000002","","E08000002","E05000686"
"BL9 8WN",10,379565,410717,"E92000001","E19000001","E18000002","","E08000002","E05000671"
"BL9 8WS",10,379565,410717,"E92000001","E19000001","E18000002","","E08000002","E05000671"
"BL9 9AA",10,380752,409909,"E92000001","E19000001","E18000002","","E08000002","E05000682"
"BL9 9AB",10,380697,409927,"E92000001","E19000001","E18000002","","E08000002","E05000682"
"BL9 9AD",10,380819,409925,"E92000001","E19000001","E18000002","","E08000002","E05000682"
"BL9 9AE",10,380901,410002,"E92000001","E19000001","E18000002","","E08000002","E05000682"
"BL9 9AF",10,380957,410014,"E92000001","E19000001","E18000002","","E08000002","E05000682"
"BL9 9AG",10,380923,410113,"E92000001","E19000001","E18000002","","E08000002","E05000682"
"BL9 9AH",10,380921,410051,"E92000001","E19000001","E18000002","","E08000002","E05000682"
"BL9 9AJ",10,380949,410142,"E92000001","E19000001","E18000002","","E08000002","E05000682"
"BL9 9AL",10,380997,410080,"E92000001","E19000001","E18000002","","E08000002","E05000682"
"BL9 9AN",10,380986,409949,"E92000001","E19000001","E18000002","","E08000002","E05000682"
"BL9 9AP",10,380648,409796,"E92000001","E19000001","E18000002","","E08000002","E05000682"
"BL9 9AQ",10,380916,410145,"E92000001","E19000001","E18000002","","E08000002","E05000682"
"BL9 9AR",10,380645,409841,"E92000001","E19000001","E18000002","","E08000002","E05000682"
"BL9 9AS",10,380549,409799,"E92000001","E19000001","E18000002","","E08000002","E05000682"
"BL9 9AT",10,380509,409729,"E92000001","E19000001","E18000002","","E08000002","E05000682"
"BL9 9AU",10,380434,409740,"E92000001","E19000001","E18000002","","E08000002","E05000682"
"BL9 9AW",10,380879,409904,"E92000001","E19000001","E18000002","","E08000002","E05000682"
"BL9 9AX",10,380383,409676,"E92000001","E19000001","E18000002","","E08000002","E05000682"
"BL9 9AY",10,380389,409657,"E92000001","E19000001","E18000002","","E08000002","E05000682"
"BL9 9AZ",10,380336,409706,"E92000001","E19000001","E18000002","","E08000002","E05000682"
"BL9 9BB",10,380310,409856,"E92000001","E19000001","E18000002","","E08000002","E05000682"
"BL9 9BD",10,380264,409712,"E92000001","E19000001","E18000002","","E08000002","E05000682"
"BL9 9BG",10,380419,409921,"E92000001","E19000001","E18000002","","E08000002","E05000682"
"BL9 9BH",10,380213,409897,"E92000001","E19000001","E18000002","","E08000002","E05000682"
"BL9 9BJ",10,380622,409911,"E92000001","E19000001","E18000002","","E08000002","E05000682"
"BL9 9BL",10,380559,409889,"E92000001","E19000001","E18000002","","E08000002","E05000682"
"BL9 9BN",10,380501,409871,"E92000001","E19000001","E18000002","","E08000002","E05000682"
"BL9 9BP",10,380411,409845,"E92000001","E19000001","E18000002","","E08000002","E05000682"
"BL9 9BQ",10,380589,409972,"E92000001","E19000001","E18000002","","E08000002","E05000682"
"BL9 9BR",10,380404,409739,"E92000001","E19000001","E18000002","","E08000002","E05000682"
"BL9 9BS",10,380360,409771,"E92000001","E19000001","E18000002","","E08000002","E05000682"
"BL9 9BT",10,380382,409725,"E92000001","E19000001","E18000002","","E08000002","E05000682"
"BL9 9BW",10,380473,409850,"E92000001","E19000001","E18000002","","E08000002","E05000682"
"BL9 9BX",10,381298,410070,"E92000001","E19000001","E18000002","","E08000002","E05000682"
"BL9 9BY",10,381228,410059,"E92000001","E19000001","E18000002","","E08000002","E05000682"
"BL9 9BZ",10,381098,410014,"E92000001","E19000001","E18000002","","E08000002","E05000682"
"BL9 9DA",10,381150,410042,"E92000001","E19000001","E18000002","","E08000002","E05000682"
"BL9 9DB",10,381091,409664,"E92000001","E19000001","E18000002","","E08000002","E05000682"
"BL9 9DD",10,380851,409846,"E92000001","E19000001","E18000002","","E08000002","E05000682"
"BL9 9DE",10,381000,409887,"E92000001","E19000001","E18000002","","E08000002","E05000682"
"BL9 9DF",10,380914,409807,"E92000001","E19000001","E18000002","","E08000002","E05000682"
"BL9 9DG",10,380871,409731,"E92000001","E19000001","E18000002","","E08000002","E05000682"
"BL9 9DH",10,380840,409790,"E92000001","E19000001","E18000002","","E08000002","E05000682"
"BL9 9DJ",10,380933,409822,"E92000001","E19000001","E18000002","","E08000002","E05000682"
"BL9 9DL",10,380984,409844,"E92000001","E19000001","E18000002","","E08000002","E05000682"
"BL9 9DN",10,381083,409860,"E92000001","E19000001","E18000002","","E08000002","E05000682"
"BL9 9DP",10,381135,409772,"E92000001","E19000001","E18000002","","E08000002","E05000682"
"BL9 9DQ",10,380997,409780,"E92000001","E19000001","E18000002","","E08000002","E05000682"
"BL9 9DR",10,381109,409839,"E92000001","E19000001","E18000002","","E08000002","E05000682"
"BL9 9DS",10,381174,409977,"E92000001","E19000001","E18000002","","E08000002","E05000682"
"BL9 9DT",10,381184,410024,"E92000001","E19000001","E18000002","","E08000002","E05000682"
"BL9 9DU",10,381157,410075,"E92000001","E19000001","E18000002","","E08000002","E05000682"
"BL9 9DW",10,381053,409870,"E92000001","E19000001","E18000002","","E08000002","E05000682"
"BL9 9DY",10,381047,410062,"E92000001","E19000001","E18000002","","E08000002","E05000682"
"BL9 9DZ",10,381055,410135,"E92000001","E19000001","E18000002","","E08000002","E05000682"
"BL9 9EA",10,381112,410133,"E92000001","E19000001","E18000002","","E08000002","E05000682"
"BL9 9EB",10,381167,410125,"E92000001","E19000001","E18000002","","E08000002","E05000682"
"BL9 9ED",10,381195,410126,"E92000001","E19000001","E18000002","","E08000002","E05000682"
"BL9 9EE",10,381078,409478,"E92000001","E19000001","E18000002","","E08000002","E05000682"
"BL9 9EG",10,381170,409870,"E92000001","E19000001","E18000002","","E08000002","E05000682"
"BL9 9EH",10,381191,409669,"E92000001","E19000001","E18000002","","E08000002","E05000682"
"BL9 9EJ",10,381153,409691,"E92000001","E19000001","E18000002","","E08000002","E05000682"
"BL9 9EL",10,381082,409507,"E92000001","E19000001","E18000002","","E08000002","E05000682"
"BL9 9EN",10,381094,409607,"E92000001","E19000001","E18000002","","E08000002","E05000682"
"BL9 9EQ",10,381203,409849,"E92000001","E19000001","E18000002","","E08000002","E05000682"
"BL9 9ER",10,381125,409664,"E92000001","E19000001","E18000002","","E08000002","E05000682"
"BL9 9ET",10,380871,409702,"E92000001","E19000001","E18000002","","E08000002","E05000682"
"BL9 9EU",10,381007,409719,"E92000001","E19000001","E18000002","","E08000002","E05000682"
"BL9 9EW",10,381142,409564,"E92000001","E19000001","E18000002","","E08000002","E05000682"
"BL9 9EX",10,381250,409675,"E92000001","E19000001","E18000002","","E08000002","E05000682"
"BL9 9EY",10,381264,409798,"E92000001","E19000001","E18000002","","E08000002","E05000682"
"BL9 9EZ",10,381334,409764,"E92000001","E19000001","E18000002","","E08000002","E05000682"
"BL9 9FU",10,379879,409343,"E92000001","E19000001","E18000002","","E08000002","E05000682"
"BL9 9FY",10,380740,408723,"E92000001","E19000001","E18000002","","E08000002","E05000682"
"BL9 9GA",10,381233,409332,"E92000001","E19000001","E18000002","","E08000002","E05000682"
"BL9 9GB",10,381397,409552,"E92000001","E19000001","E18000002","","E08000002","E05000682"
"BL9 9GD",10,381334,409669,"E92000001","E19000001","E18000002","","E08000002","E05000682"
"BL9 9GE",10,381310,409585,"E92000001","E19000001","E18000002","","E08000002","E05000682"
"BL9 9GF",10,381304,409443,"E92000001","E19000001","E18000002","","E08000002","E05000682"
"BL9 9GG",10,381312,409305,"E92000001","E19000001","E18000002","","E08000002","E05000682"
"BL9 9GH",10,381379,409367,"E92000001","E19000001","E18000002","","E08000002","E05000682"
"BL9 9GJ",10,381147,409325,"E92000001","E19000001","E18000002","","E08000002","E05000682"
"BL9 9GL",10,381140,409276,"E92000001","E19000001","E18000002","","E08000002","E05000682"
"BL9 9GN",10,381085,409238,"E92000001","E19000001","E18000002","","E08000002","E05000682"
"BL9 9GP",10,381302,409382,"E92000001","E19000001","E18000002","","E08000002","E05000682"
"BL9 9GQ",10,380980,408918,"E92000001","E19000001","E18000002","","E08000002","E05000682"
"BL9 9GR",10,381282,409883,"E92000001","E19000001","E18000002","","E08000002","E05000682"
"BL9 9HA",10,381230,409584,"E92000001","E19000001","E18000002","","E08000002","E05000682"
"BL9 9HB",10,380804,409963,"E92000001","E19000001","E18000002","","E08000002","E05000682"
"BL9 9HD",10,380641,409433,"E92000001","E19000001","E18000002","","E08000002","E05000682"
"BL9 9HE",10,380376,409611,"E92000001","E19000001","E18000002","","E08000002","E05000682"
"BL9 9HF",10,380440,409532,"E92000001","E19000001","E18000002","","E08000002","E05000682"
"BL9 9HG",10,380405,409511,"E92000001","E19000001","E18000002","","E08000002","E05000682"
"BL9 9HH",10,380330,409469,"E92000001","E19000001","E18000002","","E08000002","E05000682"
"BL9 9HJ",10,380383,409516,"E92000001","E19000001","E18000002","","E08000002","E05000682"
"BL9 9HL",10,380342,409644,"E92000001","E19000001","E18000002","","E08000002","E05000682"
"BL9 9HN",10,380464,409557,"E92000001","E19000001","E18000002","","E08000002","E05000682"
"BL9 9HP",10,380567,409530,"E92000001","E19000001","E18000002","","E08000002","E05000682"
"BL9 9HQ",10,380503,409442,"E92000001","E19000001","E18000002","","E08000002","E05000682"
"BL9 9HR",10,380569,409414,"E92000001","E19000001","E18000002","","E08000002","E05000682"
"BL9 9HS",10,380541,409633,"E92000001","E19000001","E18000002","","E08000002","E05000682"
"BL9 9HT",10,380572,409631,"E92000001","E19000001","E18000002","","E08000002","E05000682"
"BL9 9HU",10,380685,409569,"E92000001","E19000001","E18000002","","E08000002","E05000682"
"BL9 9HW",10,380468,409658,"E92000001","E19000001","E18000002","","E08000002","E05000682"
"BL9 9HX",10,380637,409638,"E92000001","E19000001","E18000002","","E08000002","E05000682"
"BL9 9HY",10,380706,409607,"E92000001","E19000001","E18000002","","E08000002","E05000682"
"BL9 9HZ",10,380709,409673,"E92000001","E19000001","E18000002","","E08000002","E05000682"
"BL9 9JA",10,380754,409645,"E92000001","E19000001","E18000002","","E08000002","E05000682"
"BL9 9JB",10,380798,409612,"E92000001","E19000001","E18000002","","E08000002","E05000682"
"BL9 9JD",10,380937,409616,"E92000001","E19000001","E18000002","","E08000002","E05000682"
"BL9 9JE",10,380903,409653,"E92000001","E19000001","E18000002","","E08000002","E05000682"
"BL9 9JF",10,380964,409655,"E92000001","E19000001","E18000002","","E08000002","E05000682"
"BL9 9JG",10,380802,409662,"E92000001","E19000001","E18000002","","E08000002","E05000682"
"BL9 9JH",10,381001,409645,"E92000001","E19000001","E18000002","","E08000002","E05000682"
"BL9 9JJ",10,381021,409392,"E92000001","E19000001","E18000002","","E08000002","E05000682"
"BL9 9JL",10,380850,409629,"E92000001","E19000001","E18000002","","E08000002","E05000682"
"BL9 9JN",10,380763,409771,"E92000001","E19000001","E18000002","","E08000002","E05000682"
"BL9 9JP",10,380596,409705,"E92000001","E19000001","E18000002","","E08000002","E05000682"
"BL9 9JQ",10,380724,409758,"E92000001","E19000001","E18000002","","E08000002","E05000682"
"BL9 9JR",10,381297,409959,"E92000001","E19000001","E18000002","","E08000002","E05000682"
"BL9 9JS",10,380364,409093,"E92000001","E19000001","E18000002","","E08000002","E05000682"
"BL9 9JT",10,379745,409369,"E92000001","E19000001","E18000002","","E08000002","E05000682"
"BL9 9JU",10,380163,409608,"E92000001","E19000001","E18000002","","E08000002","E05000682"
"BL9 9JW",10,380795,409776,"E92000001","E19000001","E18000002","","E08000002","E05000682"
"BL9 9JX",10,380182,409722,"E92000001","E19000001","E18000002","","E08000002","E05000682"
"BL9 9JY",10,380132,409524,"E92000001","E19000001","E18000002","","E08000002","E05000682"
"BL9 9JZ",10,380139,409467,"E92000001","E19000001","E18000002","","E08000002","E05000682"
"BL9 9LA",10,380041,409502,"E92000001","E19000001","E18000002","","E08000002","E05000682"
"BL9 9LB",10,380041,409451,"E92000001","E19000001","E18000002","","E08000002","E05000682"
"BL9 9LD",10,380030,409379,"E92000001","E19000001","E18000002","","E08000002","E05000682"
"BL9 9LE",10,380190,409433,"E92000001","E19000001","E18000002","","E08000002","E05000682"
"BL9 9LF",10,380163,409316,"E92000001","E19000001","E18000002","","E08000002","E05000682"
"BL9 9LG",10,380102,409304,"E92000001","E19000001","E18000002","","E08000002","E05000682"
"BL9 9LJ",10,379971,409292,"E92000001","E19000001","E18000002","","E08000002","E05000682"
"BL9 9LL",10,380037,409304,"E92000001","E19000001","E18000002","","E08000002","E05000682"
"BL9 9LN",10,379849,409239,"E92000001","E19000001","E18000002","","E08000002","E05000682"
"BL9 9LP",10,379880,409203,"E92000001","E19000001","E18000002","","E08000002","E05000682"
"BL9 9LQ",10,380099,409401,"E92000001","E19000001","E18000002","","E08000002","E05000682"
"BL9 9LR",10,379834,409167,"E92000001","E19000001","E18000002","","E08000002","E05000682"
"BL9 9LS",10,379946,409138,"E92000001","E19000001","E18000002","","E08000002","E05000682"
"BL9 9LT",10,379942,409071,"E92000001","E19000001","E18000002","","E08000002","E05000682"
"BL9 9LU",10,379816,409093,"E92000001","E19000001","E18000002","","E08000002","E05000682"
"BL9 9LW",10,379907,409224,"E92000001","E19000001","E18000002","","E08000002","E05000682"
"BL9 9LX",10,379775,409106,"E92000001","E19000001","E18000002","","E08000002","E05000682"
"BL9 9LY",10,379762,409115,"E92000001","E19000001","E18000002","","E08000002","E05000682"
"BL9 9LZ",10,379767,409233,"E92000001","E19000001","E18000002","","E08000002","E05000682"
"BL9 9NA",10,379610,409317,"E92000001","E19000001","E18000002","","E08000002","E05000682"
"BL9 9NB",10,379647,409143,"E92000001","E19000001","E18000002","","E08000002","E05000682"
"BL9 9ND",10,379571,409358,"E92000001","E19000001","E18000002","","E08000002","E05000682"
"BL9 9NE",10,379715,409265,"E92000001","E19000001","E18000002","","E08000002","E05000682"
"BL9 9NF",10,379714,409233,"E92000001","E19000001","E18000002","","E08000002","E05000682"
"BL9 9NG",10,379613,409287,"E92000001","E19000001","E18000002","","E08000002","E05000682"
"BL9 9NH",10,379733,409617,"E92000001","E19000001","E18000002","","E08000002","E05000682"
"BL9 9NL",10,379700,409362,"E92000001","E19000001","E18000002","","E08000002","E05000682"
"BL9 9NN",10,379772,409398,"E92000001","E19000001","E18000002","","E08000002","E05000682"
"BL9 9NQ",10,379636,409307,"E92000001","E19000001","E18000002","","E08000002","E05000682"
"BL9 9NR",10,380398,409078,"E92000001","E19000001","E18000002","","E08000002","E05000682"
"BL9 9NS",10,380456,408849,"E92000001","E19000001","E18000002","","E08000002","E05000682"
"BL9 9NT",10,379749,409449,"E92000001","E19000001","E18000002","","E08000002","E05000682"
"BL9 9NU",10,379647,409401,"E92000001","E19000001","E18000002","","E08000002","E05000682"
"BL9 9NW",10,379644,409470,"E92000001","E19000001","E18000002","","E08000002","E05000682"
"BL9 9NY",10,380501,408659,"E92000001","E19000001","E18000002","","E08000002","E05000682"
"BL9 9NZ",10,380529,408505,"E92000001","E19000001","E18000002","","E08000002","E05000682"
"BL9 9PA",10,380557,408376,"E92000001","E19000001","E18000002","","E08000002","E05000682"
"BL9 9PB",10,380529,408378,"E92000001","E19000001","E18000002","","E08000002","E05000682"
"BL9 9PD",10,380483,408438,"E92000001","E19000001","E18000002","","E08000002","E05000682"
"BL9 9PE",10,380427,408542,"E92000001","E19000001","E18000002","","E08000002","E05000682"
"BL9 9PG",10,380477,408644,"E92000001","E19000001","E18000002","","E08000002","E05000682"
"BL9 9PH",10,379847,409394,"E92000001","E19000001","E18000002","","E08000002","E05000682"
"BL9 9PJ",10,380435,408464,"E92000001","E19000001","E18000002","","E08000002","E05000682"
"BL9 9PL",10,380234,408841,"E92000001","E19000001","E18000002","","E08000002","E05000682"
"BL9 9PN",10,380119,408961,"E92000001","E19000001","E18000002","","E08000002","E05000682"
"BL9 9PP",10,379991,409176,"E92000001","E19000001","E18000002","","E08000002","E05000682"
"BL9 9PQ",10,380488,408592,"E92000001","E19000001","E18000002","","E08000002","E05000682"
"BL9 9PR",10,380061,409160,"E92000001","E19000001","E18000002","","E08000002","E05000682"
"BL9 9PS",10,380055,409250,"E92000001","E19000001","E18000002","","E08000002","E05000682"
"BL9 9PT",10,380172,409198,"E92000001","E19000001","E18000002","","E08000002","E05000682"
"BL9 9PU",10,380272,409184,"E92000001","E19000001","E18000002","","E08000002","E05000682"
"BL9 9PW",10,380115,409062,"E92000001","E19000001","E18000002","","E08000002","E05000682"
"BL9 9PX",10,380109,409135,"E92000001","E19000001","E18000002","","E08000002","E05000682"
"BL9 9PY",10,380173,409017,"E92000001","E19000001","E18000002","","E08000002","E05000682"
"BL9 9PZ",10,380179,409164,"E92000001","E19000001","E18000002","","E08000002","E05000682"
"BL9 9QA",10,380247,408983,"E92000001","E19000001","E18000002","","E08000002","E05000682"
"BL9 9QB",10,380273,408955,"E92000001","E19000001","E18000002","","E08000002","E05000682"
"BL9 9QD",10,380324,409168,"E92000001","E19000001","E18000002","","E08000002","E05000682"
"BL9 9QE",10,380239,409014,"E92000001","E19000001","E18000002","","E08000002","E05000682"
"BL9 9QF",10,380288,409045,"E92000001","E19000001","E18000002","","E08000002","E05000682"
"BL9 9QG",10,380202,409103,"E92000001","E19000001","E18000002","","E08000002","E05000682"
"BL9 9QH",10,380380,409142,"E92000001","E19000001","E18000002","","E08000002","E05000682"
"BL9 9QJ",10,380288,409130,"E92000001","E19000001","E18000002","","E08000002","E05000682"
"BL9 9QL",10,380179,408472,"E92000001","E19000001","E18000002","","E08000002","E05000682"
"BL9 9QN",10,380529,409087,"E92000001","E19000001","E18000002","","E08000002","E05000682"
"BL9 9QP",10,380372,408453,"E92000001","E19000001","E18000002","","E08000002","E05000682"
"BL9 9QQ",10,380255,409144,"E92000001","E19000001","E18000002","","E08000002","E05000682"
"BL9 9QR",10,380483,409239,"E92000001","E19000001","E18000002","","E08000002","E05000682"
"BL9 9QS",10,380489,409080,"E92000001","E19000001","E18000002","","E08000002","E05000682"
"BL9 9QT",10,380512,409190,"E92000001","E19000001","E18000002","","E08000002","E05000682"
"BL9 9QU",10,380510,408821,"E92000001","E19000001","E18000002","","E08000002","E05000682"
"BL9 9QX",10,380575,408813,"E92000001","E19000001","E18000002","","E08000002","E05000682"
"BL9 9QY",10,380579,408900,"E92000001","E19000001","E18000002","","E08000002","E05000682"
"BL9 9QZ",10,380491,408926,"E92000001","E19000001","E18000002","","E08000002","E05000682"
"BL9 9RA",10,380572,408993,"E92000001","E19000001","E18000002","","E08000002","E05000682"
"BL9 9RB",10,380649,408959,"E92000001","E19000001","E18000002","","E08000002","E05000682"
"BL9 9RD",10,380629,409086,"E92000001","E19000001","E18000002","","E08000002","E05000682"
"BL9 9RE",10,380667,408863,"E92000001","E19000001","E18000002","","E08000002","E05000682"
"BL9 9RF",10,380668,408778,"E92000001","E19000001","E18000002","","E08000002","E05000682"
"BL9 9RG",10,380896,408835,"E92000001","E19000001","E18000002","","E08000002","E05000682"
"BL9 9RH",10,380808,408898,"E92000001","E19000001","E18000002","","E08000002","E05000682"
"BL9 9RJ",10,380864,408920,"E92000001","E19000001","E18000002","","E08000002","E05000682"
"BL9 9RL",10,381021,409392,"E92000001","E19000001","E18000002","","E08000002","E05000682"
"BL9 9RN",10,380915,408939,"E92000001","E19000001","E18000002","","E08000002","E05000682"
"BL9 9RQ",10,380768,408817,"E92000001","E19000001","E18000002","","E08000002","E05000682"
"BL9 9RR",10,381113,408765,"E92000001","E19000001","E18000002","","E08000002","E05000682"
"BL9 9RS",10,380840,408829,"E92000001","E19000001","E18000002","","E08000002","E05000682"
"BL9 9RT",10,380690,408740,"E92000001","E19000001","E18000002","","E08000002","E05000682"
"BL9 9RW",10,380746,408929,"E92000001","E19000001","E18000002","","E08000002","E05000682"
"BL9 9RX",10,380617,408736,"E92000001","E19000001","E18000002","","E08000002","E05000682"
"BL9 9RY",10,380546,408692,"E92000001","E19000001","E18000002","","E08000002","E05000682"
"BL9 9RZ",10,380589,409244,"E92000001","E19000001","E18000002","","E08000002","E05000682"
"BL9 9SA",10,380636,409202,"E92000001","E19000001","E18000002","","E08000002","E05000682"
"BL9 9SB",10,380963,408904,"E92000001","E19000001","E18000002","","E08000002","E05000682"
"BL9 9SD",10,380598,408616,"E92000001","E19000001","E18000002","","E08000002","E05000682"
"BL9 9SF",10,380309,408878,"E92000001","E19000001","E18000002","","E08000002","E05000682"
"BL9 9SG",10,380315,408904,"E92000001","E19000001","E18000002","","E08000002","E05000682"
"BL9 9SH",10,380604,408425,"E92000001","E19000001","E18000002","","E08000002","E05000682"
"BL9 9SJ",10,379921,409109,"E92000001","E19000001","E18000002","","E08000002","E05000682"
"BL9 9SL",10,380781,408059,"E92000001","E19000001","E18000002","","E08000002","E05000682"
"BL9 9SN",10,380782,407956,"E92000001","E19000001","E18000002","","E08000002","E05000682"
"BL9 9SP",10,380762,408019,"E92000001","E19000001","E18000002","","E08000002","E05000682"
"BL9 9SQ",10,380362,408837,"E92000001","E19000001","E18000002","","E08000002","E05000682"
"BL9 9SS",10,380705,407929,"E92000001","E19000001","E18000002","","E08000002","E05000682"
"BL9 9ST",10,380665,408134,"E92000001","E19000001","E18000002","","E08000002","E05000682"
"BL9 9SU",10,380624,408105,"E92000001","E19000001","E18000002","","E08000002","E05000682"
"BL9 9SW",10,380540,408262,"E92000001","E19000001","E18000002","","E08000002","E05000682"
"BL9 9SX",10,380582,408079,"E92000001","E19000001","E18000002","","E08000002","E05000682"
"BL9 9SZ",10,380515,408014,"E92000001","E19000001","E18000002","","E08000002","E05000682"
"BL9 9TA",10,380614,407657,"E92000001","E19000001","E18000002","","E08000002","E05000682"
"BL9 9TB",10,379624,409165,"E92000001","E19000001","E18000002","","E08000002","E05000682"
"BL9 9TD",10,380764,407787,"E92000001","E19000001","E18000002","","E08000002","E05000686"
"BL9 9TE",10,380589,407911,"E92000001","E19000001","E18000002","","E08000002","E05000682"
"BL9 9TF",10,380581,407971,"E92000001","E19000001","E18000002","","E08000002","E05000682"
"BL9 9TG",10,380628,407896,"E92000001","E19000001","E18000002","","E08000002","E05000682"
"BL9 9TH",10,380851,407772,"E92000001","E19000001","E18000002","","E08000002","E05000686"
"BL9 9TJ",10,380978,407654,"E92000001","E19000001","E18000002","","E08000002","E05000686"
"BL9 9TL",10,380787,407747,"E92000001","E19000001","E18000002","","E08000002","E05000686"
"BL9 9TN",10,380746,407463,"E92000001","E19000001","E18000002","","E08000002","E05000677"
"BL9 9TP",10,380878,407498,"E92000001","E19000001","E18000002","","E08000002","E05000686"
"BL9 9TQ",10,380664,407919,"E92000001","E19000001","E18000002","","E08000002","E05000682"
"BL9 9TR",10,380789,407632,"E92000001","E19000001","E18000002","","E08000002","E05000677"
"BL9 9TS",10,380714,408219,"E92000001","E19000001","E18000002","","E08000002","E05000682"
"BL9 9TT",10,380727,408336,"E92000001","E19000001","E18000002","","E08000002","E05000682"
"BL9 9TU",10,380680,408422,"E92000001","E19000001","E18000002","","E08000002","E05000682"
"BL9 9TW",10,380759,407518,"E92000001","E19000001","E18000002","","E08000002","E05000677"
"BL9 9TX",10,380663,408472,"E92000001","E19000001","E18000002","","E08000002","E05000682"
"BL9 9TY",10,380759,408514,"E92000001","E19000001","E18000002","","E08000002","E05000682"
"BL9 9TZ",10,380644,408328,"E92000001","E19000001","E18000002","","E08000002","E05000682"
"BL9 9UA",10,380835,408289,"E92000001","E19000001","E18000002","","E08000002","E05000682"
"BL9 9UD",10,380790,408188,"E92000001","E19000001","E18000002","","E08000002","E05000682"
"BL9 9UE",10,380076,408592,"E92000001","E19000001","E18000002","","E08000002","E05000682"
"BL9 9UF",10,379574,409486,"E92000001","E19000001","E18000002","","E08000002","E05000682"
"BL9 9UG",10,379580,409429,"E92000001","E19000001","E18000002","","E08000002","E05000682"
"BL9 9UH",10,379611,409483,"E92000001","E19000001","E18000002","","E08000002","E05000682"
"BL9 9UJ",10,379616,409522,"E92000001","E19000001","E18000002","","E08000002","E05000682"
"BL9 9US",10,380701,407981,"E92000001","E19000001","E18000002","","E08000002","E05000682"
"BL9 9UT",10,380020,408130,"E92000001","E19000001","E18000002","","E08000002","E05000678"
